1.0 0.0108845
2.0 0.013133725
3.0 0.01538673
4.0 0.017655327499999998
5.0 0.0199191325
6.0 0.02218459125
7.0 0.02448356375
8.0 0.026754557499999998
9.0 0.02902960125
10.0 0.031311057499999996
11.0 0.0336391225
12.0 0.03594231375
13.0 0.038265856249999994
14.0 0.04057961125
15.0 0.04289552625
16.0 0.045228383750000004
17.0 0.047551015
18.0 0.04993581375
19.0 0.05228163125
20.0 0.0546247825
21.0 0.0570023925
22.0 0.0593400425
23.0 0.06178349875
24.0 0.0641307
25.0 0.06649960249999999
26.0 0.0689047525
27.0 0.0712989675
28.0 0.07371755
29.0 0.0761434225
30.0 0.07855272375000001
31.0 0.08095989875
32.0 0.08342455
33.0 0.08580594
34.0 0.088310045
35.0 0.09068583250000001
36.0 0.09314197874999999
37.0 0.09566525375
38.0 0.09814526124999999
39.0 0.10063498875
40.0 0.10306032124999999
41.0 0.1055804575
42.0 0.10806319874999999
43.0 0.1105458725
44.0 0.11304127
45.0 0.11560447125000001
46.0 0.11804539625
47.0 0.120507685
48.0 0.1231861425
49.0 0.1257293975
50.0 0.12811966375
51.0 0.13077928875
52.0 0.13324282625
53.0 0.1358200675
54.0 0.1383020325
55.0 0.140833205
56.0 0.14329049875
57.0 0.14601478875
58.0 0.1485439025
59.0 0.15098465875
60.0 0.1534588275
61.0 0.15622523749999997
62.0 0.15874820874999998
63.0 0.16134948000000002
64.0 0.16392118625
65.0 0.16664281
66.0 0.16914630749999998
67.0 0.17166603875
68.0 0.17431860999999998
69.0 0.17686338375000002
70.0 0.17944059125
71.0 0.18207075250000002
72.0 0.18476065125
73.0 0.18741123125
74.0 0.1899972475
75.0 0.19250648250000002
76.0 0.19514028875
77.0 0.19774780374999998
78.0 0.20038134
79.0 0.2030954375
80.0 0.20544871374999998
81.0 0.20832224625
82.0 0.21078305
83.0 0.2135350825
84.0 0.21616062
85.0 0.21891700625000002
86.0 0.2214706225
87.0 0.224203755
88.0 0.226773335
89.0 0.2293990075
90.0 0.23206251375
91.0 0.23494870250000002
92.0 0.23757717625
93.0 0.23997645374999999
94.0 0.24266851250000002
95.0 0.2454025225
96.0 0.24797301375000003
97.0 0.25071377375
98.0 0.25359722875
99.0 0.25600356
100.0 0.25869872375
101.0 0.26137748499999996
102.0 0.26422391625
103.0 0.26692535749999996
104.0 0.26938913124999997
105.0 0.2722505475
106.0 0.2747616725
107.0 0.277454035
108.0 0.2802939525
109.0 0.28308381875
110.0 0.28567533624999997
111.0 0.2883495075
112.0 0.2908648175
113.0 0.29372549125
114.0 0.2964917325
115.0 0.29909104625
116.0 0.30173409999999995
117.0 0.30443031
118.0 0.30730468625
119.0 0.3097762225
120.0 0.31269410249999996
121.0 0.3154171775
122.0 0.31815297625
123.0 0.32092262624999995
124.0 0.32337765875
125.0 0.3262438675
126.0 0.32897784375
127.0 0.33162170750000003
128.0 0.33435426625
129.0 0.337105185
130.0 0.33997112375000005
131.0 0.34250168875
132.0 0.34527461249999997
133.0 0.34814591749999996
134.0 0.35065815625
135.0 0.35329537125000005
136.0 0.35610727625
137.0 0.35881003375
138.0 0.3616181925
139.0 0.36446178875
140.0 0.36700426750000004
141.0 0.36955126875
142.0 0.37246077875
143.0 0.37528081750000003
144.0 0.37803052125
145.0 0.38084222375
146.0 0.383405965
147.0 0.38624422875000003
148.0 0.38889602375
149.0 0.391600165
150.0 0.39433134000000003
151.0 0.39697139000000004
152.0 0.3998411425
153.0 0.40273131375
154.0 0.40519879999999997
155.0 0.4081734475
156.0 0.41086921875
157.0 0.41361976624999996
158.0 0.41628712
159.0 0.41909973375000004
160.0 0.42161713624999997
161.0 0.42452975125
162.0 0.42732066375
163.0 0.42996793625
164.0 0.43253593
165.0 0.4356357225
166.0 0.4384426325
167.0 0.44110505875
168.0 0.44378621625
169.0 0.4465133075
170.0 0.44926631875
171.0 0.45208112624999996
172.0 0.45482411375000004
173.0 0.4572588625
174.0 0.46014133875
175.0 0.4630603325
176.0 0.4657076725
177.0 0.46862072625
178.0 0.4713706325
179.0 0.47425209625
180.0 0.47661543
181.0 0.47939037874999996
182.0 0.48233293
183.0 0.48498590625
184.0 0.48787439
185.0 0.49031885875000003
186.0 0.49288492875
187.0 0.4961692325
188.0 0.49898188
189.0 0.50176560375
190.0 0.5041344050000001
191.0 0.50698981375
192.0 0.50981829
193.0 0.51270198125
194.0 0.5151646075
195.0 0.5180890349999999
196.0 0.520804685
197.0 0.52337629
198.0 0.526384755
199.0 0.5288725925000001
200.0 0.5316859150000001
201.0 0.53444844375
202.0 0.5374468512499999
203.0 0.5399750875
204.0 0.54295192875
205.0 0.54565769
206.0 0.54815865625
207.0 0.5511641850000001
208.0 0.55367230625
209.0 0.55655252125
210.0 0.5593642575
211.0 0.5619852049999999
212.0 0.5646826975
213.0 0.5676878212500001
214.0 0.57029486375
215.0 0.57295988875
216.0 0.5757626812500001
217.0 0.57849952625
218.0 0.5812031274999999
219.0 0.58423882875
220.0 0.5869855287500001
221.0 0.5895543325
222.0 0.59258794125
223.0 0.5951155699999999
224.0 0.597932605
225.0 0.6006487275000001
226.0 0.60340585625
227.0 0.6060863725000001
228.0 0.6089854875
229.0 0.61174099625
230.0 0.61437973
231.0 0.61702123125
232.0 0.6200468412500001
233.0 0.62249782375
234.0 0.625434165
235.0 0.62803412
236.0 0.63112301125
237.0 0.633481755
238.0 0.6366016962500001
239.0 0.63901454125
240.0 0.64177872375
241.0 0.64468587125
242.0 0.6472914962499999
243.0 0.6501268575
244.0 0.6529092987499999
245.0 0.65554752625
246.0 0.6585467775
247.0 0.6610330625
248.0 0.6640959325
249.0 0.6667955175
250.0 0.66917552375
251.0 0.67221740125
252.0 0.674765685
253.0 0.6774527825
254.0 0.6803343475
255.0 0.68305387875
256.0 0.6858381425
257.0 0.68861768125
258.0 0.6912475725
259.0 0.69389589125
260.0 0.69685258375
261.0 0.699365025
262.0 0.7021292075
263.0 0.704854375
264.0 0.70765780875
265.0 0.71061942875
266.0 0.71338529875
267.0 0.71597803125
268.0 0.71870738375
269.0 0.7215316075
270.0 0.72434739375
271.0 0.726756425
272.0 0.7297812925
273.0 0.73246471125
274.0 0.73514208875
275.0 0.7378060675
276.0 0.7407701175000001
277.0 0.74329862375
278.0 0.7462015862500001
279.0 0.7488511537500001
280.0 0.751844465
281.0 0.75437854
282.0 0.7571114025
283.0 0.7597768325
284.0 0.7625745287500001
285.0 0.76546432875
286.0 0.7681148074999999
287.0 0.7707127375
288.0 0.77334694875
289.0 0.77636979125
290.0 0.77902914625
291.0 0.78178421625
292.0 0.78421204625
293.0 0.7872609775
294.0 0.789640005
295.0 0.792553835
296.0 0.79552655875
297.0 0.79800818625
298.0 0.80085242375
299.0 0.80369807875
300.0 0.80626354125
301.0 0.8091733212500001
302.0 0.8112663512499999
303.0 0.8145855862500001
304.0 0.81738173
305.0 0.81979525
306.0 0.8226499162500001
307.0 0.8254895637499999
308.0 0.8281422700000001
309.0 0.830827275
310.0 0.8336418462499999
311.0 0.83627359375
312.0 0.83872579125
313.0 0.8420274425000001
314.0 0.84439097875
315.0 0.84708759375
316.0 0.849858695
317.0 0.852637795
318.0 0.85554092625
319.0 0.8582520537499999
320.0 0.8610260912500001
321.0 0.86375055
322.0 0.86621871125
323.0 0.8691793525
324.0 0.87157123875
325.0 0.87459482375
326.0 0.87700287625
327.0 0.87984934125
328.0 0.8823798725
329.0 0.88524311125
330.0 0.8879409075
331.0 0.890745995
332.0 0.8935348824999999
333.0 0.896084955
334.0 0.89891613125
335.0 0.9014817625
336.0 0.9042721012499999
337.0 0.9069325024999999
338.0 0.9098584825
339.0 0.91248169125
340.0 0.915162545
341.0 0.917962975
342.0 0.92051881875
343.0 0.9235772
344.0 0.9260235250000001
345.0 0.928768335
346.0 0.9315917825
347.0 0.9339167425
348.0 0.93667562625
349.0 0.9396536825
350.0 0.94228350625
351.0 0.9448299
352.0 0.9478170687499999
353.0 0.950461135
354.0 0.95330911875
355.0 0.95572527125
356.0 0.9587465949999999
357.0 0.96127901625
358.0 0.9638348937500001
359.0 0.966909205
360.0 0.96957554625
361.0 0.9721448225
362.0 0.97462648375
363.0 0.9777786225
364.0 0.980172095
365.0 0.98278744
366.0 0.9855732225
367.0 0.988189175
368.0 0.9911315575
369.0 0.9940288837500001
370.0 0.99627385625
371.0 0.9992640287500001
372.0 1.00203050625
373.0 1.0043759525
374.0 1.00719005125
375.0 1.00997117625
376.0 1.01252982125
377.0 1.0153145912500001
378.0 1.01821539375
379.0 1.0208646575
380.0 1.0236063625
381.0 1.0259133675
382.0 1.0287248675
383.0 1.03168118875
384.0 1.0340921775
385.0 1.0368511624999999
386.0 1.0395358975
387.0 1.04209569
388.0 1.0450908575
389.0 1.04760113875
390.0 1.05004989375
391.0 1.05280925
392.0 1.05556084375
393.0 1.05852675
394.0 1.06106025125
395.0 1.0640744537500002
396.0 1.06684299
397.0 1.06923788
398.0 1.07199764125
399.0 1.0745854799999999
400.0 1.07731142375
401.0 1.08008347
402.0 1.08285281625
403.0 1.08547585625
404.0 1.0882540112499999
405.0 1.09104013125
406.0 1.0937465337499999
407.0 1.0961993725
408.0 1.09915319625
409.0 1.1017890275000002
410.0 1.10446272625
411.0 1.10722157625
412.0 1.109755145
413.0 1.11198651625
414.0 1.11490756875
415.0 1.11761761625
416.0 1.12040083375
417.0 1.12301044125
418.0 1.125709115
419.0 1.1286046187499998
420.0 1.13112647625
421.0 1.1339480675
422.0 1.1363457925
423.0 1.13916718125
424.0 1.1414646687499999
425.0 1.14431147125
426.0 1.14725486625
427.0 1.1501791924999998
428.0 1.1526039175
429.0 1.1549534137500002
430.0 1.1581877675
431.0 1.1606954837499999
432.0 1.1632079924999998
433.0 1.1660123037499999
434.0 1.168604935
435.0 1.1710144387499999
436.0 1.17414167
437.0 1.1766781075
438.0 1.179287175
439.0 1.18227515375
440.0 1.18453875625
441.0 1.187553735
442.0 1.1901429575
443.0 1.193146225
444.0 1.19577247125
445.0 1.1984400275
446.0 1.2011921612499998
447.0 1.2035099325
448.0 1.20618491375
449.0 1.20891305125
450.0 1.211586345
451.0 1.2143817124999998
452.0 1.2167818675
453.0 1.21969471875
454.0 1.22237965625
455.0 1.22497249
456.0 1.2272211075
457.0 1.23054037625
458.0 1.2328732
459.0 1.23593704875
460.0 1.2383091237500001
461.0 1.24094404375
462.0 1.2436607737499998
463.0 1.246306865
464.0 1.2488867725
465.0 1.2515295225
466.0 1.25432327
467.0 1.2571468187500001
468.0 1.2595638487499998
469.0 1.2623236775
470.0 1.26530045125
471.0 1.2678118125
472.0 1.27057683875
473.0 1.2730944775
474.0 1.27570432125
475.0 1.27808409125
476.0 1.28115209125
477.0 1.28381394375
478.0 1.2863524737499998
479.0 1.2892540525
480.0 1.2921161775
481.0 1.2946859262500001
482.0 1.29716336875
483.0 1.29964870875
484.0 1.3022422175000001
485.0 1.3049972875
486.0 1.30772640375
487.0 1.310587685
488.0 1.3129097425
489.0 1.3160120325
490.0 1.31826804125
491.0 1.32131275375
492.0 1.3237919175
493.0 1.32666231125
494.0 1.3288383325
495.0 1.3315210425
496.0 1.33465839875
497.0 1.33711754875
498.0 1.33970184375
499.0 1.34237885
500.0 1.3447650325
501.0 1.34747815125
502.0 1.35012164375
503.0 1.3529782675000002
504.0 1.355669145
505.0 1.3584674824999998
506.0 1.3606773887499999
507.0 1.36358217375
508.0 1.3662955962499999
509.0 1.368852115
510.0 1.37142993
511.0 1.37431490375
512.0 1.3772032862499999
513.0 1.37968774875
514.0 1.38236566625
515.0 1.38495499
516.0 1.38777016875
517.0 1.3901281699999999
518.0 1.39258829875
519.0 1.3955999025
520.0 1.39808466875
521.0 1.4007354175
522.0 1.4034436425
523.0 1.4059102849999998
524.0 1.4088937075
525.0 1.4114269050000001
526.0 1.41424464875
527.0 1.41701038375
528.0 1.41919372875
529.0 1.4224028375
530.0 1.42465796875
531.0 1.4274506025
532.0 1.4299803574999999
533.0 1.4330789350000002
534.0 1.43513808
535.0 1.4382103662499999
536.0 1.44066296875
537.0 1.443575685
538.0 1.44604060625
539.0 1.44851008375
540.0 1.4510450025
541.0 1.454181515
542.0 1.4564151475
543.0 1.4596076175
544.0 1.46205525875
545.0 1.46436334375
546.0 1.466962995
547.0 1.46991195875
548.0 1.47229220125
549.0 1.4755682024999999
550.0 1.47784203125
551.0 1.48054809625
552.0 1.482878625
553.0 1.4855835425
554.0 1.4881004387499999
555.0 1.4905118325
556.0 1.493896205
557.0 1.49648903875
558.0 1.4989653
559.0 1.50144338375
560.0 1.5039873474999998
561.0 1.50705598875
562.0 1.5097164575
563.0 1.51227243625
564.0 1.5148465725
565.0 1.51765311125
566.0 1.52014277125
567.0 1.52279773875
568.0 1.525625
569.0 1.5286961725000001
570.0 1.5305984137500002
571.0 1.53343286375
572.0 1.53590855125
573.0 1.53879531375
574.0 1.5414486275
575.0 1.5441022450000002
576.0 1.54666220625
577.0 1.5490026575
578.0 1.55226583375
579.0 1.5546268725
580.0 1.5568690774999998
581.0 1.55993360125
582.0 1.5621482662500001
583.0 1.5651470787500001
584.0 1.56792331
585.0 1.57011462
586.0 1.5733589975
587.0 1.57551308125
588.0 1.578358635
589.0 1.58082720125
590.0 1.5835789975
591.0 1.58669542875
592.0 1.58895349625
593.0 1.5919099187499999
594.0 1.5939673087500001
595.0 1.5964679712499998
596.0 1.5995658400000001
597.0 1.60229212125
598.0 1.6046992625
599.0 1.6074664825
600.0 1.6100482125
601.0 1.6122150874999999
602.0 1.6155779950000002
603.0 1.6180306312500001
604.0 1.6204522849999998
605.0 1.62352821625
606.0 1.62583346625
607.0 1.6288310637499999
608.0 1.6314387475
609.0 1.6341744112499998
610.0 1.636445675
611.0 1.639059805
612.0 1.6419835575000001
613.0 1.644487595
614.0 1.6473379074999999
615.0 1.64989861125
616.0 1.6523494925
617.0 1.6548752987500002
618.0 1.65750596625
619.0 1.65991293875
620.0 1.66291728625
621.0 1.665393345
622.0 1.66754911625
623.0 1.6707483025
624.0 1.6732897012499999
625.0 1.6759051475
626.0 1.67866474
627.0 1.68132635625
628.0 1.6841053212500001
629.0 1.6863654475
630.0 1.68889219875
631.0 1.69171841375
632.0 1.694582395
633.0 1.69708045875
634.0 1.69955493125
635.0 1.702691545
636.0 1.7049564975
637.0 1.70789830625
638.0 1.71018789625
639.0 1.71293959125
640.0 1.7158420475
641.0 1.71796683625
642.0 1.72073756625
643.0 1.7232820025
644.0 1.726432825
645.0 1.72881111
646.0 1.7314128874999999
647.0 1.7339787549999999
648.0 1.7360644950000002
649.0 1.7392967562500001
650.0 1.7417628587499998
651.0 1.744360755
652.0 1.746995945
653.0 1.74965276875
654.0 1.75248850125
655.0 1.754774615
656.0 1.75783340125
657.0 1.7603849925
658.0 1.76284728125
659.0 1.76522833375
660.0 1.7685316387499999
661.0 1.7713553899999999
662.0 1.7733999212499998
663.0 1.7759940375
664.0 1.77918293
665.0 1.78142446
666.0 1.78343838
667.0 1.78695650375
668.0 1.789579915
669.0 1.79172866625
670.0 1.7940136325
671.0 1.7961743987499998
672.0 1.79949343125
673.0 1.80160637375
674.0 1.8045077837499999
675.0 1.807205175
676.0 1.8103041575
677.0 1.8130129562500001
678.0 1.815280575
679.0 1.8176550125
680.0 1.8207784299999998
681.0 1.82294547375
682.0 1.8259241712499998
683.0 1.82866969
684.0 1.8310014675
685.0 1.83347590625
686.0 1.83656908375
687.0 1.83863450625
688.0 1.84182353375
689.0 1.8441679675
690.0 1.84683066375
691.0 1.84928303
692.0 1.85274766
693.0 1.85478827625
694.0 1.85753895875
695.0 1.85998501375
696.0 1.8629796412500002
697.0 1.86549954125
698.0 1.867895815
699.0 1.870629015
700.0 1.8727806012500001
701.0 1.8756787375000001
702.0 1.8777607649999999
703.0 1.88098816625
704.0 1.88432900125
705.0 1.88590815375
706.0 1.88888955125
707.0 1.89102753625
708.0 1.894180215
709.0 1.8970208075000001
710.0 1.8992599075
711.0 1.90195999875
712.0 1.904459345
713.0 1.90741424875
714.0 1.90929823125
715.0 1.9127680249999999
716.0 1.9147574762500001
717.0 1.91761163625
718.0 1.9203979924999999
719.0 1.92275947
720.0 1.92523289625
721.0 1.9277210712500001
722.0 1.9303165375
723.0 1.9328584425
724.0 1.9360333625000001
725.0 1.9382387462500001
726.0 1.9411715774999998
727.0 1.9437488525
728.0 1.94607128125
729.0 1.9492253775
730.0 1.95143417
731.0 1.9539027025
732.0 1.9567722862499999
733.0 1.9594682937499999
734.0 1.9612941924999998
735.0 1.96450424625
736.0 1.96704189875
737.0 1.96933645
738.0 1.9720629337500002
739.0 1.97449123625
740.0 1.977458425
741.0 1.97964281625
742.0 1.982970995
743.0 1.9851422575000002
744.0 1.9877292524999999
745.0 1.9907798374999999
746.0 1.9932094225
747.0 1.9967867099999999
748.0 1.9980530675
749.0 2.0011364575
750.0 2.0036884875
751.0 2.00559218
752.0 2.00847249625
753.0 2.01132699375
754.0 2.0143239837499998
755.0 2.0164146512500003
756.0 2.01897025875
757.0 2.02167416375
758.0 2.02461931375
759.0 2.02665804
760.0 2.02938857375
761.0 2.032978315
762.0 2.03453121
763.0 2.03734112375
764.0 2.0394636175
765.0 2.0426940225
766.0 2.04518132
767.0 2.048056
768.0 2.0510499862500002
769.0 2.05191195125
770.0 2.055229465
771.0 2.0582665162500002
772.0 2.0605331225
773.0 2.0634295375000002
774.0 2.0666602125
775.0 2.06768974625
776.0 2.070819475
777.0 2.073461415
778.0 2.07598074125
779.0 2.0775371125
780.0 2.08082323875
781.0 2.08453556
782.0 2.08718101
783.0 2.08941471
784.0 2.0917603925
785.0 2.0944972375
786.0 2.09637366
787.0 2.09905583
788.0 2.101213795
789.0 2.1046309049999996
790.0 2.1070066924999997
791.0 2.109504925
792.0 2.1123805499999997
793.0 2.115253205
794.0 2.117220685
795.0 2.1203056275
796.0 2.12228380625
797.0 2.1259614325
798.0 2.12852551125
799.0 2.13080801375
800.0 2.1338089525
801.0 2.1356058937499998
802.0 2.13824580875
803.0 2.1411424599999997
804.0 2.1425280225
805.0 2.14606970375
806.0 2.14857893875
807.0 2.15142621375
808.0 2.15342973875
809.0 2.15621477875
810.0 2.1595048537499997
811.0 2.1617710212500003
812.0 2.164247215
813.0 2.1665775750000003
814.0 2.16839091875
815.0 2.1707473675
816.0 2.17464349125
817.0 2.1772484750000003
818.0 2.1800008450000004
819.0 2.1821923575
820.0 2.1849032825
821.0 2.1874216974999996
822.0 2.1901378537499996
823.0 2.19273348875
824.0 2.195154265
825.0 2.19818186625
826.0 2.20006584875
827.0 2.20298923
828.0 2.20609614375
829.0 2.20807705625
830.0 2.21028490375
831.0 2.2129354162499997
832.0 2.2149644562499997
833.0 2.2182409300000003
834.0 2.2212329587500004
835.0 2.22209100875
836.0 2.2251308275
837.0 2.2287298837500003
838.0 2.2309860274999997
839.0 2.2334353224999997
840.0 2.2358264325
841.0 2.23850661125
842.0 2.24188436875
843.0 2.2437897149999997
844.0 2.2475173925000003
845.0 2.2493748137500003
846.0 2.25077455125
847.0 2.25469082375
848.0 2.25598894
849.0 2.2589867737500002
850.0 2.26152041
851.0 2.2641791575
852.0 2.26696834875
853.0 2.26986246875
854.0 2.2727509525
855.0 2.2754454075000003
856.0 2.27695166
857.0 2.2797097337500003
858.0 2.2824719587500004
859.0 2.28389279
860.0 2.28679990375
861.0 2.2893607425
862.0 2.292935465
863.0 2.29505127625
864.0 2.29843436625
865.0 2.3003744075
866.0 2.30264884375
867.0 2.3051775525
868.0 2.3082846687500003
869.0 2.3109104762499997
870.0 2.31345514875
871.0 2.3156948225
872.0 2.3181199525
873.0 2.32126824375
874.0 2.32374372875
875.0 2.325701455
876.0 2.3289647325
877.0 2.3317581087500003
878.0 2.3339446600000002
879.0 2.3358861862499998
880.0 2.33870868875
881.0 2.3411199812500003
882.0 2.3438532825
883.0 2.34705246875
884.0 2.3493768887499997
885.0 2.35169597625
886.0 2.3547709962499996
887.0 2.35775252875
888.0 2.3594139637500002
889.0 2.36211381875
890.0 2.36373833125
891.0 2.3664906675
892.0 2.3704591175000003
893.0 2.3725440812499996
894.0 2.3742315037500004
895.0 2.3774138825
896.0 2.3796339475
897.0 2.38272699
898.0 2.38407100625
899.0 2.3879016212499997
900.0 2.38943966625
901.0 2.392446815
902.0 2.3958431687500004
903.0 2.3981078174999997
904.0 2.4003160025
905.0 2.4029491000000003
906.0 2.40560187375
907.0 2.40784225625
908.0 2.4104035675
909.0 2.4122606175000003
910.0 2.41523972
911.0 2.4187362775
912.0 2.4209859075000004
913.0 2.42349537875
914.0 2.426407825
915.0 2.42935527
916.0 2.43119959625
917.0 2.4338248300000003
918.0 2.4361265025
919.0 2.438138735
920.0 2.4415238500000003
921.0 2.4437450625
922.0 2.44606901
923.0 2.44899536125
924.0 2.4518312625000003
925.0 2.45429861375
926.0 2.45612724625
927.0 2.46044399625
928.0 2.46105729125
929.0 2.4640686924999997
930.0 2.4672005475
931.0 2.4684139175
932.0 2.4730197025000002
933.0 2.4749357475
934.0 2.47643082875
935.0 2.4798015325000002
936.0 2.48286328875
937.0 2.4841842875
938.0 2.48848055125
939.0 2.490206415
940.0 2.49245888
941.0 2.494404895
942.0 2.49803085
943.0 2.5003547975
944.0 2.5035969474999997
945.0 2.50654651875
946.0 2.50797275
947.0 2.5105907949999997
948.0 2.5123197975
949.0 2.5153971800000003
950.0 2.5182223825
951.0 2.5200532425
952.0 2.52211316375
953.0 2.5259532287499997
954.0 2.5276157775
955.0 2.531462255
956.0 2.53399096375
957.0 2.5358524350000002
958.0 2.53817891375
959.0 2.5416777324999997
960.0 2.544240765
961.0 2.545395815
962.0 2.5487360425
963.0 2.5507262025
964.0 2.5541041625000003
965.0 2.55654741625
966.0 2.5583154
967.0 2.5608820437500004
968.0 2.564341375
969.0 2.56686434625
970.0 2.5691922425000002
971.0 2.5713653612500003
972.0 2.57378475375
973.0 2.5768519100000002
974.0 2.5797686087500002
975.0 2.582659455
976.0 2.5849989275
977.0 2.58812501125
978.0 2.58936382875
979.0 2.5922164362499998
980.0 2.59481359
981.0 2.5965670275
982.0 2.59945665875
983.0 2.6020245175
984.0 2.6060545950000003
985.0 2.60823372125
986.0 2.6108700925
987.0 2.612741925
988.0 2.6156015187499997
989.0 2.6180976924999997
990.0 2.62157234625
991.0 2.62190879
992.0 2.62616914375
993.0 2.62925979
994.0 2.6307772475
995.0 2.6332989700000002
996.0 2.63526655125
997.0 2.6377765625
998.0 2.64164487625
999.0 2.6438935612499996
1000.0 2.646824705
