1.0 0.0108845
2.0 0.01313467
3.0 0.01539027375
4.0 0.017648813750000002
5.0 0.01992125875
6.0 0.0221857725
7.0 0.0244642925
8.0 0.02675243125
9.0 0.02904435
10.0 0.031319900000000005
11.0 0.03362785
12.0 0.03592017375
13.0 0.03827112125
14.0 0.04054981
15.0 0.042878448750000006
16.0 0.0452412425
17.0 0.047603361250000004
18.0 0.04991090625
19.0 0.05222702375
20.0 0.0546328825
21.0 0.056941541250000005
22.0 0.059352563750000004
23.0 0.061765105
24.0 0.06414538125
25.0 0.06653379124999999
26.0 0.06888797875
27.0 0.07130730375000001
28.0 0.0736906175
29.0 0.07610265249999999
30.0 0.0785203575
31.0 0.08092952375
32.0 0.0833365975
33.0 0.08589196875
34.0 0.08829009875
35.0 0.09078151375
36.0 0.09310411125
37.0 0.09566120375
38.0 0.0981618325
39.0 0.10057278750000001
40.0 0.10302566
41.0 0.1054890625
42.0 0.10803653625000001
43.0 0.11050895
44.0 0.11305736875
45.0 0.1155692025
46.0 0.11802224374999999
47.0 0.12052800250000001
48.0 0.122984115
49.0 0.12555626
50.0 0.12799944624999998
51.0 0.13057624875
52.0 0.13312773875
53.0 0.1356221575
54.0 0.13812265125
55.0 0.1407521375
56.0 0.14327902374999998
57.0 0.14599430249999998
58.0 0.14851001749999998
59.0 0.15097365625
60.0 0.15364796249999998
61.0 0.15617822375
62.0 0.15872552875
63.0 0.16130914875
64.0 0.1639466675
65.0 0.16644007375
66.0 0.16902268125
67.0 0.17144997125
68.0 0.1741560025
69.0 0.176874555
70.0 0.17943039875
71.0 0.18205296625
72.0 0.18454087125
73.0 0.18705739624999998
74.0 0.18977935750000002
75.0 0.19251711375
76.0 0.19514393375
77.0 0.19765917624999998
78.0 0.20018521875
79.0 0.2028799775
80.0 0.20563737625
81.0 0.20833277625
82.0 0.21070005875
83.0 0.21340119625
84.0 0.2159580525
85.0 0.21884457875
86.0 0.22143694
87.0 0.22416133124999998
88.0 0.22674133999999999
89.0 0.22942911249999998
90.0 0.23214459375
91.0 0.23468913125000002
92.0 0.23734085875000002
93.0 0.24002660625000002
94.0 0.24267745624999998
95.0 0.2454396475
96.0 0.24796390125
97.0 0.25069808
98.0 0.25328990125
99.0 0.25589431125
100.0 0.2587758425
101.0 0.2614473475
102.0 0.2639143275
103.0 0.26671215875
104.0 0.26940067375000004
105.0 0.2720070075
106.0 0.2746262
107.0 0.27738899875
108.0 0.28011612375
109.0 0.282764915
110.0 0.2855471875
111.0 0.28813489124999997
112.0 0.29089809499999997
113.0 0.2935745275
114.0 0.296470065
115.0 0.29901146375
116.0 0.301786885
117.0 0.30455224875000003
118.0 0.30697386875000005
119.0 0.30990173875000004
120.0 0.31267864500000003
121.0 0.31523
122.0 0.31775685249999996
123.0 0.32052606375
124.0 0.32339115875
125.0 0.32603239
126.0 0.328845645
127.0 0.33172623125
128.0 0.33411167125
129.0 0.336891885
130.0 0.33972896750000003
131.0 0.34239210249999996
132.0 0.3452260125
133.0 0.34789282625
134.0 0.35050621375
135.0 0.35336108250000003
136.0 0.3559183775
137.0 0.35874992499999997
138.0 0.36158127
139.0 0.36418665875
140.0 0.36700490875
141.0 0.3695043225
142.0 0.37231103000000004
143.0 0.37510508124999997
144.0 0.37785043125
145.0 0.38061987875
146.0 0.38326435
147.0 0.3859426725
148.0 0.38885478125
149.0 0.39158393125
150.0 0.39420940125
151.0 0.39700082000000003
152.0 0.39973229875
153.0 0.402597765
154.0 0.40514685875
155.0 0.40791212125000004
156.0 0.41076918375000004
157.0 0.41337831875
158.0 0.415985935
159.0 0.41897465625
160.0 0.4214272925
161.0 0.42464693125
162.0 0.42701002875
163.0 0.42987809375
164.0 0.43266877000000004
165.0 0.43552346999999997
166.0 0.43812642875
167.0 0.44091038875
168.0 0.44364750374999995
169.0 0.44643774125
170.0 0.4491892675
171.0 0.45183731624999995
172.0 0.4545564425
173.0 0.4574668975
174.0 0.4601876775
175.0 0.4628219225
176.0 0.46577253999999996
177.0 0.46828160625000004
178.0 0.4710971225
179.0 0.47383643125
180.0 0.47680665749999995
181.0 0.479393585
182.0 0.482121115
183.0 0.48516586125
184.0 0.48777648125
185.0 0.49035217
186.0 0.49322145
187.0 0.49583770625
188.0 0.49855953249999996
189.0 0.5013267525
190.0 0.50416852625
191.0 0.506921335
192.0 0.50964822375
193.0 0.5123188175
194.0 0.5150455374999999
195.0 0.51779571375
196.0 0.5206031975000001
197.0 0.52336984375
198.0 0.5261992312499999
199.0 0.5289510275
200.0 0.53153697625
201.0 0.53435914125
202.0 0.5371255174999999
203.0 0.5398272624999999
204.0 0.5426505749999999
205.0 0.5454310250000001
206.0 0.54810587125
207.0 0.55086964875
208.0 0.5539413275
209.0 0.55655738125
210.0 0.55927714875
211.0 0.5619145999999999
212.0 0.56447851
213.0 0.56733817125
214.0 0.5699704250000001
215.0 0.57295361125
216.0 0.5758358175
217.0 0.5782621962500001
218.0 0.58107308875
219.0 0.5839607625
220.0 0.58665538625
221.0 0.5896447487500001
222.0 0.59218597875
223.0 0.5948289649999999
224.0 0.5977268987500001
225.0 0.60016228875
226.0 0.60316613
227.0 0.606240745
228.0 0.60879496875
229.0 0.6116177075
230.0 0.6140030125
231.0 0.6170732737500001
232.0 0.6197323925
233.0 0.6225492925
234.0 0.6252247125
235.0 0.62822612375
236.0 0.63091058875
237.0 0.63343784625
238.0 0.6363716899999999
239.0 0.63916526875
240.0 0.6415144275
241.0 0.64454607875
242.0 0.64728697375
243.0 0.65010063375
244.0 0.65271503375
245.0 0.6555130675
246.0 0.65835204
247.0 0.6608548625
248.0 0.6637994725
249.0 0.6666501899999999
250.0 0.6691778525000001
251.0 0.6718947175000001
252.0 0.67493413125
253.0 0.67748339375
254.0 0.6803420425
255.0 0.68289370125
256.0 0.68560563875
257.0 0.68834903125
258.0 0.69098665125
259.0 0.6937926837499999
260.0 0.6966652375000001
261.0 0.699335865
262.0 0.70231911875
263.0 0.70493493625
264.0 0.70766833875
265.0 0.7104339725000001
266.0 0.7130342987499999
267.0 0.71596959375
268.0 0.7185804499999999
269.0 0.72132634
270.0 0.72367954875
271.0 0.7268473812499999
272.0 0.72958935625
273.0 0.7323615037500001
274.0 0.73525906625
275.0 0.73762216375
276.0 0.7403002837499999
277.0 0.74332164125
278.0 0.7459192
279.0 0.7485556725
280.0 0.7514990337499999
281.0 0.75432875875
282.0 0.7569144375
283.0 0.75963909875
284.0 0.7626261999999999
285.0 0.7654667924999999
286.0 0.76792817
287.0 0.7705808425
288.0 0.7733434725
289.0 0.776138975
290.0 0.7789799387499999
291.0 0.78149396625
292.0 0.78454823
293.0 0.7870456524999999
294.0 0.78951432
295.0 0.7927706112499999
296.0 0.79527728125
297.0 0.7977030862500001
298.0 0.8008425687499999
299.0 0.8035829575
300.0 0.80604733875
301.0 0.8089494912499999
302.0 0.811454845
303.0 0.81439041
304.0 0.8169534762499999
305.0 0.8196061825
306.0 0.82240840125
307.0 0.8252784575000001
308.0 0.8281466912500001
309.0 0.83077935
310.0 0.83361963875
311.0 0.83638388875
312.0 0.83880037875
313.0 0.84181485125
314.0 0.84418348375
315.0 0.84694759875
316.0 0.85000139
317.0 0.8524014775000001
318.0 0.8552753475
319.0 0.857935985
320.0 0.8606278075
321.0 0.8635357650000001
322.0 0.866260865
323.0 0.8688587950000001
324.0 0.8718803887500001
325.0 0.87408411875
326.0 0.87699967
327.0 0.87966537
328.0 0.88280866625
329.0 0.8853330887499999
330.0 0.8875900762500001
331.0 0.89056074125
332.0 0.89331405625
333.0 0.89612019
334.0 0.8987185925000001
335.0 0.901584565
336.0 0.90457801125
337.0 0.90670296875
338.0 0.9096457225000001
339.0 0.912236295
340.0 0.91507003625
341.0 0.9176248
342.0 0.92040062625
343.0 0.9237454775
344.0 0.92604914125
345.0 0.9285821700000001
346.0 0.9313278575
347.0 0.9340423937500001
348.0 0.9369369525
349.0 0.9393600575
350.0 0.94201364125
351.0 0.94490323875
352.0 0.9475022825
353.0 0.9503809449999999
354.0 0.953119275
355.0 0.9555942537500001
356.0 0.958359415
357.0 0.9610420575
358.0 0.9635471750000001
359.0 0.96625759375
360.0 0.9692826975
361.0 0.9719281475
362.0 0.9746614825000001
363.0 0.97756225125
364.0 0.98015198
365.0 0.98301883
366.0 0.9856108874999999
367.0 0.988675175
368.0 0.99124235875
369.0 0.9939407287500001
370.0 0.99644334875
371.0 0.9992301775
372.0 1.00208605875
373.0 1.0041340324999999
374.0 1.0072247125
375.0 1.00983205875
376.0 1.0126981325
377.0 1.01522107
378.0 1.0181287575
379.0 1.0207063025
380.0 1.02335273125
381.0 1.02613972875
382.0 1.0287174425
383.0 1.03138736125
384.0 1.03410658875
385.0 1.0364687075
386.0 1.03938068125
387.0 1.04214979125
388.0 1.045436525
389.0 1.04745918625
390.0 1.0503136499999999
391.0 1.05293267375
392.0 1.0555805875
393.0 1.0585241175
394.0 1.06122042875
395.0 1.0639598387500002
396.0 1.06664126625
397.0 1.06923649625
398.0 1.07148612625
399.0 1.07458024875
400.0 1.07748570875
401.0 1.0795990225
402.0 1.0827363112500001
403.0 1.08535941875
404.0 1.087952725
405.0 1.09081049625
406.0 1.09380762125
407.0 1.09622019625
408.0 1.09885599375
409.0 1.1017195025
410.0 1.10401189375
411.0 1.10702116875
412.0 1.1094020525
413.0 1.1122802425
414.0 1.1150533012500001
415.0 1.11755528
416.0 1.1203033974999999
417.0 1.1230637325
418.0 1.12591083875
419.0 1.12831551625
420.0 1.13125074375
421.0 1.13367600875
422.0 1.1366373587499998
423.0 1.13915493
424.0 1.1417870825
425.0 1.1443545025
426.0 1.1470084575
427.0 1.1499883362499999
428.0 1.152442795
429.0 1.1553978
430.0 1.1578021399999998
431.0 1.160774695
432.0 1.1630684025
433.0 1.165803155
434.0 1.16886619375
435.0 1.17129321375
436.0 1.17364267625
437.0 1.17641479
438.0 1.1793520762499998
439.0 1.18209236375
440.0 1.18456150375
441.0 1.187417925
442.0 1.1901874737499998
443.0 1.1929462224999998
444.0 1.1955351075
445.0 1.1982520062500002
446.0 1.2007468975
447.0 1.2036256950000002
448.0 1.20634016375
449.0 1.20871750375
450.0 1.21104108
451.0 1.2140740475
452.0 1.21690576375
453.0 1.2198013349999999
454.0 1.22264810375
455.0 1.224794155
456.0 1.22748587625
457.0 1.23047206625
458.0 1.232879275
459.0 1.23583640625
460.0 1.2383530325
461.0 1.240713295
462.0 1.243401
463.0 1.2465314037500002
464.0 1.24870158625
465.0 1.25109624
466.0 1.254169505
467.0 1.2568278474999999
468.0 1.25977363875
469.0 1.26218189375
470.0 1.26471893875
471.0 1.2672603375
472.0 1.26997592
473.0 1.2727984225000002
474.0 1.27535052
475.0 1.2783449112499998
476.0 1.28093595625
477.0 1.2837174525
478.0 1.2859126437500001
479.0 1.28882809375
480.0 1.2915597749999999
481.0 1.29465784625
482.0 1.2968264087499999
483.0 1.29933625125
484.0 1.30240256375
485.0 1.30514487625
486.0 1.30757544
487.0 1.310286095
488.0 1.312700155
489.0 1.3158247875000002
490.0 1.3183456325
491.0 1.3205818974999999
492.0 1.3237426425
493.0 1.3261475225
494.0 1.328862835
495.0 1.33179499125
496.0 1.3340811725000001
497.0 1.3365623274999998
498.0 1.33975570875
499.0 1.34244867875
500.0 1.3452009475
501.0 1.347339945
502.0 1.35023700125
503.0 1.35284937625
504.0 1.355324895
505.0 1.35819805625
506.0 1.3610828275
507.0 1.3636417425
508.0 1.36625037125
509.0 1.3690283575
510.0 1.37149726125
511.0 1.3740978575
512.0 1.37681047
513.0 1.3796580825
514.0 1.38193224875
515.0 1.3849223874999999
516.0 1.38741495
517.0 1.3901366750000002
518.0 1.39280092375
519.0 1.39523482875
520.0 1.39865393
521.0 1.4009040662499999
522.0 1.4034246074999999
523.0 1.405926215
524.0 1.40899003
525.0 1.4114955525
526.0 1.414431725
527.0 1.416942445
528.0 1.419064905
529.0 1.4219145762499998
530.0 1.4247008987499998
531.0 1.427121675
532.0 1.4300627075
533.0 1.43269246375
534.0 1.4352298799999998
535.0 1.43783263625
536.0 1.4409120775
537.0 1.4429997749999999
538.0 1.4457807649999999
539.0 1.4485700912500001
540.0 1.4512087575000001
541.0 1.45347394625
542.0 1.455851725
543.0 1.45897537875
544.0 1.4618572475
545.0 1.46496287875
546.0 1.467420915
547.0 1.469860355
548.0 1.4725616612499999
549.0 1.47502364625
550.0 1.47799822625
551.0 1.48053007375
552.0 1.48304477625
553.0 1.4856831725000001
554.0 1.48848221875
555.0 1.49101467375
556.0 1.4935755124999999
557.0 1.49601802375
558.0 1.4985029250000002
559.0 1.50162657875
560.0 1.5037082012499998
561.0 1.5070862962499998
562.0 1.5094428125
563.0 1.51171951
564.0 1.51480286625
565.0 1.51762833875
566.0 1.5197775287500002
567.0 1.5226665187500001
568.0 1.5253027549999998
569.0 1.5279702775000001
570.0 1.5308429325000001
571.0 1.53302864
572.0 1.5358368325
573.0 1.53858468
574.0 1.5412557125
575.0 1.54407052
576.0 1.54639585125
577.0 1.5488758249999999
578.0 1.55195128375
579.0 1.55453179875
580.0 1.557264425
581.0 1.5599068374999998
582.0 1.56228141
583.0 1.56532251125
584.0 1.56798031375
585.0 1.5703254225
586.0 1.57301579375
587.0 1.57542415
588.0 1.5778340249999998
589.0 1.58091542375
590.0 1.58376307
591.0 1.58609440875
592.0 1.5888086074999999
593.0 1.5908717350000001
594.0 1.59421905
595.0 1.59675099875
596.0 1.59949942
597.0 1.6022624212499998
598.0 1.6047405049999999
599.0 1.60706016625
600.0 1.6103677237499998
601.0 1.6126464125000002
602.0 1.6153206850000001
603.0 1.61801125875
604.0 1.620648845
605.0 1.6236484337500001
606.0 1.625130285
607.0 1.62845907125
608.0 1.63127853625
609.0 1.6336790625
610.0 1.6365384875
611.0 1.6392587275000001
612.0 1.64124531
613.0 1.64431979
614.0 1.6471448574999998
615.0 1.64931520875
616.0 1.65202019375
617.0 1.6545110349999999
618.0 1.657762635
619.0 1.660104875
620.0 1.6628984875000001
621.0 1.6653391087499998
622.0 1.6681208412500002
623.0 1.670753635
624.0 1.67313370875
625.0 1.67601223625
626.0 1.67873861875
627.0 1.681210965
628.0 1.6839910775
629.0 1.6862969012500002
630.0 1.68922031625
631.0 1.69177410125
632.0 1.69447642
633.0 1.69659675375
634.0 1.69971018125
635.0 1.7026239775
636.0 1.7044983075000002
637.0 1.7076776487499998
638.0 1.7104187124999999
639.0 1.7125809975000001
640.0 1.716013565
641.0 1.71789906625
642.0 1.72103632125
643.0 1.723442315
644.0 1.72583966875
645.0 1.7283597375
646.0 1.7310517962499998
647.0 1.73367125875
648.0 1.7366321025
649.0 1.73968818875
650.0 1.74201298
651.0 1.7440608525
652.0 1.74719051375
653.0 1.74972053875
654.0 1.7523834037500001
655.0 1.75505285
656.0 1.7573915125
657.0 1.76053926375
658.0 1.76267994875
659.0 1.765700395
660.0 1.767891165
661.0 1.7706121475
662.0 1.77335095
663.0 1.77649228875
664.0 1.7789098925
665.0 1.7813752525
666.0 1.7837312962499998
667.0 1.78667324
668.0 1.7892690437499998
669.0 1.79157361875
670.0 1.7943322325
671.0 1.7969719450000001
672.0 1.7998670774999999
673.0 1.8029279225000001
674.0 1.8047225012499999
675.0 1.8075658275
676.0 1.8098882225
677.0 1.8127948975
678.0 1.8158356275
679.0 1.8178243025
680.0 1.8207105925
681.0 1.82288398125
682.0 1.8264228274999998
683.0 1.8293069575
684.0 1.8312533775
685.0 1.83394968875
686.0 1.8363273325
687.0 1.839060195
688.0 1.84137945125
689.0 1.8448628125
690.0 1.8473450475000002
691.0 1.84984513625
692.0 1.8524688175
693.0 1.8554001299999998
694.0 1.85773565375
695.0 1.8602098225
696.0 1.8627985387500001
697.0 1.86604001375
698.0 1.86777272875
699.0 1.871048595
700.0 1.8734342375000002
701.0 1.8759997337499998
702.0 1.87833265875
703.0 1.8814342737499998
704.0 1.88344360375
705.0 1.8866765062500002
706.0 1.8893297525
707.0 1.89178346875
708.0 1.8948366525
709.0 1.89752533625
710.0 1.8999762175000001
711.0 1.902363075
712.0 1.90427301125
713.0 1.90726055125
714.0 1.9101457275
715.0 1.9129917537499999
716.0 1.91526851875
717.0 1.918112655
718.0 1.9208331650000001
719.0 1.9236061899999999
720.0 1.92564036
721.0 1.9288297925
722.0 1.9308740875
723.0 1.9338382725
724.0 1.9370952725
725.0 1.9390322425
726.0 1.9419709125000002
727.0 1.944158375
728.0 1.94735843875
729.0 1.9494292949999998
730.0 1.95253013375
731.0 1.95463814875
732.0 1.95701407125
733.0 1.96033526375
734.0 1.96306222
735.0 1.9649325337499999
736.0 1.9678382637499998
737.0 1.97081223625
738.0 1.97382951
739.0 1.97650725875
740.0 1.97883917125
741.0 1.981224645
742.0 1.9837555475000002
743.0 1.9865006950000001
744.0 1.989040035
745.0 1.9918350649999998
746.0 1.99452266875
747.0 1.99735367625
748.0 2.00002538375
749.0 2.00257437625
750.0 2.00512498875
751.0 2.0074813700000003
752.0 2.010247105
753.0 2.0128044675
754.0 2.01530691875
755.0 2.0179383625000002
756.0 2.0210059575
757.0 2.02374074375
758.0 2.0263059025
759.0 2.0288746725
760.0 2.03118107
761.0 2.03376175375
762.0 2.03703684375
763.0 2.03928451625
764.0 2.0420066125000003
765.0 2.044586655
766.0 2.0474913725
767.0 2.050091665
768.0 2.0525990775
769.0 2.054682455
770.0 2.05850601625
771.0 2.0605494675
772.0 2.06273693
773.0 2.06602157125
774.0 2.06820228375
775.0 2.07161561375
776.0 2.07371735125
777.0 2.07626438625
778.0 2.07907703375
779.0 2.0820566425
780.0 2.08428204
781.0 2.0874971225
782.0 2.0896492487500002
783.0 2.0919653325
784.0 2.0944429437500003
785.0 2.0976161425
786.0 2.1001216987499998
787.0 2.102965835
788.0 2.10570649375
789.0 2.1079159275
790.0 2.11076114375
791.0 2.1132475637500003
792.0 2.1162297037499997
793.0 2.11902254
794.0 2.1218199325000002
795.0 2.12428390875
796.0 2.1269650662500004
797.0 2.1297436262500002
798.0 2.1321866099999998
799.0 2.1348153537499996
800.0 2.1383122487499997
801.0 2.140200855
802.0 2.14355934125
803.0 2.1453357625000002
804.0 2.148637785
805.0 2.15031488
806.0 2.15334383125
807.0 2.15604692625
808.0 2.15928948125
809.0 2.16140181625
810.0 2.164317705
811.0 2.16619429625
812.0 2.1700651075
813.0 2.1720675862500003
814.0 2.17437877625
815.0 2.17677413875
816.0 2.1793969425
817.0 2.1836057262499997
818.0 2.18562686875
819.0 2.1880079550000002
820.0 2.191169375
821.0 2.19399613
822.0 2.19617583
823.0 2.19921278
824.0 2.201418265
825.0 2.20420340625
826.0 2.206866035
827.0 2.20980028375
828.0 2.21227185375
829.0 2.21488152875
830.0 2.21706899125
831.0 2.2200270675
832.0 2.2225171324999997
833.0 2.22540878875
834.0 2.2283658525
835.0 2.2308759987499998
836.0 2.23332877
837.0 2.2363761487500002
838.0 2.23828247375
839.0 2.2415500375
840.0 2.24438229375
841.0 2.24681306
842.0 2.2493898624999997
843.0 2.251952895
844.0 2.2550137062499997
845.0 2.25755497
846.0 2.26026592875
847.0 2.2627684474999996
848.0 2.265334585
849.0 2.2684761262500004
850.0 2.27085130625
851.0 2.2733659075
852.0 2.27633167875
853.0 2.2789482725
854.0 2.2816466425
855.0 2.28427369875
856.0 2.28702154625
857.0 2.28933719125
858.0 2.292457605
859.0 2.2954563500000003
860.0 2.2978914362499996
861.0 2.30037846375
862.0 2.30320569125
863.0 2.30575411
864.0 2.30825818125
865.0 2.3114816675
866.0 2.3144398450000003
867.0 2.31691401375
868.0 2.31909017
869.0 2.32175043625
870.0 2.32422349125
871.0 2.32695729875
872.0 2.32967794375
873.0 2.33247861
874.0 2.33562926375
875.0 2.33865187
876.0 2.3409748725
877.0 2.34327421625
878.0 2.34608240875
879.0 2.34812974125
880.0 2.3517105724999996
881.0 2.3539483225
882.0 2.3566200299999998
883.0 2.3598025099999997
884.0 2.36261370625
885.0 2.36491524375
886.0 2.36775786125
887.0 2.370298855
888.0 2.37343999125
889.0 2.3760108875
890.0 2.378662885
891.0 2.38085240625
892.0 2.3840347174999996
893.0 2.386129165
894.0 2.38934272875
895.0 2.3915912450000003
896.0 2.394769
897.0 2.39729122875
898.0 2.4003868025000004
899.0 2.4026668075
900.0 2.4052231575
901.0 2.4081403624999997
902.0 2.4109907425
903.0 2.4134327137500002
904.0 2.4167414525
905.0 2.4184838537499997
906.0 2.4220367400000002
907.0 2.42429200625
908.0 2.42738430625
909.0 2.430295065
910.0 2.4329800699999997
911.0 2.435668855
912.0 2.43766606875
913.0 2.440041215
914.0 2.443107325
915.0 2.445879675
916.0 2.4487809162499996
917.0 2.4514635924999997
918.0 2.45386067625
919.0 2.45693519
920.0 2.4593771949999996
921.0 2.4623280825
922.0 2.46477309125
923.0 2.46701057125
924.0 2.4704186025
925.0 2.4728932775
926.0 2.4758474049999997
927.0 2.47861472625
928.0 2.48129635625
929.0 2.48427134125
930.0 2.4868166549999997
931.0 2.4894939312499997
932.0 2.49179715625
933.0 2.4946992075
934.0 2.49768880625
935.0 2.500098445
936.0 2.5026451425
937.0 2.50583913125
938.0 2.50841782375
939.0 2.5114602749999997
940.0 2.5136267450000003
941.0 2.5167678475
942.0 2.519106375
943.0 2.5215605975
944.0 2.52393317875
945.0 2.52690323625
946.0 2.529917
947.0 2.53293505
948.0 2.53540145625
949.0 2.53794045875
950.0 2.54120947375
951.0 2.5434652125
952.0 2.546647895
953.0 2.5489926324999996
954.0 2.552188545
955.0 2.55383428625
956.0 2.55680157625
957.0 2.5596126375000003
958.0 2.5628258975
959.0 2.5653671275
960.0 2.5679889187500002
961.0 2.57082674375
962.0 2.573264935
963.0 2.5765583175
964.0 2.5791509825
965.0 2.58176896
966.0 2.58463365
967.0 2.5873139975
968.0 2.589577195
969.0 2.59246594875
970.0 2.59536557
971.0 2.5980293125
972.0 2.60026929
973.0 2.60312348375
974.0 2.6059970499999996
975.0 2.60876616
976.0 2.61146766875
977.0 2.6138265475
978.0 2.6172545924999997
979.0 2.61982157375
980.0 2.6225643250000004
981.0 2.625068835
982.0 2.6275908275
983.0 2.6304537625
984.0 2.6334704962499997
985.0 2.6362132475
986.0 2.6390084125
987.0 2.6409991462500004
988.0 2.64439715375
989.0 2.64708175375
990.0 2.64960057375
991.0 2.6523290150000003
992.0 2.65526404
993.0 2.6579973075
994.0 2.6605132250000003
995.0 2.663416795
996.0 2.665659
997.0 2.669152655
998.0 2.6716510225
999.0 2.6744286375
1000.0 2.6771516112500002
