1.0 0.0108845
2.0 0.013136492500000001
3.0 0.0153955725
4.0 0.01764959
5.0 0.0199218325
6.0 0.0221995425
7.0 0.0244906175
8.0 0.026776224999999997
9.0 0.029052112499999998
10.0 0.0313763975
11.0 0.0336727375
12.0 0.035991555
13.0 0.0383188775
14.0 0.0406646275
15.0 0.04296927
16.0 0.0453148175
17.0 0.0476949925
18.0 0.05003892
19.0 0.0524245625
20.0 0.0547812475
21.0 0.0570986475
22.0 0.0594512825
23.0 0.061955995
24.0 0.0643598625
25.0 0.0667578575
26.0 0.069162535
27.0 0.0715890825
28.0 0.07402049000000001
29.0 0.07646728750000001
30.0 0.0789624825
31.0 0.081369995
32.0 0.08382388
33.0 0.08629599
34.0 0.08869358000000001
35.0 0.09138702250000001
36.0 0.0937914975
37.0 0.096191315
38.0 0.09859822
39.0 0.1012831575
40.0 0.1036953275
41.0 0.1062010525
42.0 0.1087329
43.0 0.1112882375
44.0 0.113760955
45.0 0.116223345
46.0 0.118926305
47.0 0.121365205
48.0 0.12395031
49.0 0.1265250875
50.0 0.129019675
51.0 0.131777715
52.0 0.1343261675
53.0 0.13685720499999998
54.0 0.139420845
55.0 0.141988535
56.0 0.144527875
57.0 0.14716887
58.0 0.1498420625
59.0 0.152418865
60.0 0.1549875675
61.0 0.1577136125
62.0 0.16025295250000002
63.0 0.162920475
64.0 0.16550173250000003
65.0 0.1680787375
66.0 0.17081106
67.0 0.173481215
68.0 0.1760543725
69.0 0.1788662775
70.0 0.18136613000000001
71.0 0.184129435
72.0 0.1865280375
73.0 0.1894529375
74.0 0.192038245
75.0 0.19466709
76.0 0.19741298000000002
77.0 0.2001299125
78.0 0.20249064749999998
79.0 0.205452605
80.0 0.2081023075
81.0 0.2106983475
82.0 0.21340758499999998
83.0 0.21616198
84.0 0.21892326
85.0 0.22148548250000002
86.0 0.22435246749999999
87.0 0.22695377249999998
88.0 0.22978937
89.0 0.2324038375
90.0 0.2352042
91.0 0.2378956175
92.0 0.24061882750000002
93.0 0.24328432500000002
94.0 0.24611243
95.0 0.248962
96.0 0.251405355
97.0 0.254261405
98.0 0.2569925125
99.0 0.2598327675
100.0 0.2624117975
101.0 0.2652706825
102.0 0.2679675675
103.0 0.2707701575
104.0 0.273609805
105.0 0.2764081425
106.0 0.2790078275
107.0 0.2818298575
108.0 0.2846976525
109.0 0.28727789750000005
110.0 0.28996081
111.0 0.29299303499999996
112.0 0.29574864500000003
113.0 0.2984230525
114.0 0.3014001975
115.0 0.303894785
116.0 0.3068174575
117.0 0.3096751275
118.0 0.3123582425
119.0 0.3152466925
120.0 0.3179601825
121.0 0.320669015
122.0 0.32355159250000004
123.0 0.3263833425
124.0 0.32923534250000003
125.0 0.33213493
126.0 0.33491180249999997
127.0 0.3377723075
128.0 0.34065772
129.0 0.34329952500000005
130.0 0.3460561475
131.0 0.34912988500000003
132.0 0.3516317625
133.0 0.3544643225
134.0 0.3574248625
135.0 0.36016589250000003
136.0 0.36280526750000003
137.0 0.36583020250000003
138.0 0.36852546750000004
139.0 0.371371595
140.0 0.37424141499999997
141.0 0.37705899
142.0 0.380031275
143.0 0.3828616075
144.0 0.385553835
145.0 0.3885190325
146.0 0.3915385
147.0 0.39441277500000005
148.0 0.3967615625
149.0 0.39962733250000004
150.0 0.402771135
151.0 0.4056719375
152.0 0.4084966
153.0 0.4114184625
154.0 0.4138199
155.0 0.4170690025
156.0 0.4198306875
157.0 0.4225798175
158.0 0.4255363075
159.0 0.4282659975
160.0 0.43131584
161.0 0.4342117825
162.0 0.436877685
163.0 0.439773425
164.0 0.44245816
165.0 0.44538002250000003
166.0 0.44833793
167.0 0.451364485
168.0 0.4540445625
169.0 0.4569168125
170.0 0.459833005
171.0 0.4628107575
172.0 0.4656133475
173.0 0.468573685
174.0 0.47116061249999996
175.0 0.4740506825
176.0 0.4770772375
177.0 0.47978829749999996
178.0 0.4830930875
179.0 0.48599328249999996
180.0 0.488632455
181.0 0.49180946750000004
182.0 0.49447051000000003
183.0 0.49729578
184.0 0.500161955
185.0 0.502986415
186.0 0.505880535
187.0 0.5086549775
188.0 0.5116799125
189.0 0.5146793325
190.0 0.5172863075
191.0 0.520144585
192.0 0.52342062
193.0 0.5261375524999999
194.0 0.52894075
195.0 0.5319330825
196.0 0.5346502175000001
197.0 0.5378823100000001
198.0 0.5406172650000001
199.0 0.54344051
200.0 0.5463552850000001
201.0 0.5491989825
202.0 0.5518756175
203.0 0.5548875925000001
204.0 0.558059745
205.0 0.56069588
206.0 0.5636894275
207.0 0.5667609375
208.0 0.5693063525000001
209.0 0.5723843425
210.0 0.575023515
211.0 0.5781128449999999
212.0 0.5809377099999999
213.0 0.584313375
214.0 0.5867901425
215.0 0.5897921949999999
216.0 0.592597215
217.0 0.5955320374999999
218.0 0.59854138
219.0 0.6012716775
220.0 0.6041086925
221.0 0.60715003
222.0 0.6101407425
223.0 0.6128100875
224.0 0.61575625
225.0 0.6190448399999999
226.0 0.6217897175
227.0 0.624806755
228.0 0.6278003025
229.0 0.630784535
230.0 0.63337774
231.0 0.6365108100000001
232.0 0.6389094125
233.0 0.6421348225
234.0 0.6448155074999999
235.0 0.648222155
236.0 0.6509188375
237.0 0.65374593
238.0 0.656732795
239.0 0.659562115
240.0 0.66254817
241.0 0.6652780625
242.0 0.668227465
243.0 0.671234985
244.0 0.67426802
245.0 0.6772044625
246.0 0.6802370925
247.0 0.6831534875
248.0 0.6855545200000001
249.0 0.6885776324999999
250.0 0.6914711450000001
251.0 0.69484924
252.0 0.6977058975
253.0 0.7005838175
254.0 0.7031782375000001
255.0 0.7065300075
256.0 0.7089190925000001
257.0 0.71201794
258.0 0.7148859375
259.0 0.7176455975
260.0 0.7209125200000001
261.0 0.72383904
262.0 0.7266643100000001
263.0 0.7298024425
264.0 0.732489405
265.0 0.735592505
266.0 0.73812334
267.0 0.7414113225
268.0 0.7441509350000001
269.0 0.7474036825
270.0 0.7499679300000001
271.0 0.75315041
272.0 0.7557628525000001
273.0 0.7588645350000001
274.0 0.7619797850000001
275.0 0.764680315
276.0 0.767816625
277.0 0.770243375
278.0 0.7735345975000001
279.0 0.7765712775
280.0 0.7794054575
281.0 0.78226738
282.0 0.785547465
283.0 0.7881931175000001
284.0 0.7908017125
285.0 0.7939991775
286.0 0.7969838149999999
287.0 0.8001211374999999
288.0 0.802926765
289.0 0.8058466025000001
290.0 0.8085434875
291.0 0.8116237049999999
292.0 0.8146778
293.0 0.817634695
294.0 0.8202993824999999
295.0 0.8232830074999999
296.0 0.8261706474999999
297.0 0.8290080675
298.0 0.83194451
299.0 0.8350723149999999
300.0 0.83791662
301.0 0.8403840725
302.0 0.84353476
303.0 0.846602625
304.0 0.8493801049999999
305.0 0.85274362
306.0 0.8557533675000001
307.0 0.8586855575
308.0 0.8614711374999999
309.0 0.86424801
310.0 0.866782085
311.0 0.870172735
312.0 0.87307131
313.0 0.875890505
314.0 0.8789004549999999
315.0 0.8816975775
316.0 0.8846878850000001
317.0 0.8875860550000001
318.0 0.890905425
319.0 0.89338361
320.0 0.89644297
321.0 0.89947641
322.0 0.9026497775
323.0 0.905369545
324.0 0.908113815
325.0 0.9107175500000001
326.0 0.91433014
327.0 0.9170187225
328.0 0.9199772375
329.0 0.92267797
330.0 0.925939425
331.0 0.9289123175
332.0 0.9317679625
333.0 0.934680105
334.0 0.937443005
335.0 0.940410835
336.0 0.943303335
337.0 0.94621568
338.0 0.94939087
339.0 0.952334805
340.0 0.9548905475
341.0 0.9582166
342.0 0.9610789275
343.0 0.963776825
344.0 0.9669252850000001
345.0 0.9699030375
346.0 0.9727708325000001
347.0 0.97584214
348.0 0.9787959975
349.0 0.9811559224999999
350.0 0.9844023925
351.0 0.9876687075
352.0 0.9903285350000001
353.0 0.9930557950000001
354.0 0.9959855550000001
355.0 0.9992812325
356.0 1.002036235
357.0 1.0048912724999999
358.0 1.007771015
359.0 1.010523385
360.0 1.0138061025
361.0 1.0168419725
362.0 1.0198041325
363.0 1.022719515
364.0 1.0257077975
365.0 1.028371675
366.0 1.0313992425
367.0 1.034409395
368.0 1.0374357475
369.0 1.040210595
370.0 1.0431144350000001
371.0 1.0460541175
372.0 1.0495589775
373.0 1.0518946025
374.0 1.0549894
375.0 1.057885545
376.0 1.0607164850000002
377.0 1.0636833025
378.0 1.066638375
379.0 1.06983179
380.0 1.0724081875
381.0 1.07556333
382.0 1.0783341275
383.0 1.0811371225000002
384.0 1.084417815
385.0 1.0873611425
386.0 1.090096705
387.0 1.0931651775
388.0 1.0960603100000001
389.0 1.0990714750000001
390.0 1.1023143
391.0 1.1044913674999999
392.0 1.1076859975
393.0 1.1105841674999999
394.0 1.1133173
395.0 1.1169203725
396.0 1.119568455
397.0 1.1223473525
398.0 1.1251236175
399.0 1.1279610375
400.0 1.1312654225
401.0 1.1342324424999999
402.0 1.1367995249999998
403.0 1.1399591225
404.0 1.143248725
405.0 1.1458498275
406.0 1.1489705449999998
407.0 1.151503
408.0 1.1550360075000001
409.0 1.1575125725
410.0 1.16076775
411.0 1.163820225
412.0 1.1665244
413.0 1.16937478
414.0 1.1722452075
415.0 1.175091335
416.0 1.17823777
417.0 1.1810369175
418.0 1.1839735625
419.0 1.1871908725
420.0 1.18969599
421.0 1.1927837
422.0 1.195875865
423.0 1.19863998
424.0 1.20179168
425.0 1.2049476325000001
426.0 1.207837905
427.0 1.21020998
428.0 1.2138446425
429.0 1.2165299850000002
430.0 1.21925603
431.0 1.2223799875
432.0 1.2249023174999998
433.0 1.228036805
434.0 1.2311684575
435.0 1.234232475
436.0 1.237205165
437.0 1.239644875
438.0 1.242789285
439.0 1.2462493925
440.0 1.2489778674999998
441.0 1.2515698574999998
442.0 1.2550986125
443.0 1.25739475
444.0 1.2604263675
445.0 1.2633800225
446.0 1.2666430974999998
447.0 1.26936732
448.0 1.2721205
449.0 1.2754307575000001
450.0 1.2779777925
451.0 1.2808350575
452.0 1.2836757175
453.0 1.2873095700000001
454.0 1.28965937
455.0 1.29276247
456.0 1.29583479
457.0 1.2983253275
458.0 1.30174777
459.0 1.304575875
460.0 1.3072531175
461.0 1.31067394
462.0 1.3132716
463.0 1.3162558325
464.0 1.3190049625
465.0 1.3218188925
466.0 1.325189495
467.0 1.3277424025
468.0 1.3306065525
469.0 1.3338919025
470.0 1.3366653325
471.0 1.339911195
472.0 1.3424709875
473.0 1.3456625800000002
474.0 1.3483592625
475.0 1.3515644225
476.0 1.354251385
477.0 1.357252425
478.0 1.3605238025
479.0 1.3635110725
480.0 1.36579182
481.0 1.3691231375
482.0 1.3720954225000002
483.0 1.3749705075
484.0 1.3780059725
485.0 1.38126196
486.0 1.3841716725000002
487.0 1.3864809725
488.0 1.3894925425
489.0 1.3929431325000001
490.0 1.3958437325
491.0 1.3984373425
492.0 1.4008588274999998
493.0 1.4044329425
494.0 1.4072324950000001
495.0 1.4102159175
496.0 1.4133489875
497.0 1.4161592725
498.0 1.4192818125
499.0 1.42206962
500.0 1.4253978999999999
501.0 1.4281980600000002
502.0 1.43043851
503.0 1.43378299
504.0 1.4363687024999998
505.0 1.4392227275
506.0 1.4427790225
507.0 1.445086905
508.0 1.4484105275
509.0 1.45154785
510.0 1.4541291075
511.0 1.457705855
512.0 1.4599463049999999
513.0 1.4628379950000001
514.0 1.4662377575
515.0 1.4686758475
516.0 1.47176943
517.0 1.4750195449999999
518.0 1.4779900075
519.0 1.4808754199999998
520.0 1.4835222875
521.0 1.4862649375
522.0 1.49000976
523.0 1.4924614175
524.0 1.49520265
525.0 1.4982277875
526.0 1.501651445
527.0 1.50409561
528.0 1.5071090025
529.0 1.5105527075
530.0 1.512960625
531.0 1.51613298
532.0 1.5189029675
533.0 1.5217551699999998
534.0 1.52463633
535.0 1.5277860049999998
536.0 1.5308077
537.0 1.5339296325
538.0 1.5362654599999999
539.0 1.539466165
540.0 1.54262313
541.0 1.5452424575
542.0 1.5481260475
543.0 1.5512826075
544.0 1.554526445
545.0 1.5574529650000002
546.0 1.559757
547.0 1.562960135
548.0 1.56588949
549.0 1.568697345
550.0 1.5720069950000002
551.0 1.574764225
552.0 1.577678595
553.0 1.5807351200000002
554.0 1.583702545
555.0 1.5866110425
556.0 1.58972852
557.0 1.592059285
558.0 1.5952115925
559.0 1.5981237350000002
560.0 1.60123939
561.0 1.603768605
562.0 1.607211095
563.0 1.6101924925
564.0 1.613203455
565.0 1.6155542675
566.0 1.6190698600000002
567.0 1.621953045
568.0 1.6245424025000001
569.0 1.62771091
570.0 1.6309887675
571.0 1.63375754
572.0 1.6361869225
573.0 1.6391318700000002
574.0 1.6422315275000001
575.0 1.6455691225
576.0 1.6479719775000001
577.0 1.6511230700000001
578.0 1.6538347375
579.0 1.657477095
580.0 1.6600144099999998
581.0 1.662962395
582.0 1.6655153025
583.0 1.6688022725
584.0 1.6716550825
585.0 1.6749280800000002
586.0 1.677450815
587.0 1.6807533774999999
588.0 1.683856275
589.0 1.6864432024999998
590.0 1.6897567
591.0 1.6922356950000002
592.0 1.695559925
593.0 1.6982910325
594.0 1.701072765
595.0 1.7040379625
596.0 1.70724454
597.0 1.70978712
598.0 1.7126895425
599.0 1.715465605
600.0 1.7190917625
601.0 1.7220470375
602.0 1.724876155
603.0 1.7270406675
604.0 1.7303891975
605.0 1.7336729275
606.0 1.736408895
607.0 1.7395393325
608.0 1.7422929175
609.0 1.745548095
610.0 1.7481491975
611.0 1.7513426125
612.0 1.754326845
613.0 1.757233925
614.0 1.7595085975
615.0 1.762915245
616.0 1.76582111
617.0 1.7680398925
618.0 1.7713005375000002
619.0 1.7746834925
620.0 1.7774793999999998
621.0 1.7801963325
622.0 1.7832824225000001
623.0 1.7862235225
624.0 1.789491255
625.0 1.7923418375
626.0 1.7951470600000001
627.0 1.7982428700000002
628.0 1.8010412075
629.0 1.80427249
630.0 1.8070177725
631.0 1.8098418274999999
632.0 1.8130303825
633.0 1.8153255075
634.0 1.8190470425
635.0 1.821393805
636.0 1.8244240049999998
637.0 1.8278986924999998
638.0 1.8303485275
639.0 1.8330909750000002
640.0 1.8365583725
641.0 1.8397424725
642.0 1.8417462
643.0 1.8454768474999999
644.0 1.84798723
645.0 1.8507717975000002
646.0 1.8540275825
647.0 1.85690449
648.0 1.859243355
649.0 1.8625191875
650.0 1.8655943425000001
651.0 1.8688975125
652.0 1.8713746850000001
653.0 1.8744605725
654.0 1.8773966100000001
655.0 1.8802089199999998
656.0 1.8830163700000002
657.0 1.886404185
658.0 1.8889265149999999
659.0 1.8921112224999999
660.0 1.89521007
661.0 1.89783446
662.0 1.9013156275
663.0 1.903984365
664.0 1.9070473700000001
665.0 1.9095504625
666.0 1.9123554825
667.0 1.9153824425
668.0 1.9186617175
669.0 1.9211445600000001
670.0 1.9244704099999999
671.0 1.9269607450000001
672.0 1.930855215
673.0 1.933437485
674.0 1.9360005175000001
675.0 1.9381911525000002
676.0 1.94173631
677.0 1.9450249
678.0 1.9476195225
679.0 1.95062279
680.0 1.9536590649999999
681.0 1.9566076575
682.0 1.9596789650000002
683.0 1.96276627
684.0 1.9654508025
685.0 1.9685601799999999
686.0 1.971471715
687.0 1.9745499075
688.0 1.97744342
689.0 1.9803185049999998
690.0 1.9835177925
691.0 1.9862989174999999
692.0 1.98887248
693.0 1.99201932
694.0 1.9944126575
695.0 1.997655685
696.0 2.0010117075
697.0 2.0036749775000002
698.0 2.0064721000000003
699.0 2.0090517375
700.0 2.0126380025
701.0 2.015469955
702.0 2.0181042675
703.0 2.0212142525
704.0 2.02441759
705.0 2.0273198100000003
706.0 2.0304534875
707.0 2.0330345425
708.0 2.03657808
709.0 2.03879747
710.0 2.042014375
711.0 2.04511383
712.0 2.0479538825
713.0 2.0508115525
714.0 2.053374585
715.0 2.0565839975
716.0 2.05935196
717.0 2.0627326875
718.0 2.0652536
719.0 2.067974785
720.0 2.070766035
721.0 2.0746910825000002
722.0 2.07770893
723.0 2.08001499
724.0 2.0830437725
725.0 2.0859565225
726.0 2.0893406925
727.0 2.0921991725
728.0 2.095098355
729.0 2.0980244700000004
730.0 2.100893075
731.0 2.1037926625
732.0 2.106057615
733.0 2.1095975074999997
734.0 2.11221481
735.0 2.1156639825
736.0 2.1182458475000003
737.0 2.1214653849999996
738.0 2.1242232225
739.0 2.1271092425
740.0 2.1297097375
741.0 2.133612105
742.0 2.1361577225
743.0 2.138847925
744.0 2.1410719725000003
745.0 2.1445193225
746.0 2.1479585725
747.0 2.1507880950000002
748.0 2.1532583825
749.0 2.156219125
750.0 2.1598513575
751.0 2.1621051725
752.0 2.165510605
753.0 2.168182785
754.0 2.17154063
755.0 2.1744649225
756.0 2.1771612
757.0 2.17964789
758.0 2.1832882225000003
759.0 2.186104785
760.0 2.188857155
761.0 2.1914625099999996
762.0 2.1947172825
763.0 2.1978187625000003
764.0 2.2002649525
765.0 2.2041454500000004
766.0 2.20647662
767.0 2.2092336475
768.0 2.2120982025
769.0 2.215630805
770.0 2.2181419975
771.0 2.2214917425
772.0 2.2243810025
773.0 2.2274658775
774.0 2.23019172
775.0 2.2329357875
776.0 2.2356067525
777.0 2.2389674325
778.0 2.2418489975
779.0 2.2445716
780.0 2.2475669700000003
781.0 2.250956
782.0 2.25386956
783.0 2.2565958075
784.0 2.25916046
785.0 2.26284919
786.0 2.2653488399999997
787.0 2.2683306425
788.0 2.2714993525000002
789.0 2.2736875575
790.0 2.2771839125
791.0 2.280076615
792.0 2.283025005
793.0 2.286009845
794.0 2.2886198575
795.0 2.2918529624999997
796.0 2.294886605
797.0 2.2975662774999996
798.0 2.3002951575000004
799.0 2.30359448
800.0 2.30634604
801.0 2.3094710099999998
802.0 2.3123888225
803.0 2.3157551725
804.0 2.3179292025000002
805.0 2.32094705
806.0 2.3239130575
807.0 2.32751289
808.0 2.3296401425
809.0 2.332958905
810.0 2.3355029025
811.0 2.339400005
812.0 2.3414897949999998
813.0 2.3447589449999997
814.0 2.347424645
815.0 2.35083433
816.0 2.3536397549999997
817.0 2.3564235125
818.0 2.3594593825
819.0 2.36222775
820.0 2.3649165350000003
821.0 2.3683588225
822.0 2.3707693725
823.0 2.373747125
824.0 2.377292485
825.0 2.3798478225
826.0 2.3829829175
827.0 2.3859596575000004
828.0 2.3887480725
829.0 2.3921105750000002
830.0 2.394526795
831.0 2.3975492999999997
832.0 2.400400085
833.0 2.4033778375
834.0 2.4061212975
835.0 2.40905774
836.0 2.412074575
837.0 2.4151041675
838.0 2.4174806975
839.0 2.4213551200000003
840.0 2.4242081325
841.0 2.4272877425000003
842.0 2.4297475
843.0 2.4322888650000003
844.0 2.43564509
845.0 2.4389504874999997
846.0 2.44146492
847.0 2.44424645
848.0 2.4476539075000003
849.0 2.45068431
850.0 2.4535523075000003
851.0 2.4563012349999997
852.0 2.4593447999999998
853.0 2.461763045
854.0 2.4654949075
855.0 2.4679949624999997
856.0 2.4704209025
857.0 2.4742384225
858.0 2.47692984
859.0 2.4799209575
860.0 2.4830179825
861.0 2.48522664
862.0 2.4886839125
863.0 2.49150655
864.0 2.4944243624999998
865.0 2.4975473075
866.0 2.5003308625
867.0 2.5033479
868.0 2.5058347925
869.0 2.5095982450000003
870.0 2.51166495
871.0 2.514961235
872.0 2.5181321724999997
873.0 2.5209574425
874.0 2.52452771
875.0 2.5274275
876.0 2.5299879
877.0 2.5330814825
878.0 2.535595915
879.0 2.5383055575
880.0 2.5416253325000002
881.0 2.5440897475
882.0 2.5476762149999996
883.0 2.5502096825000002
884.0 2.55311089
885.0 2.55616944
886.0 2.5591249175
887.0 2.562384955
888.0 2.5651484625
889.0 2.567875115
890.0 2.5710687325
891.0 2.57347746
892.0 2.57615288
893.0 2.5794862225000004
894.0 2.5828193625
895.0 2.5857716
896.0 2.5880782675000003
897.0 2.591395005
898.0 2.59467266
899.0 2.597317705
900.0 2.6005208399999997
901.0 2.603002265
902.0 2.60651077
903.0 2.6091760649999998
904.0 2.6120673500000002
905.0 2.6150357875
906.0 2.6180453325
907.0 2.62127459
908.0 2.6237242225000004
909.0 2.626456545
910.0 2.629994615
911.0 2.6328298075000003
912.0 2.635323585
913.0 2.6383495325000004
914.0 2.6415976225
915.0 2.64444213
916.0 2.6472368224999996
917.0 2.65018096
918.0 2.6529019424999998
919.0 2.6564965099999998
920.0 2.6589181975
921.0 2.662367775
922.0 2.66526473
923.0 2.6679320499999997
924.0 2.67075489
925.0 2.6739150950000004
926.0 2.67644755
927.0 2.6798355675
928.0 2.682891485
929.0 2.6851183675000003
930.0 2.68891503
931.0 2.691332465
932.0 2.694424225
933.0 2.6971030875
934.0 2.7001608275
935.0 2.7027763075
936.0 2.705959395
937.0 2.708743355
938.0 2.7115388575
939.0 2.7148675425
940.0 2.7180074975
941.0 2.7205162599999997
942.0 2.723704815
943.0 2.7268741325
944.0 2.7301321450000002
945.0 2.7323148825
946.0 2.7355257125
947.0 2.737945375
948.0 2.74121331
949.0 2.7440021299999997
950.0 2.7475489075
951.0 2.74976121
952.0 2.753189525
953.0 2.7560279575
954.0 2.759360895
955.0 2.7616614874999996
956.0 2.76546868
957.0 2.7674234025
958.0 2.7709436524999997
959.0 2.7737154625
960.0 2.77715613
961.0 2.7794060975000003
962.0 2.782561645
963.0 2.7847611899999998
964.0 2.7886528250000002
965.0 2.7913033375
966.0 2.7938588775
967.0 2.797434005
968.0 2.8000342975
969.0 2.802183825
970.0 2.8061416775000003
971.0 2.8089203725000003
972.0 2.811810645
973.0 2.814842465
974.0 2.817349
975.0 2.8208708700000003
976.0 2.8237692425
977.0 2.8268804425
978.0 2.8298482725
979.0 2.8325803925
980.0 2.83525075
981.0 2.8383613425
982.0 2.8414603925
983.0 2.8441795525000004
984.0 2.8469242275
985.0 2.850322775
986.0 2.8531881400000003
987.0 2.8560429750000003
988.0 2.8585205525000004
989.0 2.86217911
990.0 2.864196405
991.0 2.8679687675000003
992.0 2.8706364925
993.0 2.8731507225
994.0 2.8760600299999997
995.0 2.8795164925
996.0 2.882228565
997.0 2.8853715575
998.0 2.888488225
999.0 2.8913501475
1000.0 2.8944520325000003
