1.0 0.0108845
2.0 0.0131341975
3.0 0.015389565000000001
4.0 0.017652965
5.0 0.0199165675
6.0 0.02217973125
7.0 0.024478636249999998
8.0 0.02675810125
9.0 0.02902707
10.0 0.03132762875
11.0 0.033633115
12.0 0.0359555775
13.0 0.03825714875
14.0 0.040559462500000004
15.0 0.042882161249999995
16.0 0.045219946250000004
17.0 0.04757150125
18.0 0.049900443749999995
19.0 0.05225996375
20.0 0.05458546375
21.0 0.05697002625
22.0 0.059359010000000004
23.0 0.06170314
24.0 0.06406559625000001
25.0 0.06645798875
26.0 0.06893502624999999
27.0 0.071303355
28.0 0.07364724875
29.0 0.07615266999999999
30.0 0.0784775625
31.0 0.08097096875
32.0 0.08343423625
33.0 0.08581839375
34.0 0.08822604125
35.0 0.0906805
36.0 0.09318187124999999
37.0 0.09560531375
38.0 0.09803186125
39.0 0.1005474075
40.0 0.10301293624999999
41.0 0.10546641625
42.0 0.10800471
43.0 0.110419445
44.0 0.11285999875
45.0 0.1154038275
46.0 0.11789973125
47.0 0.12045091749999999
48.0 0.122940645
49.0 0.1254365825
50.0 0.12803717875
51.0 0.13051111125
52.0 0.13303809875
53.0 0.1355942125
54.0 0.13819379625
55.0 0.14069459375
56.0 0.14317520874999998
57.0 0.14580381750000002
58.0 0.14838841625000002
59.0 0.15082319875
60.0 0.15341960999999998
61.0 0.1559468
62.0 0.15858499375
63.0 0.16112136375
64.0 0.16363019375
65.0 0.16631327499999998
66.0 0.16889017874999998
67.0 0.17144609
68.0 0.1740281575
69.0 0.17668724249999998
70.0 0.17927001874999998
71.0 0.18183730374999998
72.0 0.18434738250000002
73.0 0.18708335
74.0 0.18960028
75.0 0.1921796475
76.0 0.19498935875
77.0 0.197640445
78.0 0.20018852625
79.0 0.202844
80.0 0.20529964
81.0 0.2080801575
82.0 0.21072915125
83.0 0.21323831875000002
84.0 0.21587641125
85.0 0.21842594375000002
86.0 0.221175985
87.0 0.22376416125
88.0 0.22647248749999999
89.0 0.229156885
90.0 0.23183541
91.0 0.2344601375
92.0 0.23720515
93.0 0.23981580375
94.0 0.242382245
95.0 0.245145685
96.0 0.247814085
97.0 0.25045821875
98.0 0.25324855749999997
99.0 0.25598442374999997
100.0 0.25832922875000003
101.0 0.26123536375
102.0 0.263877945
103.0 0.26658451624999996
104.0 0.26929831
105.0 0.272025435
106.0 0.27469906624999996
107.0 0.27721808875
108.0 0.27999081
109.0 0.28276177625
110.0 0.285429805
111.0 0.28803947999999996
112.0 0.29099786
113.0 0.293659375
114.0 0.29630728875
115.0 0.29891514124999996
116.0 0.30152066499999997
117.0 0.30458532374999997
118.0 0.30714336125
119.0 0.30977554749999997
120.0 0.3124430025
121.0 0.31528794875
122.0 0.31816607124999996
123.0 0.32074881375
124.0 0.32341404125
125.0 0.32607542125
126.0 0.32869059749999996
127.0 0.33164894375
128.0 0.33428150124999995
129.0 0.33711726750000004
130.0 0.339876455
131.0 0.34239001
132.0 0.34517400374999996
133.0 0.3478826
134.0 0.3507518125
135.0 0.35349618375
136.0 0.35633954375
137.0 0.35906322625000003
138.0 0.36181536
139.0 0.36455693
140.0 0.36707129499999996
141.0 0.36995623499999997
142.0 0.37278960499999997
143.0 0.3754056925
144.0 0.37842941249999995
145.0 0.38108340125
146.0 0.38378275
147.0 0.38656363875
148.0 0.3893533025
149.0 0.39195086125
150.0 0.39459226124999996
151.0 0.39745364375
152.0 0.40038404499999997
153.0 0.4030766775
154.0 0.405892565
155.0 0.40847952625
156.0 0.41120712375
157.0 0.414104585
158.0 0.41681540875
159.0 0.4195748325
160.0 0.422332805
161.0 0.42509175624999995
162.0 0.42793943625
163.0 0.43064485999999996
164.0 0.43351846
165.0 0.4361650575
166.0 0.43916754875
167.0 0.441993865
168.0 0.44455969874999995
169.0 0.44715087875
170.0 0.45017854749999997
171.0 0.4529241
172.0 0.45578777750000005
173.0 0.45836731374999995
174.0 0.4611993
175.0 0.4641789425
176.0 0.4669677625
177.0 0.46958253375
178.0 0.47240156
179.0 0.4750939225
180.0 0.47793026250000004
181.0 0.48066170750000003
182.0 0.4834213675
183.0 0.48611248125
184.0 0.48930083375
185.0 0.49193032000000003
186.0 0.4947906225
187.0 0.49738622375
188.0 0.5002200325
189.0 0.50316849
190.0 0.50566493375
191.0 0.50840684125
192.0 0.51149391
193.0 0.5141615675
194.0 0.51697823125
195.0 0.51983407875
196.0 0.52249215125
197.0 0.52565640625
198.0 0.52834276125
199.0 0.530965025
200.0 0.53381651875
201.0 0.5367228562499999
202.0 0.53923985375
203.0 0.54220603
204.0 0.5450691
205.0 0.54793429625
206.0 0.5507103925
207.0 0.5532122700000001
208.0 0.5559884
209.0 0.55917887875
210.0 0.56199861375
211.0 0.5643640400000001
212.0 0.56728438375
213.0 0.570306855
214.0 0.5729650962499999
215.0 0.5757321475
216.0 0.57860514
217.0 0.5812807962500001
218.0 0.58427596375
219.0 0.587136165
220.0 0.58974729125
221.0 0.5924622325000001
222.0 0.595474815
223.0 0.5984797025
224.0 0.6011160400000001
225.0 0.6036968924999999
226.0 0.60650282375
227.0 0.60947281375
228.0 0.61223487
229.0 0.6150395525
230.0 0.6179528087499999
231.0 0.6206412225
232.0 0.6237504312500001
233.0 0.6263449525
234.0 0.6293054250000001
235.0 0.6317628875
236.0 0.63451205125
237.0 0.6376461
238.0 0.6403582737500001
239.0 0.64320271375
240.0 0.6461997712499999
241.0 0.64902895625
242.0 0.65151476875
243.0 0.6544550925
244.0 0.65732265125
245.0 0.66007225375
246.0 0.66300491625
247.0 0.66573231125
248.0 0.6687453662499999
249.0 0.6712621274999999
250.0 0.67430414
251.0 0.67715529625
252.0 0.679849515
253.0 0.68238315125
254.0 0.6854348837500001
255.0 0.6879777675
256.0 0.6910145825
257.0 0.6938386037500001
258.0 0.6966250275
259.0 0.6993119562500001
260.0 0.70239453625
261.0 0.7051924350000001
262.0 0.708069275
263.0 0.71068138
264.0 0.713730615
265.0 0.716227835
266.0 0.7189319087499999
267.0 0.7220075024999999
268.0 0.72511232375
269.0 0.72776735875
270.0 0.73054841625
271.0 0.733441355
272.0 0.7361462049999999
273.0 0.73857082875
274.0 0.7417185799999999
275.0 0.74463872125
276.0 0.74730320625
277.0 0.7503105237500001
278.0 0.7529535775
279.0 0.7559174587499999
280.0 0.75858450875
281.0 0.76150049875
282.0 0.76406920125
283.0 0.7672673412500001
284.0 0.7697498125
285.0 0.77272793625
286.0 0.7752699762499999
287.0 0.7784487775
288.0 0.78119092125
289.0 0.7836665749999999
290.0 0.7868465237500001
291.0 0.78971195625
292.0 0.7921756624999999
293.0 0.79522051
294.0 0.7980856725
295.0 0.8008418562499999
296.0 0.80381485
297.0 0.8066734649999999
298.0 0.8093153037499999
299.0 0.8121915024999999
300.0 0.8147946975
301.0 0.81772077875
302.0 0.82069205125
303.0 0.8234789137499999
304.0 0.82639058375
305.0 0.82909199125
306.0 0.83190470625
307.0 0.83493267875
308.0 0.837492505
309.0 0.84020035875
310.0 0.8430424025
311.0 0.8460751675
312.0 0.8491195425
313.0 0.8516441674999999
314.0 0.8543266075
315.0 0.8569785375
316.0 0.86039223875
317.0 0.86306954875
318.0 0.86590325625
319.0 0.86836402625
320.0 0.87121136875
321.0 0.87379870125
322.0 0.87701979125
323.0 0.87978127375
324.0 0.8825253075
325.0 0.8856570275
326.0 0.8885738612499999
327.0 0.8910418874999999
328.0 0.89368487375
329.0 0.89658463
330.0 0.8995213087499999
331.0 0.90234506
332.0 0.9050826475
333.0 0.907857495
334.0 0.9106452687500001
335.0 0.91363375375
336.0 0.9163929075
337.0 0.919413725
338.0 0.92204854375
339.0 0.9250624762499999
340.0 0.92776044125
341.0 0.93084896125
342.0 0.93330142875
343.0 0.9361407049999999
344.0 0.9391057675
345.0 0.9417289425
346.0 0.9445772299999999
347.0 0.947544385
348.0 0.949963575
349.0 0.95326482125
350.0 0.956243215
351.0 0.95880128625
352.0 0.9616687775
353.0 0.9643620175
354.0 0.96722178
355.0 0.96978039125
356.0 0.9725859849999999
357.0 0.97555661625
358.0 0.9786422674999999
359.0 0.9812163025
360.0 0.98436783375
361.0 0.98702334125
362.0 0.9900238412500001
363.0 0.9928687875
364.0 0.99552304625
365.0 0.9983418025
366.0 1.00119387
367.0 1.0041477275000001
368.0 1.00693378
369.0 1.0095861825
370.0 1.012198355
371.0 1.01517847
372.0 1.0183485975
373.0 1.02095580875
374.0 1.02379896625
375.0 1.02639790875
376.0 1.02935939375
377.0 1.0322197637500001
378.0 1.0352659612500001
379.0 1.03790061125
380.0 1.0402765
381.0 1.0434070387499998
382.0 1.0464175287500002
383.0 1.04892926125
384.0 1.05192679125
385.0 1.0546383237499999
386.0 1.05773737375
387.0 1.06076149875
388.0 1.063359935
389.0 1.06618510375
390.0 1.06878948
391.0 1.0716741837500001
392.0 1.07442436
393.0 1.0774838549999999
394.0 1.0803771312500001
395.0 1.08290229625
396.0 1.0860675974999998
397.0 1.0887388325
398.0 1.0914880974999999
399.0 1.0942347637499998
400.0 1.0968701225000002
401.0 1.0996817575
402.0 1.1028955575000001
403.0 1.1053374275
404.0 1.1083998925
405.0 1.11152196
406.0 1.1140589037500002
407.0 1.1170188025
408.0 1.11978254625
409.0 1.122485405
410.0 1.12522532125
411.0 1.12826402625
412.0 1.13094342875
413.0 1.1335538799999998
414.0 1.1366913374999998
415.0 1.13957043875
416.0 1.1421462624999998
417.0 1.1449124025000001
418.0 1.1477808725
419.0 1.1506969637500002
420.0 1.15387492125
421.0 1.15616370125
422.0 1.1591780725
423.0 1.16210476125
424.0 1.1648791699999999
425.0 1.167418915
426.0 1.1704205962499998
427.0 1.17347351
428.0 1.17604123375
429.0 1.1787771675
430.0 1.18172201375
431.0 1.18431694
432.0 1.1875432275
433.0 1.1899591437500001
434.0 1.19287614625
435.0 1.1958245025
436.0 1.19874353
437.0 1.20154153
438.0 1.2044421299999999
439.0 1.20744340625
440.0 1.209986695
441.0 1.21261442625
442.0 1.2156848225
443.0 1.2183912250000002
444.0 1.2213510225
445.0 1.22402978375
446.0 1.226669125
447.0 1.22955848625
448.0 1.2326121425
449.0 1.235370115
450.0 1.2382157024999998
451.0 1.2410150524999999
452.0 1.2438859525
453.0 1.2464474325000001
454.0 1.249404395
455.0 1.2521422862499998
456.0 1.25510961
457.0 1.2578622162500002
458.0 1.2606213362499998
459.0 1.26373726125
460.0 1.2664511225000001
461.0 1.269279025
462.0 1.2721776
463.0 1.2748670262500001
464.0 1.27747170625
465.0 1.2803861437500001
466.0 1.2831641975
467.0 1.2859879825
468.0 1.2891360375
469.0 1.2919368725
470.0 1.29471897625
471.0 1.2979713187500002
472.0 1.30043057
473.0 1.3032958675
474.0 1.3055967975
475.0 1.308899225
476.0 1.31151959875
477.0 1.3145320125
478.0 1.31747301125
479.0 1.3200139712499999
480.0 1.32262992375
481.0 1.32592793
482.0 1.32837847375
483.0 1.33132402875
484.0 1.3340044775
485.0 1.33671320875
486.0 1.33967624625
487.0 1.3427019575
488.0 1.3451496325
489.0 1.3484025825000001
490.0 1.35098481875
491.0 1.35376175875
492.0 1.356860775
493.0 1.3595882375000001
494.0 1.36208981125
495.0 1.3652875125
496.0 1.3680956712499999
497.0 1.37096036125
498.0 1.3740336937500002
499.0 1.3765327362500002
500.0 1.37919593875
501.0 1.3823557725
502.0 1.3850053062499998
503.0 1.387723825
504.0 1.39091477625
505.0 1.39391007875
506.0 1.39601640625
507.0 1.3989042150000002
508.0 1.4017662725
509.0 1.40477720125
510.0 1.40762265375
511.0 1.410021695
512.0 1.4133371499999998
513.0 1.4162335987499999
514.0 1.4191188425
515.0 1.42186220125
516.0 1.42447396875
517.0 1.427118035
518.0 1.43025799
519.0 1.4328519712499999
520.0 1.435711835
521.0 1.4387097025
522.0 1.4420418975
523.0 1.443942485
524.0 1.44741990625
525.0 1.4499434174999999
526.0 1.452588395
527.0 1.4556543700000002
528.0 1.45849108125
529.0 1.4609898875
530.0 1.46396207125
531.0 1.4669268975
532.0 1.4697519312499998
533.0 1.4724605275
534.0 1.4754316650000001
535.0 1.4781830224999999
536.0 1.4810601325000001
537.0 1.483629375
538.0 1.48657644875
539.0 1.4892746837500002
540.0 1.49279992875
541.0 1.495388105
542.0 1.4980161399999998
543.0 1.5006199087499998
544.0 1.50367899875
545.0 1.50645739
546.0 1.5091371299999998
547.0 1.5120805587500001
548.0 1.5149868625
549.0 1.5178338
550.0 1.52055269
551.0 1.5233696575
552.0 1.5261309037500002
553.0 1.52901206375
554.0 1.53153236875
555.0 1.5348045225
556.0 1.5375315462499999
557.0 1.53994594375
558.0 1.5430258575
559.0 1.5457436337500001
560.0 1.5485913475
561.0 1.55165982
562.0 1.55434128125
563.0 1.55718207625
564.0 1.56003022875
565.0 1.5628698087500001
566.0 1.5657115149999998
567.0 1.56874107375
568.0 1.571450075
569.0 1.57435212625
570.0 1.57722039375
571.0 1.57970958125
572.0 1.5830509225
573.0 1.58527473375
574.0 1.58827064375
575.0 1.5911907512499999
576.0 1.59372266625
577.0 1.5970598225000001
578.0 1.59979649875
579.0 1.60252359
580.0 1.60467794375
581.0 1.6080672437499999
582.0 1.610915025
583.0 1.6139280125
584.0 1.6164045775
585.0 1.618976115
586.0 1.62193436
587.0 1.624622875
588.0 1.6279129162500001
589.0 1.6306450700000001
590.0 1.63359508
591.0 1.635990375
592.0 1.63928473625
593.0 1.6421396725000001
594.0 1.644435
595.0 1.64761670375
596.0 1.64992451875
597.0 1.65306589125
598.0 1.6561389875
599.0 1.65849685375
600.0 1.6618082250000001
601.0 1.664581385
602.0 1.6673043925000002
603.0 1.6701974325000002
604.0 1.6730869625
605.0 1.67590497625
606.0 1.6787441175
607.0 1.6817321299999999
608.0 1.68432611125
609.0 1.6872392324999999
610.0 1.6901587324999998
611.0 1.6925093425
612.0 1.6953609375
613.0 1.69838880875
614.0 1.7012293674999999
615.0 1.704303645
616.0 1.7069779512499998
617.0 1.70990136625
618.0 1.7125995
619.0 1.7156390487500002
620.0 1.71827133625
621.0 1.72127203875
622.0 1.7242866799999998
623.0 1.7266661799999998
624.0 1.7294041725
625.0 1.7324586725000002
626.0 1.735017925
627.0 1.7379427237499998
628.0 1.74056481875
629.0 1.7436036924999998
630.0 1.7463017925
631.0 1.7492633787499998
632.0 1.7521983025
633.0 1.7552649525
634.0 1.757997815
635.0 1.76044086625
636.0 1.76336272875
637.0 1.76649046625
638.0 1.7687714162500001
639.0 1.7722229512499998
640.0 1.77450545375
641.0 1.77766154125
642.0 1.7800666912499998
643.0 1.7831122475
644.0 1.7860000562499998
645.0 1.78869869625
646.0 1.7916875525
647.0 1.79479747
648.0 1.79740015875
649.0 1.80001145375
650.0 1.80304023625
651.0 1.80594276
652.0 1.80890492
653.0 1.8115725437499999
654.0 1.81441921125
655.0 1.8171229475
656.0 1.8198499375
657.0 1.82292539625
658.0 1.8254629475
659.0 1.82813894125
660.0 1.8314693475
661.0 1.8339843875
662.0 1.836818635
663.0 1.8397010775
664.0 1.84265044625
665.0 1.8454852675
666.0 1.847991465
667.0 1.85047204625
668.0 1.8538907425
669.0 1.8562706475
670.0 1.8598531999999999
671.0 1.8627536312500002
672.0 1.86523728375
673.0 1.86770068625
674.0 1.8708680800000002
675.0 1.8735997949999998
676.0 1.87607025125
677.0 1.879160155
678.0 1.881933045
679.0 1.8849029675
680.0 1.88795000875
681.0 1.8903823274999998
682.0 1.8936684537500001
683.0 1.89606428875
684.0 1.89907612875
685.0 1.9018597175
686.0 1.9041117775
687.0 1.90760249625
688.0 1.91043411125
689.0 1.912842535
690.0 1.9159582575
691.0 1.918865
692.0 1.9216132525
693.0 1.92459951
694.0 1.9275918425
695.0 1.9298922324999999
696.0 1.93301851875
697.0 1.9356580625
698.0 1.93820776375
699.0 1.9412143725
700.0 1.9436267112499999
701.0 1.94695404625
702.0 1.94953233375
703.0 1.95255929375
704.0 1.95492920875
705.0 1.9580176274999999
706.0 1.9609712825
707.0 1.96367242
708.0 1.96688139375
709.0 1.96981625
710.0 1.97236021375
711.0 1.97545707
712.0 1.97801068625
713.0 1.98077669125
714.0 1.9835278799999998
715.0 1.98631342625
716.0 1.9894422775
717.0 1.992294615
718.0 1.99547051375
719.0 1.99774802125
720.0 2.00071011375
721.0 2.00359977875
722.0 2.00662268875
723.0 2.0093042175
724.0 2.01187481
725.0 2.01424617625
726.0 2.01760402125
727.0 2.019999485
728.0 2.02302712
729.0 2.0262382875
730.0 2.02858397
731.0 2.03174701
732.0 2.0342946187499997
733.0 2.0371711550000002
734.0 2.0404289650000003
735.0 2.0428281075
736.0 2.04532853375
737.0 2.0487841525
738.0 2.05131569625
739.0 2.0542629725
740.0 2.057510995
741.0 2.0601042675
742.0 2.062847255
743.0 2.06568619375
744.0 2.0683277962499997
745.0 2.07137757125
746.0 2.0738214325
747.0 2.0769454237500002
748.0 2.0798136575
749.0 2.08214904625
750.0 2.08515589125
751.0 2.08795352
752.0 2.09078341375
753.0 2.09362886625
754.0 2.0966167775
755.0 2.09959858
756.0 2.10196036125
757.0 2.10530079125
758.0 2.10795046
759.0 2.11057684125
760.0 2.1132218525
761.0 2.11661111875
762.0 2.11933952625
763.0 2.12206007
764.0 2.12457676375
765.0 2.12788638
766.0 2.13081718625
767.0 2.13321909625
768.0 2.13598915125
769.0 2.13891935
770.0 2.14199545
771.0 2.14481751375
772.0 2.1474564500000004
773.0 2.15015188375
774.0 2.15279942625
775.0 2.1561494075
776.0 2.1584197599999997
777.0 2.16159930375
778.0 2.16426497
779.0 2.1675139375
780.0 2.17052338125
781.0 2.17282694375
782.0 2.17544046625
783.0 2.17869409125
784.0 2.1813232062499996
785.0 2.18421084625
786.0 2.18715950625
787.0 2.1898601375
788.0 2.19278254
789.0 2.19553973625
790.0 2.19837071
791.0 2.2011415750000003
792.0 2.2043623612500003
793.0 2.20682731625
794.0 2.2099464474999997
795.0 2.2125832912499996
796.0 2.2150615775
797.0 2.21808749125
798.0 2.2205795475
799.0 2.2235998925000002
800.0 2.2266140950000004
801.0 2.2295958975
802.0 2.2320412775
803.0 2.23468932625
804.0 2.2378015724999996
805.0 2.2403687225
806.0 2.2437611612499997
807.0 2.24585365125
808.0 2.24953819625
809.0 2.2517566075
810.0 2.2545769837500003
811.0 2.2571940837500004
812.0 2.26042853875
813.0 2.26292299125
814.0 2.26626072125
815.0 2.26865736625
816.0 2.27178024375
817.0 2.27456730875
818.0 2.2777598125
819.0 2.28030978375
820.0 2.2830023487499997
821.0 2.2855442875
822.0 2.28907928625
823.0 2.2915707687499998
824.0 2.2947709337499997
825.0 2.2971413212500003
826.0 2.30022140375
827.0 2.3026595612499996
828.0 2.30544392625
829.0 2.30840392625
830.0 2.311525015
831.0 2.313903435
832.0 2.31667295
833.0 2.31961867375
834.0 2.3222458312499996
835.0 2.32544613125
836.0 2.3282426800000002
837.0 2.33081350875
838.0 2.3334984125
839.0 2.33641727125
840.0 2.3390003512499997
841.0 2.3420040237500004
842.0 2.34516497125
843.0 2.34744983625
844.0 2.3507729525000003
845.0 2.3532650425
846.0 2.35630769625
847.0 2.35917758375
848.0 2.3619406862499996
849.0 2.3653793962500003
850.0 2.36755680125
851.0 2.3706978025
852.0 2.372955465
853.0 2.37625833125
854.0 2.3790642625
855.0 2.38125526875
856.0 2.38447889
857.0 2.387635045
858.0 2.39057975625
859.0 2.39293083875
860.0 2.39566086625
861.0 2.3993294475
862.0 2.40152092625
863.0 2.4045755612499997
864.0 2.40780731625
865.0 2.41007226875
866.0 2.41280094625
867.0 2.41591356375
868.0 2.4186595212500004
869.0 2.4215152675000002
870.0 2.4239336475
871.0 2.42752980125
872.0 2.42983086625
873.0 2.43260325
874.0 2.4356246749999997
875.0 2.4385088725
876.0 2.44151419875
877.0 2.4442038950000002
878.0 2.44658052625
879.0 2.4497813325
880.0 2.4522043025
881.0 2.4551922475
882.0 2.45803824
883.0 2.4609749187500003
884.0 2.4639184825
885.0 2.4669012974999998
886.0 2.46945788375
887.0 2.47238899375
888.0 2.475122025
889.0 2.477737775
890.0 2.4805151875
891.0 2.48323789125
892.0 2.48605121375
893.0 2.4891330849999997
894.0 2.49252144
895.0 2.49491737625
896.0 2.4974316400000003
897.0 2.5006135125
898.0 2.50327884125
899.0 2.5061239900000003
900.0 2.50891821
901.0 2.5116676775
902.0 2.51479771
903.0 2.5176484275
904.0 2.52047123375
905.0 2.52368192875
906.0 2.52569362125
907.0 2.52871288625
908.0 2.5313066650000002
909.0 2.53450517625
910.0 2.5376568762500002
911.0 2.5397145025
912.0 2.5428351525
913.0 2.5459471625
914.0 2.5484207574999997
915.0 2.5513404937499997
916.0 2.5540020762499998
917.0 2.5573317400000004
918.0 2.5590876412499997
919.0 2.5624680987499997
920.0 2.56543255375
921.0 2.56815367125
922.0 2.5709403312499997
923.0 2.5738854475
924.0 2.576639235
925.0 2.5793459075
926.0 2.5826405387499998
927.0 2.58488989875
928.0 2.5883318487499998
929.0 2.5908451675
930.0 2.5940841787499997
931.0 2.5963072475
932.0 2.599258135
933.0 2.6020151625000003
934.0 2.6046815375000003
935.0 2.6073942175
936.0 2.6106477075
937.0 2.61354780125
938.0 2.61639298375
939.0 2.61902925375
940.0 2.62224548375
941.0 2.6251455775
942.0 2.6276096887500002
943.0 2.6306252412499997
944.0 2.6331638387500003
945.0 2.6362712925
946.0 2.6386574075
947.0 2.6416368475
948.0 2.6447252999999997
949.0 2.6473272462499997
950.0 2.65016588125
951.0 2.6531084325000003
952.0 2.65539859625
953.0 2.6585714575
954.0 2.6615203199999997
955.0 2.6642470400000002
956.0 2.6670707237499998
957.0 2.670449055
958.0 2.67314901125
959.0 2.6754944575
960.0 2.67799863
961.0 2.681140205
962.0 2.68411461625
963.0 2.6869818375
964.0 2.6898274925
965.0 2.6926416925
966.0 2.69536979625
967.0 2.69808207125
968.0 2.701119325
969.0 2.7041201625
970.0 2.70674242625
971.0 2.7094897675
972.0 2.71235212875
973.0 2.7153164825
974.0 2.7180148525
975.0 2.721202665
976.0 2.7238948250000004
977.0 2.72683606
978.0 2.7286995899999997
979.0 2.7321800825
980.0 2.734827895
981.0 2.73816289125
982.0 2.7404574425
983.0 2.74338156625
984.0 2.7461733225
985.0 2.7495279950000002
986.0 2.7519074275000004
987.0 2.75466340875
988.0 2.7576530074999996
989.0 2.7599068900000003
990.0 2.7633533962500003
991.0 2.7661647275
992.0 2.76860332375
993.0 2.7719180362499998
994.0 2.7741333425
995.0 2.7774145412499998
996.0 2.78002732125
997.0 2.78331894875
998.0 2.7860766850000003
999.0 2.7881585437500003
1000.0 2.79147194
