1.0 0.0108845
2.0 0.01313585125
3.0 0.0153919275
4.0 0.01765650875
5.0 0.01991990875
6.0 0.022185705000000003
7.0 0.02446500125
8.0 0.026749224999999998
9.0 0.02903527125
10.0 0.031328135
11.0 0.03362261875
12.0 0.03594717375
13.0 0.03825087125
14.0 0.0405663475
15.0 0.04289718
16.0 0.045230847500000004
17.0 0.047567620000000005
18.0 0.04992751125
19.0 0.05223242375
20.0 0.05464378375
21.0 0.0569820075
22.0 0.059398565
23.0 0.06173192875
24.0 0.064100595
25.0 0.06654270125
26.0 0.06888267999999999
27.0 0.07133386500000001
28.0 0.0736918325
29.0 0.07611146125
30.0 0.07861502625
31.0 0.08089310749999999
32.0 0.083400925
33.0 0.08586638625
34.0 0.08825945375
35.0 0.09066538
36.0 0.09314349749999999
37.0 0.09559809125
38.0 0.09808326249999999
39.0 0.10051602
40.0 0.10302889999999999
41.0 0.10555474000000001
42.0 0.10802323875
43.0 0.11052363125
44.0 0.11300363875
45.0 0.11550244500000001
46.0 0.11799224000000001
47.0 0.12044980375
48.0 0.12307284375
49.0 0.12553736
50.0 0.1280526025
51.0 0.13061499375
52.0 0.13308342499999998
53.0 0.13563339624999998
54.0 0.13819177124999998
55.0 0.14074994375
56.0 0.1433396725
57.0 0.14581394250000002
58.0 0.14844471125
59.0 0.1509987325
60.0 0.1535635875
61.0 0.15617397125000002
62.0 0.15860602
63.0 0.1611926775
64.0 0.16386209
65.0 0.16649285875
66.0 0.169030005
67.0 0.17163849875
68.0 0.17411317375
69.0 0.17682538125
70.0 0.1793285075
71.0 0.18201671875
72.0 0.1845327375
73.0 0.18721406375
74.0 0.189752965
75.0 0.192646815
76.0 0.19502186
77.0 0.19762762
78.0 0.20038593
79.0 0.20280171125
80.0 0.2053940725
81.0 0.20817273375
82.0 0.21091210999999999
83.0 0.2133991375
84.0 0.21620625
85.0 0.2187923675
86.0 0.22147504375000002
87.0 0.22411114499999998
88.0 0.22677104
89.0 0.22951318375
90.0 0.23207743125
91.0 0.234692135
92.0 0.23733583
93.0 0.2398428375
94.0 0.24259625375
95.0 0.24544606
96.0 0.24804422625
97.0 0.25072511375
98.0 0.2533230775
99.0 0.25598196
100.0 0.25882585999999996
101.0 0.2613662125
102.0 0.26408085
103.0 0.26669258375
104.0 0.26935264750000004
105.0 0.27205446
106.0 0.27490048625
107.0 0.2773397575
108.0 0.2803424175
109.0 0.28295496124999997
110.0 0.28545251875
111.0 0.2882911875
112.0 0.29102448875000003
113.0 0.29356271500000003
114.0 0.29632706625
115.0 0.29898078499999997
116.0 0.30151783000000004
117.0 0.30451012875
118.0 0.30712304375
119.0 0.30974551
120.0 0.31265822625
121.0 0.31516266875
122.0 0.317977105
123.0 0.32059309125
124.0 0.323268005
125.0 0.32594656375
126.0 0.32893599375000004
127.0 0.33136395874999997
128.0 0.3340467025
129.0 0.3368082525
130.0 0.33961171999999995
131.0 0.34242099249999997
132.0 0.34500943874999995
133.0 0.3478279925
134.0 0.35079528249999997
135.0 0.35341002
136.0 0.35592887375000004
137.0 0.35886396625
138.0 0.3613846425
139.0 0.3642996875
140.0 0.36705344125
141.0 0.3694809
142.0 0.3724192325
143.0 0.3749148325
144.0 0.37790287874999995
145.0 0.38065578875
146.0 0.38331619
147.0 0.38612650875
148.0 0.38869403
149.0 0.39148895875
150.0 0.39427521375
151.0 0.39702501875
152.0 0.399730645
153.0 0.40230235125
154.0 0.40503075875
155.0 0.408118705
156.0 0.41082325124999997
157.0 0.41342124875
158.0 0.41629609749999996
159.0 0.4190997675
160.0 0.42188409875
161.0 0.42442752250000004
162.0 0.4273429725
163.0 0.429901685
164.0 0.43246033
165.0 0.43546984125
166.0 0.43808052875
167.0 0.44079658374999997
168.0 0.4437383925
169.0 0.44638245875
170.0 0.449139925
171.0 0.45187315875
172.0 0.4546795625
173.0 0.45769673499999997
174.0 0.45996394874999996
175.0 0.46295614625
176.0 0.4657230625
177.0 0.46838893125000003
178.0 0.47112759875
179.0 0.47393140375
180.0 0.4765957875
181.0 0.4794022925
182.0 0.48199647625
183.0 0.48470571375
184.0 0.48755798375000003
185.0 0.4905181525
186.0 0.49329168375000004
187.0 0.49578816125
188.0 0.49866236875000003
189.0 0.501572925
190.0 0.50422333625
191.0 0.5067496825
192.0 0.50959624875
193.0 0.51249668
194.0 0.51513116125
195.0 0.5178031049999999
196.0 0.52055253875
197.0 0.5232956950000001
198.0 0.526108815
199.0 0.5287995237500001
200.0 0.5315261087500001
201.0 0.53431006875
202.0 0.53723017625
203.0 0.53984515
204.0 0.5426565825
205.0 0.54536868875
206.0 0.54834070375
207.0 0.55085756625
208.0 0.5536699775
209.0 0.55646436625
210.0 0.5594750587499999
211.0 0.5619383937500001
212.0 0.56476123375
213.0 0.5675477925
214.0 0.57041454125
215.0 0.57297332125
216.0 0.5758049362500001
217.0 0.57854468375
218.0 0.58135861375
219.0 0.58387777125
220.0 0.5868509000000001
221.0 0.589567225
222.0 0.5921684625
223.0 0.5950647425000001
224.0 0.5978658475
225.0 0.60049368
226.0 0.6033511137500001
227.0 0.6061558975
228.0 0.6087498787500001
229.0 0.611230595
230.0 0.61420811125
231.0 0.617258865
232.0 0.61963185125
233.0 0.6227170975
234.0 0.62522015625
235.0 0.62777853125
236.0 0.6308024200000001
237.0 0.63341435625
238.0 0.63631961375
239.0 0.63895909
240.0 0.6416218199999999
241.0 0.644482865
242.0 0.64732200625
243.0 0.6499803824999999
244.0 0.6527831075
245.0 0.6554384125
246.0 0.6581901750000001
247.0 0.66106347125
248.0 0.6637031837499999
249.0 0.66637192125
250.0 0.6690294200000001
251.0 0.67217923
252.0 0.6746416875
253.0 0.67741197875
254.0 0.6801464275
255.0 0.68295813
256.0 0.68564100875
257.0 0.6884653675000001
258.0 0.69121945875
259.0 0.69396534875
260.0 0.6966510287500001
261.0 0.69952840875
262.0 0.702354725
263.0 0.7048556575
264.0 0.7076085675
265.0 0.7104064325
266.0 0.71329063
267.0 0.71591876625
268.0 0.718640795
269.0 0.72118
270.0 0.72401313375
271.0 0.72693044
272.0 0.7294825375
273.0 0.7325367337500001
274.0 0.7349953775
275.0 0.73790910625
276.0 0.740594415
277.0 0.74332204625
278.0 0.74614886875
279.0 0.7485795675
280.0 0.7514649125
281.0 0.754409725
282.0 0.756949335
283.0 0.7597473349999999
284.0 0.76231701625
285.0 0.76494441
286.0 0.7679276975
287.0 0.7707369362500001
288.0 0.77347330875
289.0 0.77639588
290.0 0.77864497
291.0 0.7814181975
292.0 0.7844764775
293.0 0.7872904075
294.0 0.789642975
295.0 0.79227543125
296.0 0.7950390737499999
297.0 0.7978148325000001
298.0 0.8006607575
299.0 0.80340823375
300.0 0.80621946375
301.0 0.8091728825
302.0 0.8116203887500001
303.0 0.81428025
304.0 0.8174058275
305.0 0.81990314875
306.0 0.82269099
307.0 0.825178625
308.0 0.82805981875
309.0 0.8306112075000001
310.0 0.83343637625
311.0 0.83619583375
312.0 0.8390112825
313.0 0.8416877825
314.0 0.84444956875
315.0 0.8468008874999999
316.0 0.84976591625
317.0 0.85240920625
318.0 0.8557351575
319.0 0.85799325875
320.0 0.86061289
321.0 0.86335550625
322.0 0.86626798625
323.0 0.8688718225000001
324.0 0.8714543625000001
325.0 0.8742179037500001
326.0 0.8770753375
327.0 0.8798000662500001
328.0 0.88243154375
329.0 0.8852287675
330.0 0.88818886875
331.0 0.8903774449999999
332.0 0.89345546875
333.0 0.8959375350000001
334.0 0.8988149825
335.0 0.9015692762499999
336.0 0.90445155
337.0 0.90708596375
338.0 0.909469615
339.0 0.91230258
340.0 0.91516089125
341.0 0.9176084649999999
342.0 0.9202479075
343.0 0.9232488462499999
344.0 0.92609413
345.0 0.92892685875
346.0 0.93135263
347.0 0.9343464475
348.0 0.93654973875
349.0 0.93945729125
350.0 0.9424417937499999
351.0 0.944774145
352.0 0.9476122062500001
353.0 0.9505660975
354.0 0.9530471850000001
355.0 0.9558730962499999
356.0 0.95821213
357.0 0.96116615625
358.0 0.96414039875
359.0 0.9665773075
360.0 0.9693408149999999
361.0 0.97189422875
362.0 0.97458665875
363.0 0.97729069875
364.0 0.9802744250000001
365.0 0.98293199125
366.0 0.9856037325
367.0 0.98804631125
368.0 0.9913574125
369.0 0.9935269200000001
370.0 0.99659063375
371.0 0.9989208249999999
372.0 1.00177522125
373.0 1.00422026375
374.0 1.00730939125
375.0 1.00970752125
376.0 1.01261925875
377.0 1.0152601525
378.0 1.0180022625
379.0 1.02071902625
380.0 1.023308215
381.0 1.02598562625
382.0 1.02872456375
383.0 1.0317126775
384.0 1.03422451125
385.0 1.03687367375
386.0 1.039493035
387.0 1.04224689
388.0 1.044932975
389.0 1.04769523375
390.0 1.0502383874999999
391.0 1.0528723625
392.0 1.05597299875
393.0 1.0582164525
394.0 1.06089599
395.0 1.06372858375
396.0 1.0663729199999998
397.0 1.0692613700000002
398.0 1.07183570875
399.0 1.0746029287499999
400.0 1.0773437562500001
401.0 1.08005053
402.0 1.0824334387499999
403.0 1.08560073125
404.0 1.08806737375
405.0 1.090789875
406.0 1.09335651875
407.0 1.09588229125
408.0 1.09882356
409.0 1.101677855
410.0 1.10437234375
411.0 1.10685754875
412.0 1.1095382675
413.0 1.1122433200000001
414.0 1.11492559125
415.0 1.11743081
416.0 1.12006623625
417.0 1.122992385
418.0 1.12532588375
419.0 1.128388045
420.0 1.1310848287500002
421.0 1.1337870125
422.0 1.1365767775000002
423.0 1.13902300125
424.0 1.1416828625
425.0 1.14464266
426.0 1.1471908425
427.0 1.14990780875
428.0 1.15232011375
429.0 1.15522435875
430.0 1.1580670775
431.0 1.16059956625
432.0 1.16299719
433.0 1.16617072625
434.0 1.16846517625
435.0 1.1711710725
436.0 1.1738510149999999
437.0 1.1767565762499999
438.0 1.1793462375000001
439.0 1.1820208475
440.0 1.18503204625
441.0 1.18756416375
442.0 1.190179475
443.0 1.1929113925000001
444.0 1.19544496125
445.0 1.19794690625
446.0 1.20068392
447.0 1.20333122625
448.0 1.2062895387500001
449.0 1.2090032312499999
450.0 1.2117966075
451.0 1.2140567675
452.0 1.2168536200000002
453.0 1.2194781112500002
454.0 1.22185686875
455.0 1.2250260849999999
456.0 1.2274184775
457.0 1.2304262
458.0 1.23326331625
459.0 1.23586860375
460.0 1.2380483375
461.0 1.2408259524999998
462.0 1.24334406375
463.0 1.2460489475
464.0 1.24909794625
465.0 1.25120532
466.0 1.2543183425
467.0 1.25692795
468.0 1.25976270375
469.0 1.261729475
470.0 1.2646741525
471.0 1.26785491125
472.0 1.27013576
473.0 1.27275046375
474.0 1.27551046125
475.0 1.27838993375
476.0 1.2807323425000001
477.0 1.28382136875
478.0 1.28622726125
479.0 1.28894034625
480.0 1.29171843375
481.0 1.29458346125
482.0 1.29705280375
483.0 1.2996644025000001
484.0 1.3023348275
485.0 1.30522418875
486.0 1.30776886125
487.0 1.3103473175
488.0 1.31318733625
489.0 1.3159940774999999
490.0 1.31821053125
491.0 1.3209667825
492.0 1.32340521
493.0 1.32647547125
494.0 1.3290953387500002
495.0 1.3311306225000001
496.0 1.3342997375
497.0 1.33703904625
498.0 1.3392551962500001
499.0 1.342653575
500.0 1.34489736625
501.0 1.34739823125
502.0 1.35034945625
503.0 1.35261764875
504.0 1.35549941625
505.0 1.35812454875
506.0 1.36079045125
507.0 1.36331197125
508.0 1.36606872875
509.0 1.36886814625
510.0 1.3717136325000001
511.0 1.3738302875000001
512.0 1.3768283575
513.0 1.37944279125
514.0 1.38208203125
515.0 1.38489461125
516.0 1.3879231575
517.0 1.39005635
518.0 1.39268198875
519.0 1.39520188875
520.0 1.3984856187499999
521.0 1.40105783125
522.0 1.4030748899999999
523.0 1.40573427875
524.0 1.40903522125
525.0 1.41157321125
526.0 1.413852575
527.0 1.4167062962499999
528.0 1.4193914025
529.0 1.4216062024999998
530.0 1.4245346799999998
531.0 1.4276475337499999
532.0 1.42979638625
533.0 1.432747645
534.0 1.435430625
535.0 1.4383800275
536.0 1.44033923875
537.0 1.443319185
538.0 1.44612612875
539.0 1.4489353
540.0 1.45099501875
541.0 1.4541575525
542.0 1.4562822737499999
543.0 1.45922857125
544.0 1.46178802625
545.0 1.46439061375
546.0 1.46739820125
547.0 1.4701081812499999
548.0 1.4726855237499998
549.0 1.4750809875
550.0 1.4777899887500001
551.0 1.48034242375
552.0 1.4828639775
553.0 1.48573558625
554.0 1.4886765175
555.0 1.490856825
556.0 1.4940262437499998
557.0 1.49644273375
558.0 1.49919253875
559.0 1.50160308875
560.0 1.504328155
561.0 1.5067580437499999
562.0 1.5093924575
563.0 1.5119367925
564.0 1.51456425375
565.0 1.51736519
566.0 1.5201694675
567.0 1.5227994599999999
568.0 1.52538358625
569.0 1.52808546625
570.0 1.53076338375
571.0 1.5332162225
572.0 1.535571355
573.0 1.53862413375
574.0 1.5415274675000001
575.0 1.54367108875
576.0 1.54672464375
577.0 1.54916914625
578.0 1.5517021075
579.0 1.55480881875
580.0 1.5575175162500001
581.0 1.5597562112499999
582.0 1.5625987275
583.0 1.5648946287499998
584.0 1.56772334125
585.0 1.57007989125
586.0 1.5732541025
587.0 1.5757700874999998
588.0 1.5784104075
589.0 1.5809633825
590.0 1.5839930425
591.0 1.58646106875
592.0 1.58862706625
593.0 1.59128196625
594.0 1.5940853325
595.0 1.5965397912500001
596.0 1.59965629
597.0 1.60169278875
598.0 1.60430016875
599.0 1.60679576875
600.0 1.60975131375
601.0 1.612987895
602.0 1.61479729
603.0 1.6182519637500001
604.0 1.6205423975
605.0 1.62279007
606.0 1.625697825
607.0 1.6282361525
608.0 1.631338105
609.0 1.63354024875
610.0 1.6362475625
611.0 1.6392194425
612.0 1.64159695125
613.0 1.6446082175
614.0 1.6466133625000001
615.0 1.6496397150000002
616.0 1.6522826000000002
617.0 1.65497641375
618.0 1.65729955125
619.0 1.6603340037499998
620.0 1.66295096875
621.0 1.6654956075
622.0 1.667959685
623.0 1.670923195
624.0 1.6734238912500001
625.0 1.6757410887500002
626.0 1.67826649
627.0 1.68100667625
628.0 1.68386934125
629.0 1.686285595
630.0 1.6890209550000002
631.0 1.6918258400000001
632.0 1.69429022125
633.0 1.6972838700000001
634.0 1.6998608075000001
635.0 1.7025843887499998
636.0 1.7052715875
637.0 1.7075865575000002
638.0 1.710462655
639.0 1.71254583
640.0 1.71584417375
641.0 1.718314225
642.0 1.72106615625
643.0 1.7229039350000002
644.0 1.726483855
645.0 1.7287807350000002
646.0 1.73139797
647.0 1.7342941487499999
648.0 1.7367882637499998
649.0 1.739255615
650.0 1.7422533475
651.0 1.7448898874999998
652.0 1.747777325
653.0 1.75032540625
654.0 1.7529102075
655.0 1.755646175
656.0 1.7585020900000001
657.0 1.7608580325
658.0 1.76338491875
659.0 1.76597785375
660.0 1.7683417275
661.0 1.77173841875
662.0 1.77400175125
663.0 1.77666421125
664.0 1.77907145375
665.0 1.7817747175
666.0 1.7845910774999998
667.0 1.7875351474999999
668.0 1.7908042975
669.0 1.7925026212500001
670.0 1.7953566125
671.0 1.79798636875
672.0 1.8002106525000001
673.0 1.8032793950000001
674.0 1.8053299675
675.0 1.80792948375
676.0 1.81087983125
677.0 1.81346230375
678.0 1.8158174362500001
679.0 1.8186424025
680.0 1.82224949125
681.0 1.8240244612499998
682.0 1.827400565
683.0 1.82966116375
684.0 1.83200893875
685.0 1.83448536875
686.0 1.8376475987499998
687.0 1.8405735787500002
688.0 1.842799415
689.0 1.8455240425
690.0 1.84853881875
691.0 1.8509531825
692.0 1.85360518
693.0 1.85627341125
694.0 1.8587444412499998
695.0 1.86095330125
696.0 1.86441027
697.0 1.86659709125
698.0 1.87004369875
699.0 1.8729783187500002
700.0 1.87514053625
701.0 1.8772523987499998
702.0 1.8802202625
703.0 1.88305775
704.0 1.885934725
705.0 1.88863026
706.0 1.89077273375
707.0 1.8937085687500002
708.0 1.89627524625
709.0 1.8989121574999999
710.0 1.90224587125
711.0 1.90464670125
712.0 1.90724550875
713.0 1.90952362375
714.0 1.9128006375
715.0 1.91566117625
716.0 1.91828614
717.0 1.92035352
718.0 1.9228282962499998
719.0 1.9258496875
720.0 1.9288246725
721.0 1.930698665
722.0 1.9349703249999999
723.0 1.936927275
724.0 1.9398517025
725.0 1.9424306312500002
726.0 1.94491975125
727.0 1.9477652037500002
728.0 1.94948371
729.0 1.952779185
730.0 1.956004055
731.0 1.95923091625
732.0 1.96095033375
733.0 1.96348042625
734.0 1.96665473875
735.0 1.9690578975
736.0 1.9721133425
737.0 1.9751426650000001
738.0 1.97704429875
739.0 1.9799010575
740.0 1.98277948375
741.0 1.98570877125
742.0 1.98789285875
743.0 1.99119616375
744.0 1.99306549875
745.0 1.9964965475
746.0 1.99936943875
747.0 2.0022838425000002
748.0 2.0054811725
749.0 2.007312775
750.0 2.01086876625
751.0 2.0132802275
752.0 2.01532124875
753.0 2.0180280225
754.0 2.02178590625
755.0 2.02426341625
756.0 2.0265556725000002
757.0 2.02911597125
758.0 2.03230688875
759.0 2.03478527625
760.0 2.0377176012500002
761.0 2.0402586287499997
762.0 2.04288106125
763.0 2.04603937625
764.0 2.04861921625
765.0 2.0514754012500003
766.0 2.0538941525000003
767.0 2.05776091375
768.0 2.0593608225
769.0 2.06365064
770.0 2.06427645625
771.0 2.06745205125
772.0 2.0707863725
773.0 2.0734734025
774.0 2.07637947
775.0 2.0789843525
776.0 2.0814047575
777.0 2.08401736875
778.0 2.0866185725
779.0 2.08945892875
780.0 2.09296993125
781.0 2.09565878375
782.0 2.0985321475
783.0 2.09962047375
784.0 2.1032002925
785.0 2.10531002875
786.0 2.1088393575
787.0 2.11159466375
788.0 2.1148314475
789.0 2.11659099375
790.0 2.12115438875
791.0 2.12331869875
792.0 2.12530872375
793.0 2.12862633875
794.0 2.1308525462500003
795.0 2.1346623712499997
796.0 2.13754785125
797.0 2.1397544162499997
798.0 2.14298958
799.0 2.145433475
800.0 2.14858304875
801.0 2.1506172862499997
802.0 2.1534857562500003
803.0 2.15602138375
804.0 2.1593940787499997
805.0 2.16285013625
806.0 2.16582964375
807.0 2.1676664100000003
808.0 2.17101990125
809.0 2.17218811375
810.0 2.1757372875
811.0 2.17918592
812.0 2.18254309
813.0 2.183780625
814.0 2.187732065
815.0 2.1897432512500004
816.0 2.194009545
817.0 2.1965547575
818.0 2.1985430950000002
819.0 2.2010586749999996
820.0 2.20478912
821.0 2.20884528625
822.0 2.2092911475
823.0 2.21369973125
824.0 2.2161623575
825.0 2.21942600625
826.0 2.22130911125
827.0 2.224307755
828.0 2.2266431775
829.0 2.2299220474999997
830.0 2.2331437112500003
831.0 2.2358136975
832.0 2.23872236375
833.0 2.240809285
834.0 2.24311726875
835.0 2.24586660125
836.0 2.24873547625
837.0 2.25191397375
838.0 2.2552346937500003
839.0 2.25720777625
840.0 2.2625621025
841.0 2.2636311575000003
842.0 2.26626253375
843.0 2.26925088375
844.0 2.2728135575
845.0 2.274771655
846.0 2.27779318125
847.0 2.28180753125
848.0 2.2828835725
849.0 2.2858036800000003
850.0 2.2894763112499996
851.0 2.2919331324999996
852.0 2.2947372075
853.0 2.2970611887500003
854.0 2.30064185125
855.0 2.3045690249999997
856.0 2.3053556262500003
857.0 2.3098185475
858.0 2.31207378
859.0 2.3140082525
860.0 2.31805112125
861.0 2.3205799312499997
862.0 2.3228246337500003
863.0 2.3262018175
864.0 2.3285738250000003
865.0 2.33155815875
866.0 2.3345886625000003
867.0 2.33745547875
868.0 2.340187565
869.0 2.34387038875
870.0 2.3456919674999996
871.0 2.34796350125
872.0 2.35230036625
873.0 2.355197355
874.0 2.356505495
875.0 2.3597457887499997
876.0 2.36284828125
877.0 2.3648192037499998
878.0 2.3696176
879.0 2.37106239375
880.0 2.3739393349999998
881.0 2.37709640125
882.0 2.3795458312499997
883.0 2.3814831387499997
884.0 2.385990205
885.0 2.38800179625
886.0 2.3914387512500004
887.0 2.39587376125
888.0 2.3959545825
889.0 2.3990867075
890.0 2.403040645
891.0 2.40528335625
892.0 2.408687675
893.0 2.41144109125
894.0 2.4149145975
895.0 2.41556525375
896.0 2.42002631875
897.0 2.42104512
898.0 2.42551526375
899.0 2.42886808
900.0 2.43065779875
901.0 2.4331736825
902.0 2.437046755
903.0 2.44073194125
904.0 2.44451766875
905.0 2.44558372
906.0 2.44815832875
907.0 2.45046033875
908.0 2.45337369625
909.0 2.4576850125000003
910.0 2.45902707125
911.0 2.4628722325
912.0 2.46554269125
913.0 2.4682678250000003
914.0 2.4713071375
915.0 2.4722525662500003
916.0 2.47677876875
917.0 2.479149055
918.0 2.48194962
919.0 2.48569856
920.0 2.48784559
921.0 2.4916008075000002
922.0 2.49382441625
923.0 2.4957887574999997
924.0 2.49916074375
925.0 2.5026066087500003
926.0 2.50436369125
927.0 2.5085493225
928.0 2.50978878125
929.0 2.5138181837499998
930.0 2.5161589387500003
931.0 2.51997733625
932.0 2.52188190625
933.0 2.5236916725
934.0 2.52614120375
935.0 2.530838755
936.0 2.534326335
937.0 2.5368041825
938.0 2.5398246287500004
939.0 2.54310822375
940.0 2.546175245
941.0 2.54735203
942.0 2.55054028125
943.0 2.554117805
944.0 2.5563206237499996
945.0 2.5598027025000003
946.0 2.56258737125
947.0 2.5645187725
948.0 2.5670546025
949.0 2.571227105
950.0 2.5726977850000003
951.0 2.57540077875
952.0 2.57971061
953.0 2.5821147137500002
954.0 2.58557846625
955.0 2.58703436375
956.0 2.58946563625
957.0 2.59344799125
958.0 2.59622121875
959.0 2.5980681775
960.0 2.60198536125
961.0 2.60424099875
962.0 2.60792230375
963.0 2.61065307375
964.0 2.6133491487500002
965.0 2.6150335
966.0 2.6183152725
967.0 2.6224978325
968.0 2.623048015
969.0 2.626602015
970.0 2.6292523925
971.0 2.6319729025
972.0 2.634893145
973.0 2.6381871012499998
974.0 2.64198302125
975.0 2.6435280525000002
976.0 2.64678994625
977.0 2.648532415
978.0 2.65261868625
979.0 2.6553892475
980.0 2.6581996337500002
981.0 2.6608295925
982.0 2.664684035
983.0 2.6652685750000003
984.0 2.66905761
985.0 2.67160326125
986.0 2.67439214875
987.0 2.6769590625
988.0 2.68080327875
989.0 2.682817705
990.0 2.686128165
991.0 2.68924608125
992.0 2.6903182075
993.0 2.69564604
994.0 2.6976195274999997
995.0 2.700892255
996.0 2.7016830075
997.0 2.7047805387499997
998.0 2.7089278975
999.0 2.7106436025000002
1000.0 2.71346242625
