1.0 0.0108845
2.0 0.013139125
3.0 0.01540455
4.0 0.017690360000000002
5.0 0.019970095
6.0 0.022266435
7.0 0.0245729
8.0 0.02690029
9.0 0.02920851
10.0 0.0315791
11.0 0.03388273
12.0 0.03619284
13.0 0.038554115
14.0 0.040938745000000006
15.0 0.043293675000000004
16.0 0.045592715
17.0 0.047999755
18.0 0.0503451
19.0 0.052777655
20.0 0.055067245
21.0 0.057439185
22.0 0.05987093
23.0 0.062229775
24.0 0.06455973000000001
25.0 0.06697514
26.0 0.069356125
27.0 0.07179124499999999
28.0 0.074162645
29.0 0.07654849000000001
30.0 0.078999945
31.0 0.081328145
32.0 0.08382091
33.0 0.08623254
34.0 0.08863715
35.0 0.09112951
36.0 0.093720015
37.0 0.096188345
38.0 0.098626705
39.0 0.10117036500000001
40.0 0.10354136
41.0 0.10599011500000001
42.0 0.108481935
43.0 0.11088236
44.0 0.11339011
45.0 0.11574018
46.0 0.11830787
47.0 0.12076054
48.0 0.12325938
49.0 0.125753225
50.0 0.128214535
51.0 0.13104669
52.0 0.13370401999999998
53.0 0.13632679
54.0 0.13880673000000002
55.0 0.14124832999999998
56.0 0.143643895
57.0 0.146169465
58.0 0.14865629
59.0 0.151178755
60.0 0.15365788500000002
61.0 0.1560683
62.0 0.158559715
63.0 0.16098457500000002
64.0 0.16354781
65.0 0.16603585
66.0 0.16861893
67.0 0.17113113500000002
68.0 0.173663995
69.0 0.176179035
70.0 0.17873754500000003
71.0 0.181283095
72.0 0.18389492999999998
73.0 0.186409295
74.0 0.189045025
75.0 0.1916493
76.0 0.19408712
77.0 0.196618225
78.0 0.19936371
79.0 0.20192923999999998
80.0 0.20447128
81.0 0.20708028
82.0 0.20977163000000001
83.0 0.212274385
84.0 0.215019735
85.0 0.21761982500000002
86.0 0.22011286
87.0 0.222927735
88.0 0.22541186
89.0 0.228220795
90.0 0.230686695
91.0 0.233300285
92.0 0.235866625
93.0 0.23867151
94.0 0.24116279000000002
95.0 0.24382984
96.0 0.24643357500000002
97.0 0.24900355999999998
98.0 0.25165414
99.0 0.254218725
100.0 0.25681031
101.0 0.259458055
102.0 0.26190357000000003
103.0 0.26453916499999997
104.0 0.267089845
105.0 0.269647545
106.0 0.272281385
107.0 0.27484705
108.0 0.277472925
109.0 0.280236365
110.0 0.282667705
111.0 0.28528183500000004
112.0 0.287845745
113.0 0.29044434999999996
114.0 0.293143935
115.0 0.29577548
116.0 0.29836774
117.0 0.30106084499999997
118.0 0.30347234
119.0 0.30623389
120.0 0.309028245
121.0 0.31147943
122.0 0.314217355
123.0 0.316847145
124.0 0.31959344
125.0 0.322239025
126.0 0.324916875
127.0 0.327801005
128.0 0.330421075
129.0 0.33318572999999996
130.0 0.33575207
131.0 0.338485
132.0 0.341181075
133.0 0.343856765
134.0 0.346551625
135.0 0.349455735
136.0 0.35206608500000003
137.0 0.35480428
138.0 0.35746890000000003
139.0 0.3603884
140.0 0.36298228000000005
141.0 0.36564987
142.0 0.36832596500000003
143.0 0.37113112
144.0 0.373827735
145.0 0.37659846500000005
146.0 0.37914253000000003
147.0 0.38194188
148.0 0.38465618
149.0 0.38741503000000005
150.0 0.38983395
151.0 0.39258821000000005
152.0 0.39528766
153.0 0.3978405
154.0 0.40036917499999997
155.0 0.40302596500000004
156.0 0.40581627000000003
157.0 0.408074135
158.0 0.41110798
159.0 0.41345615999999996
160.0 0.41604734000000004
161.0 0.41883994
162.0 0.421179345
163.0 0.423902285
164.0 0.42642515500000006
165.0 0.42920465999999996
166.0 0.431862665
167.0 0.434400655
168.0 0.43714776
169.0 0.43959908000000003
170.0 0.442435555
171.0 0.445029165
172.0 0.447602795
173.0 0.450189655
174.0 0.45294323999999997
175.0 0.455638775
176.0 0.45814720000000003
177.0 0.460962345
178.0 0.46349358500000004
179.0 0.46621558
180.0 0.46882971
181.0 0.471585185
182.0 0.47406134499999997
183.0 0.4767369
184.0 0.479336045
185.0 0.48214714000000003
186.0 0.48483201000000004
187.0 0.48727091
188.0 0.48990394
189.0 0.492588675
190.0 0.49533632
191.0 0.49803415
192.0 0.500724285
193.0 0.50339336
194.0 0.50594998
195.0 0.50856195
196.0 0.5113376749999999
197.0 0.514269595
198.0 0.516783555
199.0 0.51970967
200.0 0.52205893
201.0 0.525094935
202.0 0.5276060600000001
203.0 0.530481955
204.0 0.533162505
205.0 0.535947815
206.0 0.53871247
207.0 0.541426365
208.0 0.543992975
209.0 0.5467885450000001
210.0 0.5498146949999999
211.0 0.5526076999999999
212.0 0.5552557149999999
213.0 0.55785162
214.0 0.5606610949999999
215.0 0.56357965
216.0 0.56633094
217.0 0.5691440600000001
218.0 0.571765345
219.0 0.5746083000000001
220.0 0.577464755
221.0 0.5801069649999999
222.0 0.5831238000000001
223.0 0.58582271
224.0 0.588467215
225.0 0.59142465
226.0 0.59409845
227.0 0.596896585
228.0 0.59979138
229.0 0.6025865450000001
230.0 0.605168815
231.0 0.6081440699999999
232.0 0.610647635
233.0 0.61363612
234.0 0.6161436
235.0 0.6189343100000001
236.0 0.6218181700000001
237.0 0.624222375
238.0 0.6270414350000001
239.0 0.629753305
240.0 0.632170875
241.0 0.635026925
242.0 0.63775081
243.0 0.64030176
244.0 0.643060745
245.0 0.6457552
246.0 0.648399975
247.0 0.65092487
248.0 0.65377201
249.0 0.656547735
250.0 0.6590217349999999
251.0 0.66196918
252.0 0.664773255
253.0 0.6672531949999999
254.0 0.670237765
255.0 0.672745245
256.0 0.6756639350000001
257.0 0.67837972
258.0 0.681002355
259.0 0.683805755
260.0 0.68640382
261.0 0.689406885
262.0 0.692150885
263.0 0.69476515
264.0 0.69748161
265.0 0.7002196700000001
266.0 0.70290751
267.0 0.7058125649999999
268.0 0.70861475
269.0 0.711354835
270.0 0.71378226
271.0 0.71699336
272.0 0.71951326
273.0 0.7222280999999999
274.0 0.72508604
275.0 0.727955185
276.0 0.73042095
277.0 0.73331399
278.0 0.736263055
279.0 0.738943605
280.0 0.741753215
281.0 0.744370855
282.0 0.747216105
283.0 0.74997671
284.0 0.752821825
285.0 0.755759415
286.0 0.7585289300000001
287.0 0.761352715
288.0 0.76435119
289.0 0.76715891
290.0 0.769816915
291.0 0.772790955
292.0 0.775572215
293.0 0.778222525
294.0 0.781231395
295.0 0.784225685
296.0 0.78673303
297.0 0.789727185
298.0 0.792593495
299.0 0.795604255
300.0 0.798441
301.0 0.8015770400000001
302.0 0.8042403100000001
303.0 0.80695083
304.0 0.80967728
305.0 0.812932255
306.0 0.81554922
307.0 0.81885212
308.0 0.8213704000000001
309.0 0.824435025
310.0 0.8272358599999999
311.0 0.830052625
312.0 0.83276517
313.0 0.835656725
314.0 0.83840086
315.0 0.84173049
316.0 0.8443610899999999
317.0 0.8470961800000001
318.0 0.8497343399999999
319.0 0.852608885
320.0 0.855531355
321.0 0.85854387
322.0 0.861345245
323.0 0.864100045
324.0 0.86689305
325.0 0.869327495
326.0 0.87236917
327.0 0.8750023349999999
328.0 0.8779852850000001
329.0 0.8803819300000001
330.0 0.88364784
331.0 0.886304765
332.0 0.8892377650000001
333.0 0.892020915
334.0 0.89480312
335.0 0.898086985
336.0 0.9005350649999999
337.0 0.9033305
338.0 0.90603616
339.0 0.9087582900000001
340.0 0.9118819100000001
341.0 0.914739175
342.0 0.917545815
343.0 0.920596535
344.0 0.92317192
345.0 0.9260088000000001
346.0 0.92878898
347.0 0.931775305
348.0 0.9345627750000001
349.0 0.9374589200000001
350.0 0.94027528
351.0 0.943273485
352.0 0.94626197
353.0 0.9489949
354.0 0.951823275
355.0 0.9546717650000001
356.0 0.9575379399999999
357.0 0.96049524
358.0 0.96351923
359.0 0.966335725
360.0 0.969373215
361.0 0.972111275
362.0 0.974998645
363.0 0.978096075
364.0 0.98091068
365.0 0.98374351
366.0 0.98655312
367.0 0.9896913199999999
368.0 0.992803735
369.0 0.99566019
370.0 0.9983840749999999
371.0 1.00160314
372.0 1.004517105
373.0 1.00743053
374.0 1.0103164150000001
375.0 1.01331705
376.0 1.01643905
377.0 1.01943739
378.0 1.02234501
379.0 1.0254188149999999
380.0 1.028370175
381.0 1.0313187
382.0 1.0340257099999999
383.0 1.037208325
384.0 1.040293065
385.0 1.04318624
386.0 1.045829665
387.0 1.049161725
388.0 1.05198659
389.0 1.05531082
390.0 1.0580883
391.0 1.060976345
392.0 1.06438954
393.0 1.06699854
394.0 1.06988753
395.0 1.07303275
396.0 1.0755951750000001
397.0 1.07913959
398.0 1.081717945
399.0 1.084670115
400.0 1.08787001
401.0 1.090687315
402.0 1.093323045
403.0 1.09634852
404.0 1.0992460149999999
405.0 1.102593195
406.0 1.10527388
407.0 1.108348765
408.0 1.111060905
409.0 1.114277405
410.0 1.1168820849999999
411.0 1.120150155
412.0 1.122863645
413.0 1.1258515900000001
414.0 1.129181625
415.0 1.1316344299999999
416.0 1.13506666
417.0 1.1376477150000002
418.0 1.141031345
419.0 1.1437054150000001
420.0 1.146826605
421.0 1.15008482
422.0 1.15284016
423.0 1.15574508
424.0 1.158785405
425.0 1.1615947450000002
426.0 1.1642821799999998
427.0 1.167636785
428.0 1.1708061699999999
429.0 1.17383448
430.0 1.176619925
431.0 1.17973774
432.0 1.18288485
433.0 1.18625903
434.0 1.18878325
435.0 1.1921138249999998
436.0 1.195154555
437.0 1.1979142150000002
438.0 1.2011018249999998
439.0 1.204337495
440.0 1.20716803
441.0 1.210178385
442.0 1.21387751
443.0 1.21669954
444.0 1.219377255
445.0 1.22289548
446.0 1.22541808
447.0 1.22900367
448.0 1.2322901000000002
449.0 1.2350961999999999
450.0 1.2382715249999998
451.0 1.241467235
452.0 1.244460715
453.0 1.247713125
454.0 1.2508367450000002
455.0 1.253800525
456.0 1.25738787
457.0 1.26014105
458.0 1.263715975
459.0 1.2667068899999998
460.0 1.269624365
461.0 1.272692095
462.0 1.2760300949999999
463.0 1.27897727
464.0 1.281916885
465.0 1.28505954
466.0 1.28794718
467.0 1.29167425
468.0 1.2944655
469.0 1.29773087
470.0 1.30072489
471.0 1.3038331200000002
472.0 1.30644941
473.0 1.3103170149999999
474.0 1.313227605
475.0 1.3161835549999998
476.0 1.31918446
477.0 1.32232293
478.0 1.325419145
479.0 1.3283435049999999
480.0 1.331864025
481.0 1.334703875
482.0 1.337461105
483.0 1.3404898200000002
484.0 1.34386076
485.0 1.34711209
486.0 1.350137565
487.0 1.353175595
488.0 1.35669679
489.0 1.359567555
490.0 1.362845885
491.0 1.365845845
492.0 1.368918705
493.0 1.3718619650000001
494.0 1.37500516
495.0 1.378478025
496.0 1.3815766699999998
497.0 1.38510556
498.0 1.38791409
499.0 1.390889615
500.0 1.394924755
501.0 1.3976340600000001
502.0 1.400671145
503.0 1.40348143
504.0 1.407543165
505.0 1.41078302
506.0 1.414021255
507.0 1.4170951950000001
508.0 1.420163195
509.0 1.423969375
510.0 1.4268234
511.0 1.430084855
512.0 1.4332082050000001
513.0 1.4365629450000001
514.0 1.43987597
515.0 1.4431394499999999
516.0 1.4459948249999999
517.0 1.4490724099999999
518.0 1.4529901
519.0 1.4562376499999998
520.0 1.4595382549999998
521.0 1.46268577
522.0 1.4656418549999999
523.0 1.469687255
524.0 1.47269599
525.0 1.475759265
526.0 1.47862922
527.0 1.48238248
528.0 1.48540539
529.0 1.4886320149999999
530.0 1.49244238
531.0 1.49536674
532.0 1.49902361
533.0 1.501743175
534.0 1.5050827949999999
535.0 1.507898075
536.0 1.5118865049999999
537.0 1.515155115
538.0 1.518294125
539.0 1.52145649
540.0 1.525173165
541.0 1.528331345
542.0 1.53111895
543.0 1.53457305
544.0 1.53774257
545.0 1.541090155
546.0 1.54393824
547.0 1.54732376
548.0 1.550974555
549.0 1.554411645
550.0 1.55766041
551.0 1.5606850749999999
552.0 1.56419007
553.0 1.567831685
554.0 1.5706714
555.0 1.574351085
556.0 1.577682605
557.0 1.5805400049999998
558.0 1.5837116850000001
559.0 1.5871610600000001
560.0 1.59111061
561.0 1.59389052
562.0 1.59792377
563.0 1.600253995
564.0 1.60430196
565.0 1.6073059699999999
566.0 1.6114186000000001
567.0 1.6149132
568.0 1.6182907549999999
569.0 1.62145852
570.0 1.6248754950000002
571.0 1.628487815
572.0 1.63140124
573.0 1.635344175
574.0 1.63887131
575.0 1.6419189250000001
576.0 1.645503975
577.0 1.64909321
578.0 1.6524445749999999
579.0 1.65540606
580.0 1.65934643
581.0 1.663062835
582.0 1.66632969
583.0 1.669381355
584.0 1.673538805
585.0 1.676506905
586.0 1.679972615
587.0 1.68332776
588.0 1.6867182749999998
589.0 1.689841895
590.0 1.693874335
591.0 1.69731804
592.0 1.7008445
593.0 1.7043559750000001
594.0 1.70740602
595.0 1.710943955
596.0 1.71447298
597.0 1.71755745
598.0 1.72171814
599.0 1.724678545
600.0 1.7288607
601.0 1.73171243
602.0 1.734696325
603.0 1.738766295
604.0 1.742161535
605.0 1.745671255
606.0 1.7487925800000002
607.0 1.75220024
608.0 1.7564721699999999
609.0 1.75938708
610.0 1.76342249
611.0 1.766703385
612.0 1.77016005
613.0 1.7739910700000001
614.0 1.777092685
615.0 1.7808367649999999
616.0 1.78384118
617.0 1.7879208700000002
618.0 1.791986655
619.0 1.79516819
620.0 1.798337305
621.0 1.8015507
622.0 1.80560042
623.0 1.8097747450000001
624.0 1.81322115
625.0 1.817615525
626.0 1.82062399
627.0 1.823540115
628.0 1.82741177
629.0 1.831140325
630.0 1.83503952
631.0 1.837996685
632.0 1.84212646
633.0 1.845809655
634.0 1.8492534950000001
635.0 1.8527059750000001
636.0 1.85676501
637.0 1.8598955149999998
638.0 1.86366079
639.0 1.86749235
640.0 1.870917965
641.0 1.8738485349999998
642.0 1.878602955
643.0 1.88222243
644.0 1.885537885
645.0 1.889284935
646.0 1.892483615
647.0 1.896588685
648.0 1.90087101
649.0 1.904006105
650.0 1.908418975
651.0 1.91086854
652.0 1.91527655
653.0 1.918604695
654.0 1.9218691200000002
655.0 1.9256353400000001
656.0 1.92910294
657.0 1.93311108
658.0 1.93661027
659.0 1.941364285
660.0 1.945127805
661.0 1.947696575
662.0 1.95186199
663.0 1.95587769
664.0 1.9599468500000001
665.0 1.963478305
666.0 1.966743675
667.0 1.97052542
668.0 1.973975335
669.0 1.978596105
670.0 1.982619635
671.0 1.985495125
672.0 1.98906654
673.0 1.993577555
674.0 1.997405875
675.0 2.00026638
676.0 2.004673715
677.0 2.00841847
678.0 2.01204645
679.0 2.0166961100000003
680.0 2.01993421
681.0 2.024302125
682.0 2.02757978
683.0 2.032011685
684.0 2.035308105
685.0 2.039178275
686.0 2.043358135
687.0 2.04723006
688.0 2.051036645
689.0 2.05551121
690.0 2.058363885
691.0 2.062113365
692.0 2.06582221
693.0 2.0704311
694.0 2.073662045
695.0 2.07801187
696.0 2.0819514299999997
697.0 2.0854039099999997
698.0 2.089906015
699.0 2.0939556
700.0 2.09733815
701.0 2.1010044700000003
702.0 2.10483981
703.0 2.110181885
704.0 2.112776305
705.0 2.11636905
706.0 2.1205676749999998
707.0 2.125124185
708.0 2.12846961
709.0 2.132770295
710.0 2.136689605
711.0 2.14069923
712.0 2.1443459750000002
713.0 2.1485088250000004
714.0 2.15264508
715.0 2.1566051600000002
716.0 2.16088627
717.0 2.16513417
718.0 2.168895395
719.0 2.1728125449999998
720.0 2.176640325
721.0 2.181266495
722.0 2.184859915
723.0 2.188929345
724.0 2.192678825
725.0 2.197182685
726.0 2.200968075
727.0 2.20449467
728.0 2.2092391
729.0 2.212082865
730.0 2.216639105
731.0 2.22139231
732.0 2.225054985
733.0 2.2295306299999997
734.0 2.2323553599999997
735.0 2.237558385
736.0 2.2410470449999997
737.0 2.24538688
738.0 2.249120295
739.0 2.252327075
740.0 2.25799396
741.0 2.262666435
742.0 2.2663812200000004
743.0 2.26939387
744.0 2.2740925350000003
745.0 2.277584975
746.0 2.282595895
747.0 2.2863797999999997
748.0 2.29060691
749.0 2.2948133650000004
750.0 2.29919748
751.0 2.303503295
752.0 2.307225775
753.0 2.312368185
754.0 2.3162756150000003
755.0 2.32101019
756.0 2.3245500150000002
757.0 2.32940366
758.0 2.332761775
759.0 2.33694501
760.0 2.341140125
761.0 2.34536116
762.0 2.3493126
763.0 2.35362611
764.0 2.3583124900000003
765.0 2.362270815
766.0 2.36728943
767.0 2.37096844
768.0 2.375475
769.0 2.3796841549999996
770.0 2.3839666150000003
771.0 2.3876153849999997
772.0 2.392212395
773.0 2.396485405
774.0 2.400387165
775.0 2.4054704449999997
776.0 2.410058545
777.0 2.4140818050000004
778.0 2.41876157
779.0 2.422274125
780.0 2.4275582850000004
781.0 2.43133841
782.0 2.435607235
783.0 2.43997596
784.0 2.44547099
785.0 2.44850713
786.0 2.4538070849999998
787.0 2.4572877799999997
788.0 2.461961335
789.0 2.467054875
790.0 2.47065842
791.0 2.4750303849999997
792.0 2.480987655
793.0 2.48364566
794.0 2.4897544
795.0 2.4939210299999997
796.0 2.4976420249999998
797.0 2.501850235
798.0 2.507033415
799.0 2.5114425049999998
800.0 2.51559037
801.0 2.520362205
802.0 2.52456704
803.0 2.5290497050000003
804.0 2.53307742
805.0 2.538260195
806.0 2.542401445
807.0 2.54676315
808.0 2.55171737
809.0 2.554491745
810.0 2.5597138050000003
811.0 2.564515205
812.0 2.57074261
813.0 2.5742596200000003
814.0 2.57953217
815.0 2.583716215
816.0 2.58766212
817.0 2.59184765
818.0 2.59778521
819.0 2.601941175
820.0 2.60598293
821.0 2.6105456499999997
822.0 2.61656394
823.0 2.620870025
824.0 2.624324125
825.0 2.629644195
826.0 2.634330035
827.0 2.638635445
828.0 2.644216875
829.0 2.64832856
830.0 2.653045585
831.0 2.658552765
832.0 2.66242982
833.0 2.668660735
834.0 2.6727813300000003
835.0 2.676951605
836.0 2.680950565
837.0 2.6851436549999996
838.0 2.69060912
839.0 2.69563975
840.0 2.70171906
841.0 2.70621779
842.0 2.709625315
843.0 2.71608762
844.0 2.719240535
845.0 2.725397875
846.0 2.7299210400000002
847.0 2.7345860899999996
848.0 2.73924142
849.0 2.7434496299999998
850.0 2.74810388
851.0 2.75366965
852.0 2.75784816
853.0 2.763374375
854.0 2.76796099
855.0 2.7723491549999997
856.0 2.77709048
857.0 2.783711005
858.0 2.78634714
859.0 2.7919395049999998
860.0 2.79851278
861.0 2.80150005
862.0 2.80773272
863.0 2.812741885
864.0 2.817680175
865.0 2.821076765
866.0 2.82754042
867.0 2.83281378
868.0 2.8368703849999997
869.0 2.841654235
870.0 2.8476861600000003
871.0 2.85221999
872.0 2.85812866
873.0 2.861390385
874.0 2.86676378
875.0 2.87131678
876.0 2.876887275
877.0 2.882635295
878.0 2.8890307749999997
879.0 2.89189479
880.0 2.8965948050000003
881.0 2.901875185
882.0 2.907316485
883.0 2.91231674
884.0 2.9184352000000002
885.0 2.92254621
886.0 2.9283749599999997
887.0 2.933897125
888.0 2.936922735
889.0 2.94414725
890.0 2.94761917
891.0 2.95522317
892.0 2.96017658
893.0 2.96327752
894.0 2.969348865
895.0 2.97475412
896.0 2.9806363300000003
897.0 2.9842971150000004
898.0 2.989759745
899.0 2.994259285
900.0 3.001649445
901.0 3.006587195
902.0 3.01132285
903.0 3.0176539350000002
904.0 3.021623735
905.0 3.0271733050000003
906.0 3.0332106299999997
907.0 3.037022615
908.0 3.04392988
909.0 3.0501389249999997
910.0 3.055519205
911.0 3.05923615
912.0 3.06507894
913.0 3.0699248900000002
914.0 3.075269395
915.0 3.08089281
916.0 3.085562585
917.0 3.0917320750000004
918.0 3.09660219
919.0 3.102380585
920.0 3.1088522050000003
921.0 3.11351118
922.0 3.11798048
923.0 3.1249179849999997
924.0 3.13077846
925.0 3.13629374
926.0 3.1407517
927.0 3.1475888999999997
928.0 3.153886235
929.0 3.158287495
930.0 3.163851375
931.0 3.1689347900000002
932.0 3.1737199900000004
933.0 3.181034685
934.0 3.18565802
935.0 3.19298635
936.0 3.197919375
937.0 3.20290964
938.0 3.20852563
939.0 3.212928645
940.0 3.219908135
941.0 3.22491406
942.0 3.230358735
943.0 3.23344712
944.0 3.243449935
945.0 3.248637435
946.0 3.25451222
947.0 3.259065355
948.0 3.26610654
949.0 3.271631
950.0 3.2769344649999996
951.0 3.2813559750000003
952.0 3.2885857549999997
953.0 3.2927752000000003
954.0 3.299219145
955.0 3.3060716
956.0 3.31123507
957.0 3.317335845
958.0 3.32329865
959.0 3.329445595
960.0 3.33477255
961.0 3.3406037299999998
962.0 3.3462386200000003
963.0 3.35373705
964.0 3.358163555
965.0 3.36320188
966.0 3.371666775
967.0 3.376621805
968.0 3.3822060699999996
969.0 3.388687275
970.0 3.39765356
971.0 3.399317425
972.0 3.406570155
973.0 3.4110610550000002
974.0 3.4187605
975.0 3.42408489
976.0 3.43104872
977.0 3.4373929
978.0 3.44331156
979.0 3.44793503
980.0 3.45419146
981.0 3.46032639
982.0 3.46641677
983.0 3.472665775
984.0 3.4800055800000003
985.0 3.486929315
986.0 3.4918537
987.0 3.49869522
988.0 3.503151965
989.0 3.509241535
990.0 3.516087915
991.0 3.52227239
992.0 3.5295540099999996
993.0 3.5350593
994.0 3.54033347
995.0 3.548760025
996.0 3.55432809
997.0 3.559216565
998.0 3.5661382749999997
999.0 3.5714079900000004
1000.0 3.578657075
