1.0 128.0
2.0 128.0225
3.0 128.0855
4.0 128.2175
5.0 128.3395
6.0 128.5465
7.0 128.636
8.0 128.8865
9.0 129.205
10.0 129.5845
11.0 129.972
12.0 130.3825
13.0 130.672
14.0 131.316
15.0 131.5445
16.0 132.0675
17.0 132.7895
18.0 133.029
19.0 134.0535
20.0 134.604
21.0 135.0635
22.0 135.992
23.0 137.015
24.0 137.756
25.0 138.0815
26.0 139.298
27.0 140.065
28.0 141.082
29.0 141.703
30.0 142.833
31.0 143.7275
32.0 145.051
33.0 145.952
34.0 147.138
35.0 148.8605
36.0 149.4495
37.0 150.004
38.0 151.6285
39.0 152.8735
40.0 154.6575
41.0 155.894
42.0 157.5215
43.0 158.3715
44.0 159.814
45.0 161.7135
46.0 163.0685
47.0 164.503
48.0 165.7335
49.0 167.254
50.0 169.0495
51.0 170.543
52.0 172.057
53.0 173.4305
54.0 175.467
55.0 177.1935
56.0 178.7195
57.0 180.5265
58.0 181.855
59.0 184.05
60.0 185.584
61.0 187.1605
62.0 189.5
63.0 190.8835
64.0 192.4645
65.0 194.3595
66.0 197.3995
67.0 197.832
68.0 200.6705
69.0 202.85
70.0 204.4615
71.0 206.2555
72.0 208.478
73.0 210.913
74.0 213.4935
75.0 214.371
76.0 215.986
77.0 218.614
78.0 221.2005
79.0 222.7415
80.0 224.7255
81.0 227.1355
82.0 229.589
83.0 231.032
84.0 234.755
85.0 236.8705
86.0 238.831
87.0 240.5555
88.0 242.361
89.0 245.021
90.0 246.466
91.0 250.205
92.0 251.887
93.0 253.293
94.0 256.989
95.0 258.967
96.0 261.6445
97.0 263.6185
98.0 266.3695
99.0 268.658
100.0 271.2585
101.0 273.905
102.0 276.2895
103.0 278.4935
104.0 281.3055
105.0 283.448
106.0 286.2405
107.0 288.5805
108.0 291.2905
109.0 293.6295
110.0 295.7745
111.0 299.308
112.0 301.072
113.0 304.1845
114.0 307.6565
115.0 309.4535
116.0 311.163
117.0 314.0455
118.0 317.1285
119.0 319.3235
120.0 321.762
121.0 325.4395
122.0 327.288
123.0 330.9165
124.0 332.629
125.0 335.4865
126.0 338.4105
127.0 341.528
128.0 344.263
129.0 346.5535
130.0 347.268
131.0 351.092
132.0 354.8495
133.0 356.723
134.0 359.0495
135.0 363.5285
136.0 366.406
137.0 367.937
138.0 371.2795
139.0 374.6775
140.0 376.4035
141.0 379.4565
142.0 382.659
143.0 385.6305
144.0 387.461
145.0 391.0595
146.0 393.4125
147.0 397.1865
148.0 399.0435
149.0 401.893
150.0 405.624
151.0 407.6705
152.0 410.7975
153.0 413.846
154.0 416.7105
155.0 419.5945
156.0 422.5215
157.0 424.7025
158.0 428.3125
159.0 431.201
160.0 433.53
161.0 437.4945
162.0 439.991
163.0 443.159
164.0 444.9745
165.0 449.059
166.0 451.912
167.0 453.5315
168.0 457.4555
169.0 459.9395
170.0 463.695
171.0 467.3295
172.0 468.494
173.0 472.53
174.0 474.3365
175.0 477.8815
176.0 479.9195
177.0 484.199
178.0 487.299
179.0 489.4575
180.0 492.709
181.0 495.259
182.0 498.8945
183.0 501.7265
184.0 504.9285
185.0 507.4485
186.0 510.808
187.0 513.7315
188.0 517.1245
189.0 520.4585
190.0 521.5595
191.0 526.788
192.0 530.0055
193.0 531.0765
194.0 535.47
195.0 537.7255
196.0 541.554
197.0 543.685
198.0 546.874
199.0 550.6615
200.0 553.753
201.0 557.0255
202.0 559.53
203.0 560.8485
204.0 565.9915
205.0 569.322
206.0 570.9245
207.0 575.3995
208.0 578.728
209.0 580.1075
210.0 583.974
211.0 586.66
212.0 590.156
213.0 592.03
214.0 595.3935
215.0 599.087
216.0 602.091
217.0 605.095
218.0 607.9115
219.0 612.5135
220.0 614.5095
221.0 617.9075
222.0 621.0745
223.0 622.998
224.0 627.174
225.0 629.6065
226.0 632.1095
227.0 635.902
228.0 638.8835
229.0 641.5795
230.0 644.175
231.0 648.4855
232.0 651.286
233.0 653.7385
234.0 657.9
235.0 660.6985
236.0 665.089
237.0 666.282
238.0 669.162
239.0 672.798
240.0 675.4015
241.0 678.166
242.0 682.079
243.0 684.5825
244.0 687.5615
245.0 691.4255
246.0 694.1845
247.0 697.1095
248.0 700.318
249.0 702.7495
250.0 706.0925
251.0 711.93
252.0 713.125
253.0 716.8125
254.0 719.5175
255.0 721.8695
256.0 724.916
257.0 728.231
258.0 730.4955
259.0 733.2295
260.0 738.7635
261.0 739.67
262.0 743.273
263.0 747.3635
264.0 749.9335
265.0 753.83
266.0 754.8715
267.0 759.2655
268.0 762.067
269.0 766.0735
270.0 769.25
271.0 771.181
272.0 775.681
273.0 779.755
274.0 781.057
275.0 782.742
276.0 786.8225
277.0 789.5615
278.0 792.971
279.0 798.2955
280.0 800.331
281.0 801.694
282.0 803.0995
283.0 808.077
284.0 811.869
285.0 813.442
286.0 816.6365
287.0 819.5985
288.0 823.566
289.0 826.646
290.0 830.8165
291.0 832.9385
292.0 836.8305
293.0 840.7155
294.0 842.9615
295.0 845.4665
296.0 849.125
297.0 851.2625
298.0 855.684
299.0 857.8155
300.0 858.4285
301.0 863.8755
302.0 867.084
303.0 869.1145
304.0 871.749
305.0 876.4495
306.0 880.322
307.0 882.606
308.0 884.886
309.0 890.6845
310.0 892.548
311.0 893.858
312.0 899.202
313.0 900.9715
314.0 901.4355
315.0 907.0115
316.0 909.266
317.0 913.7735
318.0 915.822
319.0 917.548
320.0 922.827
321.0 924.9015
322.0 929.079
323.0 932.43
324.0 934.4755
325.0 937.9185
326.0 939.9835
327.0 943.5995
328.0 945.655
329.0 949.072
330.0 952.8575
331.0 955.3655
332.0 959.523
333.0 962.203
334.0 963.633
335.0 969.1975
336.0 970.574
337.0 973.1105
338.0 976.569
339.0 980.772
340.0 983.892
341.0 985.5455
342.0 988.972
343.0 993.183
344.0 994.68
345.0 998.9945
346.0 1000.575
347.0 1005.87
348.0 1007.6795
349.0 1009.123
350.0 1013.2315
351.0 1017.238
352.0 1019.3285
353.0 1022.0015
354.0 1024.247
355.0 1029.111
356.0 1030.828
357.0 1034.9705
358.0 1038.5515
359.0 1041.1885
360.0 1042.7275
361.0 1046.7695
362.0 1049.992
363.0 1052.6245
364.0 1056.531
365.0 1056.523
366.0 1061.117
367.0 1064.9035
368.0 1068.212
369.0 1071.166
370.0 1072.984
371.0 1076.7475
372.0 1079.368
373.0 1083.1265
374.0 1085.2655
375.0 1089.427
376.0 1092.2905
377.0 1093.773
378.0 1097.956
379.0 1101.738
380.0 1103.844
381.0 1107.0225
382.0 1109.8055
383.0 1111.527
384.0 1114.305
385.0 1118.899
386.0 1121.834
387.0 1124.513
388.0 1127.285
389.0 1131.439
390.0 1133.298
391.0 1137.4685
392.0 1139.255
393.0 1141.3945
394.0 1144.5705
395.0 1148.604
396.0 1152.2385
397.0 1155.026
398.0 1156.6875
399.0 1158.7655
400.0 1164.6465
401.0 1166.684
402.0 1170.0425
403.0 1172.3705
404.0 1173.8895
405.0 1177.132
406.0 1181.1545
407.0 1185.7725
408.0 1184.4095
409.0 1189.2485
410.0 1191.4095
411.0 1197.0425
412.0 1197.241
413.0 1200.7605
414.0 1205.273
415.0 1207.4115
416.0 1209.7005
417.0 1213.208
418.0 1215.9405
419.0 1221.1985
420.0 1220.7335
421.0 1225.7565
422.0 1230.136
423.0 1231.127
424.0 1235.6085
425.0 1236.5425
426.0 1241.567
427.0 1243.116
428.0 1246.0
429.0 1247.3235
430.0 1252.227
431.0 1255.0495
432.0 1258.418
433.0 1262.3015
434.0 1264.5685
435.0 1266.9275
436.0 1270.856
437.0 1274.267
438.0 1276.5375
439.0 1279.8015
440.0 1280.8955
441.0 1284.189
442.0 1287.4715
443.0 1288.5765
444.0 1295.0945
445.0 1296.528
446.0 1298.0015
447.0 1303.681
448.0 1305.974
449.0 1307.635
450.0 1311.018
451.0 1315.1745
452.0 1318.7065
453.0 1319.147
454.0 1319.913
455.0 1325.0075
456.0 1328.2105
457.0 1331.9755
458.0 1333.954
459.0 1337.8145
460.0 1338.215
461.0 1342.133
462.0 1347.517
463.0 1349.3705
464.0 1351.031
465.0 1355.8515
466.0 1357.5955
467.0 1360.9185
468.0 1361.684
469.0 1366.7885
470.0 1369.951
471.0 1374.0375
472.0 1375.6465
473.0 1374.857
474.0 1379.742
475.0 1384.2325
476.0 1387.7305
477.0 1387.971
478.0 1392.8975
479.0 1394.223
480.0 1399.956
481.0 1401.6405
482.0 1403.696
483.0 1406.8405
484.0 1410.454
485.0 1413.847
486.0 1414.595
487.0 1418.316
488.0 1423.096
489.0 1423.293
490.0 1426.228
491.0 1428.972
492.0 1431.568
493.0 1435.172
494.0 1440.237
495.0 1441.688
496.0 1445.068
497.0 1447.52
498.0 1449.4255
499.0 1452.9565
500.0 1457.6295
501.0 1459.7785
502.0 1462.687
503.0 1463.3815
504.0 1467.2265
505.0 1470.714
506.0 1474.2985
507.0 1476.027
508.0 1479.0915
509.0 1484.2425
510.0 1486.0825
511.0 1488.881
512.0 1491.121
513.0 1495.106
514.0 1497.686
515.0 1497.8855
516.0 1502.9505
517.0 1503.742
518.0 1506.245
519.0 1510.9055
520.0 1513.1975
521.0 1515.3295
522.0 1519.421
523.0 1522.134
524.0 1526.6975
525.0 1526.4585
526.0 1531.3865
527.0 1534.822
528.0 1538.0515
529.0 1539.23
530.0 1543.597
531.0 1544.412
532.0 1548.245
533.0 1548.4325
534.0 1551.9845
535.0 1555.1615
536.0 1559.329
537.0 1561.1495
538.0 1565.8105
539.0 1568.1455
540.0 1572.0295
541.0 1573.901
542.0 1576.7525
543.0 1579.644
544.0 1581.2855
545.0 1584.0905
546.0 1588.695
547.0 1592.1835
548.0 1594.2085
549.0 1596.288
550.0 1598.4695
551.0 1601.4245
552.0 1603.3325
553.0 1606.835
554.0 1608.269
555.0 1614.614
556.0 1616.864
557.0 1618.972
558.0 1619.7035
559.0 1625.397
560.0 1626.6465
561.0 1631.675
562.0 1632.3135
563.0 1637.5425
564.0 1641.0555
565.0 1642.3665
566.0 1644.827
567.0 1649.2195
568.0 1650.8195
569.0 1654.749
570.0 1654.877
571.0 1661.526
572.0 1662.8095
573.0 1663.573
574.0 1668.3255
575.0 1668.824
576.0 1674.1855
577.0 1673.5405
578.0 1678.7985
579.0 1681.3985
580.0 1685.984
581.0 1688.2495
582.0 1690.6165
583.0 1692.376
584.0 1696.1015
585.0 1699.466
586.0 1702.9935
587.0 1703.8715
588.0 1706.6085
589.0 1709.3825
590.0 1712.6065
591.0 1717.0305
592.0 1719.675
593.0 1723.132
594.0 1722.9795
595.0 1729.923
596.0 1728.714
597.0 1732.551
598.0 1734.7365
599.0 1739.6755
600.0 1742.244
601.0 1743.441
602.0 1748.9855
603.0 1751.0305
604.0 1753.0885
605.0 1756.221
606.0 1759.845
607.0 1760.6115
608.0 1766.066
609.0 1769.775
610.0 1772.169
611.0 1772.9005
612.0 1777.709
613.0 1779.4275
614.0 1781.9585
615.0 1782.526
616.0 1786.842
617.0 1790.5775
618.0 1792.265
619.0 1797.5275
620.0 1799.1695
621.0 1801.711
622.0 1804.8605
623.0 1807.3595
624.0 1808.4395
625.0 1813.653
626.0 1816.0955
627.0 1817.986
628.0 1821.6235
629.0 1824.1235
630.0 1828.164
631.0 1828.8995
632.0 1833.021
633.0 1835.5235
634.0 1837.333
635.0 1842.226
636.0 1845.569
637.0 1845.8005
638.0 1848.227
639.0 1854.486
640.0 1853.578
641.0 1856.032
642.0 1859.735
643.0 1863.3775
644.0 1866.0155
645.0 1869.766
646.0 1874.02
647.0 1873.592
648.0 1880.04
649.0 1882.265
650.0 1883.0045
651.0 1887.2685
652.0 1888.1015
653.0 1891.27
654.0 1894.005
655.0 1897.481
656.0 1901.476
657.0 1905.3445
658.0 1908.029
659.0 1908.3215
660.0 1916.1485
661.0 1913.7235
662.0 1921.496
663.0 1921.435
664.0 1924.34
665.0 1926.928
666.0 1927.9035
667.0 1932.1365
668.0 1934.793
669.0 1939.807
670.0 1940.3875
671.0 1943.8315
672.0 1948.2195
673.0 1949.846
674.0 1950.744
675.0 1954.784
676.0 1960.704
677.0 1961.531
678.0 1964.156
679.0 1968.7415
680.0 1970.987
681.0 1974.588
682.0 1975.867
683.0 1977.793
684.0 1982.0095
685.0 1985.4395
686.0 1987.844
687.0 1992.667
688.0 1993.9045
689.0 1996.75
690.0 1999.5935
691.0 2003.903
692.0 2006.3115
693.0 2008.244
694.0 2010.6055
695.0 2013.921
696.0 2018.0565
697.0 2021.6195
698.0 2024.6265
699.0 2026.63
700.0 2027.6065
701.0 2031.645
702.0 2036.0885
703.0 2038.486
704.0 2042.346
705.0 2046.294
706.0 2048.2335
707.0 2048.791
708.0 2055.0285
709.0 2054.7035
710.0 2059.2985
711.0 2064.157
712.0 2068.3705
713.0 2067.3635
714.0 2071.435
715.0 2072.048
716.0 2074.011
717.0 2080.5235
718.0 2080.9785
719.0 2085.997
720.0 2088.936
721.0 2092.206
722.0 2095.8195
723.0 2095.763
724.0 2103.091
725.0 2102.9505
726.0 2106.2165
727.0 2108.679
728.0 2114.1045
729.0 2118.8385
730.0 2120.939
731.0 2123.8625
732.0 2125.4075
733.0 2129.688
734.0 2132.8935
735.0 2131.969
736.0 2135.384
737.0 2139.7755
738.0 2143.654
739.0 2144.8135
740.0 2151.075
741.0 2152.2265
742.0 2154.355
743.0 2160.2345
744.0 2157.06
745.0 2163.4485
746.0 2169.664
747.0 2170.1245
748.0 2171.396
749.0 2172.589
750.0 2181.17
751.0 2183.406
752.0 2186.3875
753.0 2187.3855
754.0 2190.908
755.0 2193.6225
756.0 2195.144
757.0 2200.317
758.0 2203.9895
759.0 2208.895
760.0 2208.0325
761.0 2210.384
762.0 2217.8715
763.0 2218.708
764.0 2220.2805
765.0 2222.8985
766.0 2228.6965
767.0 2231.876
768.0 2234.1395
769.0 2236.2625
770.0 2241.6345
771.0 2245.5505
772.0 2248.73
773.0 2246.8835
774.0 2253.356
775.0 2254.005
776.0 2259.1035
777.0 2262.085
778.0 2265.412
779.0 2270.7255
780.0 2269.9185
781.0 2277.887
782.0 2275.79
783.0 2279.6865
784.0 2285.1745
785.0 2286.667
786.0 2286.15
787.0 2289.374
788.0 2295.286
789.0 2297.137
790.0 2306.1285
791.0 2305.6175
792.0 2306.2715
793.0 2311.1885
794.0 2313.034
795.0 2314.3245
796.0 2321.7795
797.0 2325.6015
798.0 2327.2555
799.0 2330.915
800.0 2334.5025
801.0 2338.846
802.0 2339.6585
803.0 2343.4945
804.0 2342.682
805.0 2350.1175
806.0 2351.0775
807.0 2354.4215
808.0 2357.104
809.0 2364.3525
810.0 2361.7135
811.0 2372.7985
812.0 2372.484
813.0 2372.5985
814.0 2373.137
815.0 2381.694
816.0 2379.53
817.0 2385.615
818.0 2389.611
819.0 2392.1955
820.0 2394.5235
821.0 2402.992
822.0 2403.2045
823.0 2407.975
824.0 2411.619
825.0 2411.5185
826.0 2413.888
827.0 2411.544
828.0 2417.878
829.0 2418.287
830.0 2422.59
831.0 2427.0305
832.0 2435.0625
833.0 2431.597
834.0 2437.7545
835.0 2439.9205
836.0 2442.7195
837.0 2447.475
838.0 2450.0055
839.0 2459.5895
840.0 2459.3475
841.0 2459.7125
842.0 2463.3145
843.0 2463.8395
844.0 2464.9885
845.0 2469.7695
846.0 2476.0475
847.0 2475.845
848.0 2478.293
849.0 2484.141
850.0 2485.8535
851.0 2492.1655
852.0 2492.968
853.0 2497.796
854.0 2500.1245
855.0 2505.6815
856.0 2506.9205
857.0 2509.0215
858.0 2511.3685
859.0 2510.6865
860.0 2519.072
861.0 2521.291
862.0 2524.919
863.0 2528.0095
864.0 2529.8615
865.0 2533.7305
866.0 2539.254
867.0 2536.5375
868.0 2538.11
869.0 2549.5335
870.0 2548.5065
871.0 2548.857
872.0 2556.0485
873.0 2559.9105
874.0 2564.0005
875.0 2557.463
876.0 2561.114
877.0 2570.749
878.0 2569.9445
879.0 2576.8035
880.0 2578.131
881.0 2580.3195
882.0 2584.2685
883.0 2586.233
884.0 2591.094
885.0 2589.27
886.0 2596.4305
887.0 2600.8195
888.0 2602.943
889.0 2602.525
890.0 2605.926
891.0 2609.117
892.0 2607.968
893.0 2615.2945
894.0 2619.2195
895.0 2620.219
896.0 2629.3975
897.0 2629.2595
898.0 2626.912
899.0 2633.699
900.0 2635.0435
901.0 2639.0595
902.0 2643.677
903.0 2646.0505
904.0 2648.747
905.0 2650.2145
906.0 2650.3665
907.0 2655.069
908.0 2657.5665
909.0 2659.2035
910.0 2667.0845
911.0 2669.6845
912.0 2665.543
913.0 2675.298
914.0 2673.6915
915.0 2679.8725
916.0 2683.4115
917.0 2684.2235
918.0 2691.425
919.0 2685.7885
920.0 2692.992
921.0 2699.789
922.0 2705.633
923.0 2702.829
924.0 2701.7525
925.0 2708.165
926.0 2706.6735
927.0 2713.0105
928.0 2714.9975
929.0 2716.5675
930.0 2723.6645
931.0 2724.8055
932.0 2727.6135
933.0 2731.3745
934.0 2739.615
935.0 2735.5805
936.0 2742.7635
937.0 2744.0945
938.0 2748.5335
939.0 2748.601
940.0 2747.48
941.0 2752.3705
942.0 2757.576
943.0 2759.624
944.0 2763.456
945.0 2763.5185
946.0 2766.295
947.0 2765.98
948.0 2770.68
949.0 2775.584
950.0 2775.797
951.0 2781.113
952.0 2783.825
953.0 2784.5675
954.0 2790.4615
955.0 2791.7395
956.0 2790.1235
957.0 2799.3785
958.0 2797.25
959.0 2800.499
960.0 2804.6725
961.0 2803.1025
962.0 2810.882
963.0 2810.9395
964.0 2816.0345
965.0 2820.6055
966.0 2818.246
967.0 2824.0025
968.0 2829.39
969.0 2829.0415
970.0 2830.381
971.0 2835.5645
972.0 2838.173
973.0 2841.657
974.0 2845.2655
975.0 2853.1245
976.0 2853.49
977.0 2853.9605
978.0 2854.7085
979.0 2853.54
980.0 2857.46
981.0 2865.2865
982.0 2868.358
983.0 2868.643
984.0 2871.9985
985.0 2875.2875
986.0 2875.2095
987.0 2882.143
988.0 2882.373
989.0 2885.194
990.0 2887.045
991.0 2888.496
992.0 2893.044
993.0 2895.496
994.0 2899.9925
995.0 2901.009
996.0 2902.1955
997.0 2907.016
998.0 2909.211
999.0 2912.459
1000.0 2914.229
