1.0 0.0065645
2.0 0.00882034
3.0 0.011090827499999999
4.0 0.013355104999999999
5.0 0.01566913
6.0 0.01795571625
7.0 0.02027396
8.0 0.022574923750000003
9.0 0.024915037499999997
10.0 0.027232471249999998
11.0 0.02960981125
12.0 0.03198148125
13.0 0.03434309375
14.0 0.0367678525
15.0 0.03916250625
16.0 0.04158281
17.0 0.04396096
18.0 0.0464436675
19.0 0.04887065375
20.0 0.05132777875
21.0 0.05383347
22.0 0.056294206250000006
23.0 0.058848058749999994
24.0 0.0613018425
25.0 0.06384368
26.0 0.06637562875
27.0 0.06897848625
28.0 0.07145633375
29.0 0.07397788749999999
30.0 0.07648546875
31.0 0.07908144125000001
32.0 0.08167437625
33.0 0.08425948125
34.0 0.08686325
35.0 0.08937174249999999
36.0 0.09204885
37.0 0.09457900999999999
38.0 0.09727046125
39.0 0.0997712925
40.0 0.10257654875
41.0 0.1051485925
42.0 0.1077156075
43.0 0.11034745625
44.0 0.11304326125
45.0 0.11571753375
46.0 0.11830965875
47.0 0.1209325975
48.0 0.12359121
49.0 0.1263772625
50.0 0.1289205175
51.0 0.13154716875
52.0 0.13435502375
53.0 0.13709011375
54.0 0.13978014749999998
55.0 0.14240659625
56.0 0.14516051875
57.0 0.14768703375
58.0 0.15040626125
59.0 0.15304148499999998
60.0 0.15586229999999998
61.0 0.1586752175
62.0 0.1613191825
63.0 0.16409318625
64.0 0.16676529874999999
65.0 0.16946215
66.0 0.17218897125
67.0 0.17492234
68.0 0.17760123625
69.0 0.18036062625
70.0 0.1830080675
71.0 0.18579455875
72.0 0.18853936875
73.0 0.19112703875
74.0 0.1940319925
75.0 0.19677423749999998
76.0 0.19948620874999998
77.0 0.20230020624999998
78.0 0.2048647575
79.0 0.20752495624999998
80.0 0.21034097875000002
81.0 0.21318201
82.0 0.2159222975
83.0 0.2185682875
84.0 0.22154712
85.0 0.22403917625
86.0 0.2268680575
87.0 0.22967149125
88.0 0.23233236499999999
89.0 0.23511635875
90.0 0.23784398999999998
91.0 0.24063551
92.0 0.24337934125
93.0 0.24607079250000002
94.0 0.24887075
95.0 0.251519845
96.0 0.2542840275
97.0 0.25720403375
98.0 0.25994924875
99.0 0.26257978125
100.0 0.26534609000000003
101.0 0.26820558250000004
102.0 0.270820995
103.0 0.2736845375
104.0 0.27635816875
105.0 0.27915562875
106.0 0.2819991575
107.0 0.284654665
108.0 0.28735701750000003
109.0 0.2901963275
110.0 0.29291923375
111.0 0.29577737624999995
112.0 0.29833392875000003
113.0 0.30120061
114.0 0.30394197749999996
115.0 0.30661783625
116.0 0.30945036249999996
117.0 0.31227988500000003
118.0 0.31482428749999997
119.0 0.31746541749999996
120.0 0.32038967625000003
121.0 0.32307906875
122.0 0.32586096999999997
123.0 0.32874580875000003
124.0 0.33139740125
125.0 0.33423144624999995
126.0 0.33685401374999996
127.0 0.3396401
128.0 0.34236449125
129.0 0.34521139500000003
130.0 0.34790207
131.0 0.350587075
132.0 0.353395875
133.0 0.35621048
134.0 0.35865552250000005
135.0 0.36138693375000003
136.0 0.36432438875
137.0 0.36689801875
138.0 0.36957786
139.0 0.37243536125000004
140.0 0.37525509625
141.0 0.37810459875
142.0 0.38071555625000003
143.0 0.38348385625000003
144.0 0.3862626525
145.0 0.3887128925
146.0 0.39163354
147.0 0.39453687375
148.0 0.39721742375
149.0 0.39979368625
150.0 0.40263785625000004
151.0 0.40524469625
152.0 0.40799396125
153.0 0.41061352500000003
154.0 0.4135657625
155.0 0.41609082625
156.0 0.4188342525
157.0 0.42166661
158.0 0.424343785
159.0 0.4269944325
160.0 0.429855005
161.0 0.4326815575
162.0 0.43507843874999996
163.0 0.43805133125
164.0 0.44061233875
165.0 0.44337196500000003
166.0 0.4461811025
167.0 0.44904170875
168.0 0.45151894875
169.0 0.45408822499999996
170.0 0.4570219675
171.0 0.45939245624999997
172.0 0.46222056125000005
173.0 0.465349075
174.0 0.46767825375
175.0 0.4707128075
176.0 0.47326321750000006
177.0 0.4759918275
178.0 0.478803125
179.0 0.4813429375
180.0 0.48402352125
181.0 0.48693512375000003
182.0 0.48958037125000003
183.0 0.492270135
184.0 0.4947423125
185.0 0.4974451375
186.0 0.50036473875
187.0 0.50301248375
188.0 0.50589523
189.0 0.5083594425
190.0 0.511121465
191.0 0.5137793350000001
192.0 0.516374835
193.0 0.51912305375
194.0 0.5220131575
195.0 0.524328465
196.0 0.5271302787500001
197.0 0.53014249
198.0 0.53255604375
199.0 0.53526838625
200.0 0.5381161
201.0 0.5406995175
202.0 0.5434799675
203.0 0.5459100250000001
204.0 0.5486900699999999
205.0 0.5516173662499999
206.0 0.55431283375
207.0 0.5568257475
208.0 0.5597008662499999
209.0 0.5622108775
210.0 0.5647220362500001
211.0 0.5676872
212.0 0.5702076737499999
213.0 0.57301120875
214.0 0.57574440875
215.0 0.5781394
216.0 0.58091401125
217.0 0.5834125812500001
218.0 0.586271095
219.0 0.58885231875
220.0 0.59142848
221.0 0.59446748875
222.0 0.59684354625
223.0 0.59977276625
224.0 0.60254704
225.0 0.6052430475
226.0 0.6077592687500001
227.0 0.610383895
228.0 0.6132232725
229.0 0.61561617125
230.0 0.61838501125
231.0 0.6212108887500001
232.0 0.62370635375
233.0 0.626397265
234.0 0.62898901875
235.0 0.6318608637500001
236.0 0.634523155
237.0 0.63730262625
238.0 0.63979518875
239.0 0.64248691
240.0 0.64504909875
241.0 0.64789688
242.0 0.65036578375
243.0 0.6528738375
244.0 0.65576529125
245.0 0.6583708149999999
246.0 0.66121724625
247.0 0.66365371625
248.0 0.6663456062499999
249.0 0.66891603
250.0 0.6718678625000001
251.0 0.674430085
252.0 0.67708670625
253.0 0.6796477475
254.0 0.68230976875
255.0 0.68499166875
256.0 0.6875637800000001
257.0 0.6902209075
258.0 0.692943645
259.0 0.6956145425
260.0 0.69796549
261.0 0.70084519875
262.0 0.7035839675000001
263.0 0.7061107525
264.0 0.70873909125
265.0 0.7113169399999999
266.0 0.714360235
267.0 0.71683379625
268.0 0.71926277375
269.0 0.72232075
270.0 0.724903695
271.0 0.72722423375
272.0 0.7300151800000001
273.0 0.732656715
274.0 0.7353923787500001
275.0 0.73818929875
276.0 0.74081109
277.0 0.7434606575
278.0 0.74573401375
279.0 0.7485745725
280.0 0.75100101875
281.0 0.75400583875
282.0 0.75632870625
283.0 0.759227315
284.0 0.7618474525
285.0 0.76458082125
286.0 0.76697685875
287.0 0.76930948
288.0 0.7721770725
289.0 0.77467432625
290.0 0.77752288375
291.0 0.7803781912500001
292.0 0.7830333275
293.0 0.78553969375
294.0 0.7885029
295.0 0.79069201625
296.0 0.7935732099999999
297.0 0.7961023575
298.0 0.7986302225
299.0 0.8013547824999999
300.0 0.80379979125
301.0 0.8069243562499999
302.0 0.8091839087499999
303.0 0.8120424225
304.0 0.8147937125
305.0 0.81710122375
306.0 0.8197633462499999
307.0 0.8224234100000001
308.0 0.8253081474999999
309.0 0.82763847375
310.0 0.83022742625
311.0 0.83299592875
312.0 0.83540809875
313.0 0.83833178375
314.0 0.8409011274999999
315.0 0.84340503
316.0 0.84605631875
317.0 0.84863656375
318.0 0.8515514399999999
319.0 0.85357322375
320.0 0.85637034625
321.0 0.859015695
322.0 0.861527495
323.0 0.8644817575
324.0 0.86694667875
325.0 0.86971342625
326.0 0.87224932375
327.0 0.8747214675
328.0 0.87751558625
329.0 0.8799786850000001
330.0 0.8823998325
331.0 0.8852184875000001
332.0 0.88782779125
333.0 0.890532675
334.0 0.8930215925
335.0 0.8954326487500001
336.0 0.8977295962499999
337.0 0.9008926362499999
338.0 0.90322184875
339.0 0.9057922049999999
340.0 0.90869074625
341.0 0.9113262737500001
342.0 0.9138565350000001
343.0 0.916384265
344.0 0.9192222587500001
345.0 0.92166736875
346.0 0.9241365087500001
347.0 0.9273882099999999
348.0 0.929284275
349.0 0.9321839975
350.0 0.93442691125
351.0 0.93725974125
352.0 0.93971531375
353.0 0.9419129350000001
354.0 0.9448019925000001
355.0 0.947012945
356.0 0.95026754875
357.0 0.952437765
358.0 0.95525267375
359.0 0.95839364125
360.0 0.9601342875
361.0 0.9628003249999999
362.0 0.9660266125
363.0 0.96783509625
364.0 0.97053933875
365.0 0.9729457375
366.0 0.97593817125
367.0 0.9785379575
368.0 0.9812607624999999
369.0 0.983790855
370.0 0.98616849875
371.0 0.98910608875
372.0 0.99117961125
373.0 0.99423188375
374.0 0.996634165
375.0 0.99900786
376.0 1.001678825
377.0 1.00385461
378.0 1.00663603875
379.0 1.00922634125
380.0 1.01179963375
381.0 1.014354465
382.0 1.0170384575
383.0 1.01906348125
384.0 1.02204305625
385.0 1.0241788475
386.0 1.02710749375
387.0 1.0295259749999999
388.0 1.03229511875
389.0 1.03547206375
390.0 1.0373745749999999
391.0 1.0402453062500001
392.0 1.04188541125
393.0 1.04477271375
394.0 1.04756835125
395.0 1.0503403974999999
396.0 1.0532787975000002
397.0 1.05573278375
398.0 1.0579015825
399.0 1.06028226375
400.0 1.0626327725
401.0 1.0653878087500002
402.0 1.0683775762499998
403.0 1.07086136375
404.0 1.0727536825000001
405.0 1.0757423025
406.0 1.0782343587499998
407.0 1.0808838587499998
408.0 1.083474735
409.0 1.08574964375
410.0 1.088407615
411.0 1.091317125
412.0 1.0936162324999998
413.0 1.09614797875
414.0 1.09855420875
415.0 1.1016898775
416.0 1.10439118375
417.0 1.10625424125
418.0 1.10907721625
419.0 1.11219955375
420.0 1.1135982450000002
421.0 1.11627396875
422.0 1.11933893125
423.0 1.12134839625
424.0 1.124537255
425.0 1.12733191375
426.0 1.12938835875
427.0 1.13242436375
428.0 1.13470153375
429.0 1.13765606625
430.0 1.13957946875
431.0 1.1427799037500002
432.0 1.14517033875
433.0 1.14745614875
434.0 1.14977429125
435.0 1.1520319875
436.0 1.1556233487499998
437.0 1.15723206625
438.0 1.160159295
439.0 1.16239208375
440.0 1.164831625
441.0 1.1682258525
442.0 1.169972945
443.0 1.17252399625
444.0 1.1752987424999999
445.0 1.1780312
446.0 1.1804735425
447.0 1.1835678674999999
448.0 1.18583238125
449.0 1.18805933125
450.0 1.19077558875
451.0 1.19323635875
452.0 1.19618576125
453.0 1.1985463275
454.0 1.2008300112499999
455.0 1.203424195
456.0 1.2066008700000002
457.0 1.2092519225
458.0 1.21091629375
459.0 1.21369384125
460.0 1.21703879375
461.0 1.21894518625
462.0 1.2210775349999998
463.0 1.22432144
464.0 1.22653924375
465.0 1.22900473875
466.0 1.2317671325000001
467.0 1.23473661625
468.0 1.2374387325
469.0 1.23940597625
470.0 1.24199040625
471.0 1.2437571075
472.0 1.24710189125
473.0 1.25019000625
474.0 1.2527586750000002
475.0 1.2546202475000001
476.0 1.2575237162500001
477.0 1.26087174
478.0 1.26246861125
479.0 1.26504899125
480.0 1.26734688375
481.0 1.2704820125
482.0 1.27284831625
483.0 1.27546798125
484.0 1.27835555375
485.0 1.28054764
486.0 1.2832071299999999
487.0 1.2858286512500001
488.0 1.288312135
489.0 1.2909056775
490.0 1.2940769187499999
491.0 1.29599856625
492.0 1.29875046375
493.0 1.301030165
494.0 1.3041306325000002
495.0 1.3063906575
496.0 1.3091828525
497.0 1.3116107162500001
498.0 1.3147002487500001
499.0 1.317332435
500.0 1.318916515
501.0 1.32218391
502.0 1.32480772625
503.0 1.32734072125
504.0 1.3298522849999999
505.0 1.3317018425
506.0 1.33541450125
507.0 1.337747055
508.0 1.3398091025
509.0 1.342755805
510.0 1.34525235
511.0 1.34823378125
512.0 1.34994854125
513.0 1.353213405
514.0 1.356366185
515.0 1.35856195
516.0 1.360851135
517.0 1.3633802824999999
518.0 1.36661598625
519.0 1.3690625137499999
520.0 1.3717377987500001
521.0 1.37374280875
522.0 1.3767226537500001
523.0 1.3795349975
524.0 1.3817864837499998
525.0 1.3842842775000002
526.0 1.3876893049999999
527.0 1.3898073100000001
528.0 1.39272792375
529.0 1.395257915
530.0 1.39743440875
531.0 1.3999243049999999
532.0 1.4024208500000002
533.0 1.40471776375
534.0 1.4078180625
535.0 1.4102534525
536.0 1.413038695
537.0 1.4155090162500001
538.0 1.4183454575
539.0 1.42122806875
540.0 1.4237859712499998
541.0 1.42632861875
542.0 1.4292634075
543.0 1.4315208675
544.0 1.43464276625
545.0 1.436666035
546.0 1.43907196125
547.0 1.4414613500000002
548.0 1.44446620375
549.0 1.4473337625
550.0 1.45037672
551.0 1.4523428162499998
552.0 1.45547649375
553.0 1.4580528912500001
554.0 1.46035638625
555.0 1.46282471625
556.0 1.46564222375
557.0 1.46811028375
558.0 1.47020365125
559.0 1.47318315875
560.0 1.4756874662500001
561.0 1.47889262625
562.0 1.48177517
563.0 1.48461140875
564.0 1.4869318462499999
565.0 1.4897666675
566.0 1.4918137975
567.0 1.49446674
568.0 1.4971967
569.0 1.49970387625
570.0 1.5028175400000001
571.0 1.505439095
572.0 1.5077895700000001
573.0 1.51061878875
574.0 1.51313835125
575.0 1.516257685
576.0 1.5181719075
577.0 1.520742635
578.0 1.5235879862500001
579.0 1.5267914925
580.0 1.52869778375
581.0 1.531308505
582.0 1.5345380662499999
583.0 1.5370987024999998
584.0 1.53921019375
585.0 1.54182702375
586.0 1.54405208375
587.0 1.5477756100000002
588.0 1.55018173875
589.0 1.55322915125
590.0 1.55609532625
591.0 1.5580633799999999
592.0 1.56076769
593.0 1.56331914625
594.0 1.56624620625
595.0 1.5686859837499998
596.0 1.57197896125
597.0 1.57434513
598.0 1.5771506225
599.0 1.57917902125
600.0 1.58227989375
601.0 1.5847111999999999
602.0 1.5866339275
603.0 1.58947101
604.0 1.5930351012500001
605.0 1.59513825625
606.0 1.5981630900000001
607.0 1.60051127
608.0 1.6034393425
609.0 1.60648901625
610.0 1.60891171625
611.0 1.61131997125
612.0 1.6141996125
613.0 1.61638181
614.0 1.61899300375
615.0 1.6216214775
616.0 1.62488256125
617.0 1.6281323725
618.0 1.6305533175
619.0 1.6331602250000001
620.0 1.6351781950000002
621.0 1.6376922225
622.0 1.64082242375
623.0 1.64331950875
624.0 1.6459663762499999
625.0 1.64850780875
626.0 1.6514107375
627.0 1.6536411299999998
628.0 1.6573472412499999
629.0 1.65967571125
630.0 1.66226358375
631.0 1.6647898625
632.0 1.66724634625
633.0 1.6700547075
634.0 1.6731038075000002
635.0 1.675200685
636.0 1.67814458625
637.0 1.680651965
638.0 1.68313177
639.0 1.68594651
640.0 1.6884894275
641.0 1.6914830087500001
642.0 1.69377550125
643.0 1.6966867325
644.0 1.6999726225
645.0 1.70230575
646.0 1.7049181924999999
647.0 1.7072878037499999
648.0 1.70993025
649.0 1.7125384399999999
650.0 1.7158929437500001
651.0 1.7185627275
652.0 1.72087732625
653.0 1.723920385
654.0 1.72651645875
655.0 1.7292159425
656.0 1.7315493062499998
657.0 1.73465379
658.0 1.7373338
659.0 1.74007898125
660.0 1.7425604737499998
661.0 1.74533930375
662.0 1.74845117875
663.0 1.7504165325
664.0 1.7530896575
665.0 1.75617571375
666.0 1.7585538975
667.0 1.76126624
668.0 1.7636905600000001
669.0 1.76712916875
670.0 1.76898736625
671.0 1.7719671775
672.0 1.774609185
673.0 1.77740705
674.0 1.78028500375
675.0 1.78286076
676.0 1.785663215
677.0 1.78782944875
678.0 1.7909023425000001
679.0 1.79338231625
680.0 1.7964465025
681.0 1.79901237
682.0 1.80199636625
683.0 1.80395902
684.0 1.80659545875
685.0 1.81020248
686.0 1.81246618375
687.0 1.8149590500000001
688.0 1.8175403075
689.0 1.82078660875
690.0 1.82351562375
691.0 1.8255378125
692.0 1.8286400349999998
693.0 1.83165575625
694.0 1.8340037
695.0 1.83686407
696.0 1.8396009825
697.0 1.8423463325
698.0 1.8451158812500001
699.0 1.8477081075
700.0 1.8499038049999998
701.0 1.85304349
702.0 1.85555529
703.0 1.858181435
704.0 1.8613396825000001
705.0 1.8639748387500001
706.0 1.8659465375000002
707.0 1.8687826412500002
708.0 1.87200022125
709.0 1.874325215
710.0 1.8774954099999999
711.0 1.88012536875
712.0 1.88276879375
713.0 1.8850323287500002
714.0 1.8878489250000001
715.0 1.8907139524999999
716.0 1.89330260125
717.0 1.8960347549999998
718.0 1.89924973625
719.0 1.90125143875
720.0 1.9047981825000002
721.0 1.90763189
722.0 1.90999211875
723.0 1.91262552
724.0 1.91538993875
725.0 1.91777173375
726.0 1.92039295125
727.0 1.9235619987500001
728.0 1.925802955
729.0 1.9284305175
730.0 1.93149753875
731.0 1.93412608
732.0 1.93674156
733.0 1.9391554175
734.0 1.94262818125
735.0 1.94462671125
736.0 1.94770649
737.0 1.9499682024999998
738.0 1.953391995
739.0 1.9563138574999999
740.0 1.95821886625
741.0 1.96151960625
742.0 1.963971365
743.0 1.9664039199999999
744.0 1.9693942949999999
745.0 1.9722591875
746.0 1.97459525125
747.0 1.9778265337499998
748.0 1.98029236625
749.0 1.98282617125
750.0 1.98559501125
751.0 1.98888353375
752.0 1.991084125
753.0 1.993797345
754.0 1.9963305762499999
755.0 1.99882057375
756.0 2.0019915787500002
757.0 2.0048841462499998
758.0 2.00741731
759.0 2.0100622537499997
760.0 2.0127175925
761.0 2.01526938625
762.0 2.01835918875
763.0 2.0211822649999998
764.0 2.02358630125
765.0 2.02626968625
766.0 2.02922300375
767.0 2.031990865
768.0 2.034590145
769.0 2.03748720125
770.0 2.03968111
771.0 2.04304081125
772.0 2.04558123125
773.0 2.0482780149999997
774.0 2.05086727125
775.0 2.05363354625
776.0 2.05615294
777.0 2.05873085625
778.0 2.0620068912500003
779.0 2.06413279375
780.0 2.06702050125
781.0 2.069822045
782.0 2.07264286
783.0 2.0752964775000002
784.0 2.07794594375
785.0 2.08111948
786.0 2.08399979625
787.0 2.0863703525
788.0 2.0889381774999998
789.0 2.09168308875
790.0 2.094738095
791.0 2.09732323375
792.0 2.1003125962499998
793.0 2.1028364787499996
794.0 2.1055369075000003
795.0 2.10818326875
796.0 2.11082392625
797.0 2.11383961375
798.0 2.1156249787499997
799.0 2.1187948025
800.0 2.1217376912500003
801.0 2.12430828375
802.0 2.1275659587500004
803.0 2.12970634
804.0 2.1330273975
805.0 2.13551405375
806.0 2.13794681125
807.0 2.14028328
808.0 2.1434634987499996
809.0 2.14627682125
810.0 2.14950715875
811.0 2.1517479125000003
812.0 2.154166495
813.0 2.15704208625
814.0 2.16015915875
815.0 2.16294673
816.0 2.1653932237499998
817.0 2.16814701125
818.0 2.171169415
819.0 2.173662045
820.0 2.1764437437499997
821.0 2.1786731575
822.0 2.1811239375
823.0 2.18423348375
824.0 2.1872531200000003
825.0 2.189836335
826.0 2.1926479024999996
827.0 2.1952659812500004
828.0 2.19859486875
829.0 2.20091048
830.0 2.20369363
831.0 2.20658019
832.0 2.2096054625
833.0 2.2121780125000003
834.0 2.21459230875
835.0 2.2175531525
836.0 2.22018949
837.0 2.2220879175
838.0 2.2252579100000003
839.0 2.2277237425000003
840.0 2.23116869625
841.0 2.2336858962500004
842.0 2.23661342875
843.0 2.2388285325000004
844.0 2.24225715125
845.0 2.24437481875
846.0 2.2473208799999997
847.0 2.2498081775000003
848.0 2.25288525625
849.0 2.2551260099999997
850.0 2.25840336125
851.0 2.26048549
852.0 2.2630185525
853.0 2.26644734
854.0 2.26921115125
855.0 2.27182305375
856.0 2.2744434275
857.0 2.2772178025
858.0 2.2798945049999997
859.0 2.28315542
860.0 2.2851538825
861.0 2.2882348424999996
862.0 2.29102268375
863.0 2.2935911499999997
864.0 2.297228445
865.0 2.29903476875
866.0 2.3016569312499997
867.0 2.30484474375
868.0 2.30739161
869.0 2.310189745
870.0 2.3128285125000003
871.0 2.31538469375
872.0 2.3181859
873.0 2.32140375
874.0 2.3240751875
875.0 2.32653389875
876.0 2.3289656437499997
877.0 2.33205369125
878.0 2.3352257087500004
879.0 2.337608415
880.0 2.34043324625
881.0 2.3430939512499998
882.0 2.34638031375
883.0 2.348631665
884.0 2.351368375
885.0 2.3540637749999997
886.0 2.35694159375
887.0 2.35904373625
888.0 2.36233117875
889.0 2.3654218925
890.0 2.36745035875
891.0 2.37056047875
892.0 2.3733715062500003
893.0 2.37589781875
894.0 2.3783584537499998
895.0 2.3815014125
896.0 2.3842650887500003
897.0 2.3866596075
898.0 2.3894923025000003
899.0 2.392538365
900.0 2.3952932999999996
901.0 2.3976179225
902.0 2.40034170625
903.0 2.4028998112499997
904.0 2.4061845875
905.0 2.4086465725
906.0 2.41149421875
907.0 2.41444659125
908.0 2.4169300750000002
909.0 2.41975659375
910.0 2.42216657
911.0 2.4256328199999997
912.0 2.4275149125
913.0 2.43095196875
914.0 2.4336845612499998
915.0 2.4360426974999996
916.0 2.4386805875
917.0 2.4420551725
918.0 2.44455937875
919.0 2.4476182662499997
920.0 2.4490873937499997
921.0 2.45276559375
922.0 2.455233755
923.0 2.4583131625
924.0 2.4612418762500003
925.0 2.4632065887500003
926.0 2.46618127
927.0 2.469351735
928.0 2.471655635
929.0 2.47491914875
930.0 2.477587515
931.0 2.4801122075
932.0 2.48261371375
933.0 2.485251975
934.0 2.4884620625
935.0 2.4910180074999997
936.0 2.494064205
937.0 2.49642652625
938.0 2.49957410875
939.0 2.50192377375
940.0 2.50473743375
941.0 2.5078003712499997
942.0 2.5103290462500003
943.0 2.5129628525
944.0 2.51544012625
945.0 2.5183484212500002
946.0 2.5210819925
947.0 2.5236386800000004
948.0 2.52699223875
949.0 2.5295974925
950.0 2.53191472375
951.0 2.5349033100000002
952.0 2.5380072875
953.0 2.5402488849999996
954.0 2.54320095375
955.0 2.5463303112499998
956.0 2.5488601675
957.0 2.55114796875
958.0 2.55415744625
959.0 2.5572622675
960.0 2.5599313424999997
961.0 2.56228333625
962.0 2.565311275
963.0 2.5678602
964.0 2.5704225575
965.0 2.5733887337500003
966.0 2.57590563
967.0 2.5783673787500003
968.0 2.58109693375
969.0 2.58430972125
970.0 2.58695982875
971.0 2.5900090975000003
972.0 2.59255029375
973.0 2.5953255462500002
974.0 2.59846205875
975.0 2.600841525
976.0 2.6036367237499998
977.0 2.60670776125
978.0 2.6087245837500004
979.0 2.6115427999999996
980.0 2.6147582537500003
981.0 2.6174247975
982.0 2.62042361
983.0 2.6232139825
984.0 2.6257737075
985.0 2.62829219
986.0 2.6313151337500003
987.0 2.6341011525
988.0 2.6367276349999997
989.0 2.639497555
990.0 2.6420308875000003
991.0 2.644943975
992.0 2.6474650225
993.0 2.6504752425
994.0 2.653397915
995.0 2.65579459375
996.0 2.6587487887499996
997.0 2.6614593424999997
998.0 2.6645376025
999.0 2.6668834875
1000.0 2.66968604375
