1.0 0.0
2.0 4.0
3.0 9.0
4.0 18.0
5.0 31.0
6.0 44.0
7.0 67.0
8.0 95.0
9.0 104.0
10.0 148.0
11.0 154.0
12.0 191.0
13.0 232.0
14.0 269.0
15.0 321.0
16.0 381.0
17.0 376.0
18.0 446.0
19.0 493.0
20.0 551.0
21.0 584.0
22.0 645.0
23.0 662.0
24.0 732.0
25.0 785.0
26.0 820.0
27.0 875.0
28.0 949.0
29.0 973.0
30.0 1086.0
31.0 1107.0
32.0 1163.0
33.0 1196.0
34.0 1301.0
35.0 1328.0
36.0 1413.0
37.0 1427.0
38.0 1505.0
39.0 1531.0
40.0 1632.0
41.0 1641.0
42.0 1749.0
43.0 1726.0
44.0 1783.0
45.0 1824.0
46.0 1821.0
47.0 1865.0
48.0 1887.0
49.0 1933.0
50.0 1962.0
51.0 1963.0
52.0 2016.0
53.0 2050.0
54.0 2091.0
55.0 2181.0
56.0 2273.0
57.0 2156.0
58.0 2269.0
59.0 2206.0
60.0 2269.0
61.0 2263.0
62.0 2274.0
63.0 2304.0
64.0 2353.0
65.0 2486.0
66.0 2395.0
67.0 2422.0
68.0 2465.0
69.0 2467.0
70.0 2475.0
71.0 2488.0
72.0 2514.0
73.0 2527.0
74.0 2582.0
75.0 2580.0
76.0 2606.0
77.0 2635.0
78.0 2664.0
79.0 2689.0
80.0 2702.0
81.0 2784.0
82.0 2713.0
83.0 2769.0
84.0 2852.0
85.0 2861.0
86.0 2782.0
87.0 2861.0
88.0 2862.0
89.0 2984.0
90.0 2924.0
91.0 2923.0
92.0 2978.0
93.0 3080.0
94.0 3015.0
95.0 3035.0
96.0 3058.0
97.0 3134.0
98.0 3110.0
99.0 3106.0
100.0 3120.0
101.0 3118.0
102.0 3165.0
103.0 3191.0
104.0 3178.0
105.0 3217.0
106.0 3201.0
107.0 3249.0
108.0 3316.0
109.0 3256.0
110.0 3327.0
111.0 3301.0
112.0 3369.0
113.0 3308.0
114.0 3408.0
115.0 3413.0
116.0 3368.0
117.0 3355.0
118.0 3360.0
119.0 3394.0
120.0 3373.0
121.0 3429.0
122.0 3482.0
123.0 3462.0
124.0 3529.0
125.0 3454.0
126.0 3522.0
127.0 3458.0
128.0 3508.0
129.0 3506.0
130.0 3520.0
131.0 3533.0
132.0 3531.0
133.0 3550.0
134.0 3599.0
135.0 3585.0
136.0 3625.0
137.0 3624.0
138.0 3637.0
139.0 3646.0
140.0 3677.0
141.0 3670.0
142.0 3697.0
143.0 3704.0
144.0 3714.0
145.0 3811.0
146.0 3744.0
147.0 3778.0
148.0 3797.0
149.0 3812.0
150.0 3795.0
151.0 3803.0
152.0 3835.0
153.0 3829.0
154.0 3831.0
155.0 3866.0
156.0 3858.0
157.0 3860.0
158.0 3950.0
159.0 3910.0
160.0 3900.0
161.0 3977.0
162.0 3971.0
163.0 3930.0
164.0 3941.0
165.0 4023.0
166.0 4024.0
167.0 3926.0
168.0 3953.0
169.0 3969.0
170.0 3985.0
171.0 3979.0
172.0 3978.0
173.0 4017.0
174.0 4010.0
175.0 4014.0
176.0 4026.0
177.0 4041.0
178.0 4096.0
179.0 4032.0
180.0 4156.0
181.0 4088.0
182.0 4164.0
183.0 4090.0
184.0 4152.0
185.0 4197.0
186.0 4159.0
187.0 4149.0
188.0 4202.0
189.0 4179.0
190.0 4195.0
191.0 4229.0
192.0 4279.0
193.0 4223.0
194.0 4211.0
195.0 4236.0
196.0 4282.0
197.0 4251.0
198.0 4229.0
199.0 4256.0
200.0 4279.0
201.0 4307.0
202.0 4329.0
203.0 4288.0
204.0 4291.0
205.0 4346.0
206.0 4329.0
207.0 4386.0
208.0 4333.0
209.0 4343.0
210.0 4452.0
211.0 4347.0
212.0 4353.0
213.0 4381.0
214.0 4438.0
215.0 4403.0
216.0 4407.0
217.0 4395.0
218.0 4430.0
219.0 4437.0
220.0 4462.0
221.0 4472.0
222.0 4439.0
223.0 4523.0
224.0 4464.0
225.0 4502.0
226.0 4562.0
227.0 4512.0
228.0 4516.0
229.0 4535.0
230.0 4543.0
231.0 4551.0
232.0 4551.0
233.0 4572.0
234.0 4564.0
235.0 4546.0
236.0 4581.0
237.0 4610.0
238.0 4701.0
239.0 4586.0
240.0 4605.0
241.0 4600.0
242.0 4640.0
243.0 4636.0
244.0 4641.0
245.0 4652.0
246.0 4663.0
247.0 4704.0
248.0 4651.0
249.0 4700.0
250.0 4686.0
251.0 4699.0
252.0 4763.0
253.0 4695.0
254.0 4717.0
255.0 4780.0
256.0 4747.0
257.0 4885.0
258.0 4727.0
259.0 4818.0
260.0 4783.0
261.0 4759.0
262.0 4785.0
263.0 4807.0
264.0 4821.0
265.0 4794.0
266.0 4801.0
267.0 4812.0
268.0 4825.0
269.0 4826.0
270.0 4843.0
271.0 4839.0
272.0 4838.0
273.0 4872.0
274.0 5023.0
275.0 4900.0
276.0 4935.0
277.0 4898.0
278.0 4900.0
279.0 4903.0
280.0 4916.0
281.0 4971.0
282.0 4920.0
283.0 4946.0
284.0 4944.0
285.0 4940.0
286.0 4971.0
287.0 4976.0
288.0 4982.0
289.0 5038.0
290.0 5055.0
291.0 4987.0
292.0 5025.0
293.0 5185.0
294.0 5032.0
295.0 5107.0
296.0 5023.0
297.0 5048.0
298.0 5043.0
299.0 5077.0
300.0 5114.0
301.0 5092.0
302.0 5137.0
303.0 5060.0
304.0 5086.0
305.0 5171.0
306.0 5119.0
307.0 5189.0
308.0 5129.0
309.0 5114.0
310.0 5206.0
311.0 5169.0
312.0 5174.0
313.0 5139.0
314.0 5298.0
315.0 5167.0
316.0 5205.0
317.0 5296.0
318.0 5207.0
319.0 5194.0
320.0 5222.0
321.0 5236.0
322.0 5290.0
323.0 5287.0
324.0 5257.0
325.0 5255.0
326.0 5258.0
327.0 5295.0
328.0 5290.0
329.0 5281.0
330.0 5295.0
331.0 5284.0
332.0 5292.0
333.0 5369.0
334.0 5357.0
335.0 5320.0
336.0 5343.0
337.0 5350.0
338.0 5352.0
339.0 5354.0
340.0 5358.0
341.0 5410.0
342.0 5455.0
343.0 5377.0
344.0 5409.0
345.0 5455.0
346.0 5397.0
347.0 5430.0
348.0 5407.0
349.0 5414.0
350.0 5435.0
351.0 5452.0
352.0 5582.0
353.0 5456.0
354.0 5544.0
355.0 5512.0
356.0 5475.0
357.0 5513.0
358.0 5504.0
359.0 5494.0
360.0 5609.0
361.0 5527.0
362.0 5585.0
363.0 5549.0
364.0 5585.0
365.0 5596.0
366.0 5555.0
367.0 5564.0
368.0 5758.0
369.0 5610.0
370.0 5661.0
371.0 5617.0
372.0 5600.0
373.0 5611.0
374.0 5666.0
375.0 5636.0
376.0 5716.0
377.0 5679.0
378.0 5663.0
379.0 5683.0
380.0 5671.0
381.0 5689.0
382.0 5712.0
383.0 5693.0
384.0 5715.0
385.0 5708.0
386.0 5729.0
387.0 5716.0
388.0 5727.0
389.0 5760.0
390.0 5791.0
391.0 5760.0
392.0 5775.0
393.0 5794.0
394.0 5794.0
395.0 5864.0
396.0 5822.0
397.0 5823.0
398.0 5822.0
399.0 5824.0
400.0 5844.0
401.0 5914.0
402.0 5935.0
403.0 5848.0
404.0 5863.0
405.0 5892.0
406.0 6020.0
407.0 5893.0
408.0 5970.0
409.0 5914.0
410.0 5929.0
411.0 5925.0
412.0 5927.0
413.0 5928.0
414.0 6000.0
415.0 5986.0
416.0 5977.0
417.0 5984.0
418.0 5984.0
419.0 6016.0
420.0 5986.0
421.0 5998.0
422.0 6061.0
423.0 6037.0
424.0 6057.0
425.0 6045.0
426.0 6076.0
427.0 6049.0
428.0 6084.0
429.0 6104.0
430.0 6108.0
431.0 6129.0
432.0 6145.0
433.0 6131.0
434.0 6123.0
435.0 6187.0
436.0 6143.0
437.0 6210.0
438.0 6174.0
439.0 6160.0
440.0 6223.0
441.0 6271.0
442.0 6214.0
443.0 6231.0
444.0 6257.0
445.0 6230.0
446.0 6302.0
447.0 6319.0
448.0 6270.0
449.0 6279.0
450.0 6267.0
451.0 6306.0
452.0 6356.0
453.0 6370.0
454.0 6299.0
455.0 6316.0
456.0 6324.0
457.0 6360.0
458.0 6352.0
459.0 6361.0
460.0 6398.0
461.0 6494.0
462.0 6396.0
463.0 6396.0
464.0 6422.0
465.0 6615.0
466.0 6451.0
467.0 6423.0
468.0 6448.0
469.0 6449.0
470.0 6528.0
471.0 6478.0
472.0 6494.0
473.0 6484.0
474.0 6570.0
475.0 6530.0
476.0 6543.0
477.0 6613.0
478.0 6569.0
479.0 6581.0
480.0 6566.0
481.0 6665.0
482.0 6579.0
483.0 6623.0
484.0 6644.0
485.0 6651.0
486.0 6644.0
487.0 6654.0
488.0 6643.0
489.0 6664.0
490.0 6750.0
491.0 6758.0
492.0 6706.0
493.0 6685.0
494.0 6765.0
495.0 6721.0
496.0 6807.0
497.0 6774.0
498.0 6770.0
499.0 6785.0
500.0 6865.0
501.0 6787.0
502.0 6883.0
503.0 6828.0
504.0 6867.0
505.0 6896.0
506.0 6867.0
507.0 6865.0
508.0 6944.0
509.0 6907.0
510.0 6943.0
511.0 6925.0
512.0 6926.0
513.0 6951.0
514.0 7031.0
515.0 6966.0
516.0 7005.0
517.0 7001.0
518.0 6992.0
519.0 7033.0
520.0 7026.0
521.0 7083.0
522.0 7105.0
523.0 7099.0
524.0 7069.0
525.0 7071.0
526.0 7229.0
527.0 7108.0
528.0 7129.0
529.0 7111.0
530.0 7151.0
531.0 7163.0
532.0 7188.0
533.0 7193.0
534.0 7265.0
535.0 7252.0
536.0 7201.0
537.0 7237.0
538.0 7303.0
539.0 7346.0
540.0 7253.0
541.0 7303.0
542.0 7306.0
543.0 7508.0
544.0 7348.0
545.0 7439.0
546.0 7380.0
547.0 7360.0
548.0 7372.0
549.0 7385.0
550.0 7480.0
551.0 7420.0
552.0 7426.0
553.0 7461.0
554.0 7528.0
555.0 7508.0
556.0 7532.0
557.0 7489.0
558.0 7528.0
559.0 7523.0
560.0 7547.0
561.0 7661.0
562.0 7617.0
563.0 7546.0
564.0 7649.0
565.0 7637.0
566.0 7683.0
567.0 7619.0
568.0 7687.0
569.0 7662.0
570.0 7758.0
571.0 7769.0
572.0 7771.0
573.0 7749.0
574.0 7745.0
575.0 7780.0
576.0 7778.0
577.0 7821.0
578.0 7909.0
579.0 7840.0
580.0 7854.0
581.0 7845.0
582.0 7922.0
583.0 7955.0
584.0 8011.0
585.0 7945.0
586.0 8098.0
587.0 8028.0
588.0 8037.0
589.0 8156.0
590.0 8150.0
591.0 8057.0
592.0 8128.0
593.0 8136.0
594.0 8085.0
595.0 8139.0
596.0 8183.0
597.0 8111.0
598.0 8317.0
599.0 8253.0
600.0 8322.0
601.0 8265.0
602.0 8234.0
603.0 8261.0
604.0 8410.0
605.0 8344.0
606.0 8509.0
607.0 8384.0
608.0 8431.0
609.0 8557.0
610.0 8442.0
611.0 8406.0
612.0 8522.0
613.0 8597.0
614.0 8566.0
615.0 8445.0
616.0 8705.0
617.0 8717.0
618.0 8642.0
619.0 8718.0
620.0 8979.0
621.0 9066.0
622.0 8799.0
623.0 8879.0
624.0 8775.0
625.0 9028.0
626.0 8788.0
627.0 8809.0
628.0 8712.0
629.0 8950.0
630.0 9012.0
631.0 9165.0
632.0 9178.0
633.0 9203.0
634.0 9154.0
635.0 9042.0
636.0 9434.0
637.0 9325.0
638.0 9130.0
639.0 9477.0
640.0 9291.0
641.0 9255.0
642.0 9561.0
643.0 9373.0
644.0 9731.0
645.0 9637.0
646.0 9514.0
647.0 9755.0
648.0 9716.0
649.0 9841.0
650.0 9528.0
651.0 9865.0
652.0 10095.0
653.0 9745.0
654.0 10024.0
655.0 9881.0
656.0 10147.0
657.0 10245.0
658.0 10119.0
659.0 10146.0
660.0 10137.0
661.0 10616.0
662.0 10539.0
663.0 10247.0
664.0 10231.0
665.0 10418.0
666.0 10786.0
667.0 10269.0
668.0 10227.0
669.0 10724.0
670.0 10578.0
671.0 11188.0
672.0 10670.0
673.0 10934.0
674.0 11214.0
675.0 11536.0
676.0 11180.0
677.0 10706.0
678.0 11687.0
679.0 11557.0
680.0 11550.0
681.0 11806.0
682.0 11402.0
683.0 11917.0
684.0 12328.0
685.0 11270.0
686.0 12274.0
687.0 11938.0
688.0 12071.0
689.0 12595.0
690.0 13068.0
691.0 12093.0
692.0 12444.0
693.0 13225.0
694.0 13395.0
695.0 13096.0
696.0 13204.0
697.0 13391.0
698.0 12691.0
699.0 13166.0
700.0 12815.0
701.0 12714.0
702.0 13018.0
703.0 13084.0
704.0 13357.0
705.0 13616.0
706.0 13564.0
707.0 14726.0
708.0 14193.0
709.0 14362.0
710.0 13792.0
711.0 14348.0
712.0 14774.0
713.0 13772.0
714.0 14746.0
715.0 14904.0
716.0 15105.0
717.0 15738.0
718.0 16037.0
719.0 15504.0
720.0 16059.0
721.0 15886.0
722.0 15436.0
723.0 16754.0
724.0 16194.0
725.0 16752.0
726.0 16030.0
727.0 15835.0
728.0 17199.0
729.0 17022.0
730.0 16425.0
731.0 16796.0
732.0 17626.0
733.0 16683.0
734.0 17190.0
735.0 17279.0
736.0 17964.0
737.0 18204.0
738.0 17375.0
739.0 18386.0
740.0 17716.0
741.0 18869.0
742.0 18688.0
743.0 18890.0
744.0 18920.0
745.0 20612.0
746.0 20003.0
747.0 20152.0
748.0 19287.0
749.0 20630.0
750.0 20833.0
751.0 20667.0
752.0 21389.0
753.0 21234.0
754.0 21855.0
755.0 20472.0
756.0 20667.0
757.0 22024.0
758.0 21396.0
759.0 21990.0
760.0 21614.0
761.0 22631.0
762.0 22265.0
763.0 23801.0
764.0 22795.0
765.0 22853.0
766.0 23204.0
767.0 22198.0
768.0 24080.0
769.0 23871.0
770.0 25463.0
771.0 25747.0
772.0 25434.0
773.0 23563.0
774.0 25479.0
775.0 24659.0
776.0 25181.0
777.0 25231.0
778.0 26092.0
779.0 26439.0
780.0 26954.0
781.0 28778.0
782.0 28304.0
783.0 25585.0
784.0 27362.0
785.0 28298.0
786.0 29310.0
787.0 27947.0
788.0 27272.0
789.0 27394.0
790.0 29150.0
791.0 28252.0
792.0 27528.0
793.0 30019.0
794.0 28310.0
795.0 30054.0
796.0 30480.0
797.0 30288.0
798.0 30516.0
799.0 31390.0
800.0 32656.0
801.0 32742.0
802.0 32277.0
803.0 31487.0
804.0 32136.0
805.0 33099.0
806.0 33218.0
807.0 34690.0
808.0 32791.0
809.0 33626.0
810.0 34556.0
811.0 31690.0
812.0 34309.0
813.0 34098.0
814.0 34779.0
815.0 34034.0
816.0 34108.0
817.0 34496.0
818.0 37858.0
819.0 35687.0
820.0 37276.0
821.0 35354.0
822.0 37627.0
823.0 36228.0
824.0 38186.0
825.0 38457.0
826.0 37254.0
827.0 37328.0
828.0 37720.0
829.0 40659.0
830.0 40515.0
831.0 39425.0
832.0 39797.0
833.0 41788.0
834.0 41568.0
835.0 41311.0
836.0 41941.0
837.0 43649.0
838.0 42964.0
839.0 40089.0
840.0 41334.0
841.0 43820.0
842.0 44602.0
843.0 43820.0
844.0 43201.0
845.0 42801.0
846.0 45721.0
847.0 43876.0
848.0 44404.0
849.0 47064.0
850.0 46650.0
851.0 45856.0
852.0 45277.0
853.0 45244.0
854.0 46318.0
855.0 46624.0
856.0 46878.0
857.0 48458.0
858.0 46073.0
859.0 48866.0
860.0 47716.0
861.0 47382.0
862.0 48879.0
863.0 51049.0
864.0 48120.0
865.0 50808.0
866.0 53080.0
867.0 50252.0
868.0 51066.0
869.0 53446.0
870.0 50393.0
871.0 52324.0
872.0 51317.0
873.0 51777.0
874.0 49965.0
875.0 53604.0
876.0 53820.0
877.0 54049.0
878.0 54842.0
879.0 55845.0
880.0 53790.0
881.0 56421.0
882.0 54553.0
883.0 55269.0
884.0 54346.0
885.0 55001.0
886.0 57249.0
887.0 55381.0
888.0 56996.0
889.0 58024.0
890.0 57433.0
891.0 55649.0
892.0 56892.0
893.0 57876.0
894.0 59383.0
895.0 57348.0
896.0 60490.0
897.0 59231.0
898.0 58658.0
899.0 60223.0
900.0 60739.0
901.0 60964.0
902.0 59358.0
903.0 60362.0
904.0 62304.0
905.0 64466.0
906.0 61244.0
907.0 64119.0
908.0 60922.0
909.0 62705.0
910.0 63852.0
911.0 65457.0
912.0 64035.0
913.0 63077.0
914.0 67372.0
915.0 66831.0
916.0 67436.0
917.0 67635.0
918.0 64678.0
919.0 66226.0
920.0 65312.0
921.0 66141.0
922.0 68408.0
923.0 67942.0
924.0 69523.0
925.0 66177.0
926.0 68465.0
927.0 66741.0
928.0 69066.0
929.0 68205.0
930.0 69343.0
931.0 69476.0
932.0 69045.0
933.0 69634.0
934.0 71870.0
935.0 70259.0
936.0 70449.0
937.0 72606.0
938.0 71672.0
939.0 71804.0
940.0 71555.0
941.0 74012.0
942.0 72794.0
943.0 71192.0
944.0 73284.0
945.0 74191.0
946.0 72905.0
947.0 73435.0
948.0 75069.0
949.0 72742.0
950.0 75510.0
951.0 74242.0
952.0 76075.0
953.0 77071.0
954.0 75627.0
955.0 75835.0
956.0 74225.0
957.0 75952.0
958.0 76144.0
959.0 78425.0
960.0 76908.0
961.0 77560.0
962.0 77601.0
963.0 79554.0
964.0 78577.0
965.0 79637.0
966.0 78924.0
967.0 79577.0
968.0 78197.0
969.0 78547.0
970.0 81468.0
971.0 79982.0
972.0 82987.0
973.0 81333.0
974.0 79248.0
975.0 82608.0
976.0 82062.0
977.0 82927.0
978.0 83173.0
979.0 82420.0
980.0 83167.0
981.0 81592.0
982.0 82941.0
983.0 81892.0
984.0 84297.0
985.0 85022.0
986.0 85304.0
987.0 84424.0
988.0 84663.0
989.0 84658.0
990.0 83209.0
991.0 85945.0
992.0 87852.0
993.0 87442.0
994.0 85291.0
995.0 89356.0
996.0 85553.0
997.0 87120.0
998.0 86149.0
999.0 87021.0
1000.0 88662.0
