1.0 0.0065645
2.0 0.0088160875
3.0 0.01108444875
4.0 0.01335939125
5.0 0.015650905
6.0 0.01792831125
7.0 0.02026636625
8.0 0.02256682375
9.0 0.02489877
10.0 0.02723206625
11.0 0.02961878875
12.0 0.03199855875
13.0 0.03433496
14.0 0.03676198000000001
15.0 0.039174555
16.0 0.041578726249999996
17.0 0.04399028875
18.0 0.046468946250000004
19.0 0.048859246249999995
20.0 0.051416305
21.0 0.053804445
22.0 0.0563398025
23.0 0.05878622875
24.0 0.06124558125
25.0 0.063804125
26.0 0.066348325
27.0 0.06881409
28.0 0.0714033125
29.0 0.0739273975
30.0 0.07649579625
31.0 0.0790214675
32.0 0.0815907775
33.0 0.08414324625
34.0 0.08677641125
35.0 0.08932557249999999
36.0 0.09191064375
37.0 0.09458113624999999
38.0 0.09715780375000001
39.0 0.09984685875
40.0 0.10247135
41.0 0.10500107125
42.0 0.10766127
43.0 0.11029237625
44.0 0.11290475125
45.0 0.11560008375
46.0 0.11831175125
47.0 0.12084552250000001
48.0 0.12363842625
49.0 0.1263179975
50.0 0.12900955
51.0 0.1316102475
52.0 0.13432410875
53.0 0.1369176175
54.0 0.13968078750000001
55.0 0.14228388125
56.0 0.14511114249999998
57.0 0.1476978
58.0 0.15036498499999998
59.0 0.15303220374999998
60.0 0.1559267625
61.0 0.15854220875
62.0 0.16125752124999998
63.0 0.16395116625
64.0 0.16655250500000002
65.0 0.16936468
66.0 0.17203048125
67.0 0.17479594625
68.0 0.17751784
69.0 0.18032842875
70.0 0.18296544125
71.0 0.18552989125
72.0 0.1885242825
73.0 0.19103058125
74.0 0.19379203
75.0 0.19666181625
76.0 0.19944962375
77.0 0.2022282175
78.0 0.20481096
79.0 0.20754817625
80.0 0.2103612625
81.0 0.21306324375
82.0 0.21575290625
83.0 0.21845907250000002
84.0 0.22138660500000001
85.0 0.22399665124999998
86.0 0.22682235999999997
87.0 0.22958586749999998
88.0 0.23236604749999998
89.0 0.2350704925
90.0 0.23782785750000002
91.0 0.24058539124999997
92.0 0.2433384025
93.0 0.24599556375
94.0 0.24867570875
95.0 0.25170388375
96.0 0.25417909875
97.0 0.2569212425
98.0 0.25984718875
99.0 0.26254512
100.0 0.26528345000000003
101.0 0.26817888624999997
102.0 0.27082939875
103.0 0.27362966
104.0 0.27624284499999996
105.0 0.27915789
106.0 0.28172068625
107.0 0.2845183825
108.0 0.28741159125
109.0 0.289956635
110.0 0.2928930775
111.0 0.29551196625
112.0 0.29835239
113.0 0.30124924375
114.0 0.30373461749999997
115.0 0.30656862874999996
116.0 0.30935906874999997
117.0 0.31197218625
118.0 0.3150007325
119.0 0.31759937125000004
120.0 0.3203845125
121.0 0.3230340125
122.0 0.32579309875
123.0 0.328569465
124.0 0.33142683125
125.0 0.33402003625
126.0 0.33658610625
127.0 0.3394658825
128.0 0.342416095
129.0 0.3449758875
130.0 0.3478250525
131.0 0.3504798175
132.0 0.353272215
133.0 0.35587510625
134.0 0.35865332875
135.0 0.36148507874999997
136.0 0.36440464624999996
137.0 0.36703808125
138.0 0.36964725
139.0 0.37236549875
140.0 0.3750512125
141.0 0.377921505
142.0 0.380616365
143.0 0.38340933625
144.0 0.38606281875
145.0 0.38889011375000004
146.0 0.39168808
147.0 0.39439644
148.0 0.39702758
149.0 0.39982237375
150.0 0.40230039
151.0 0.405116075
152.0 0.4080371275
153.0 0.41066573625
154.0 0.4132049075
155.0 0.416263795
156.0 0.41903546999999997
157.0 0.4214447375
158.0 0.42447868375000003
159.0 0.4268156925
160.0 0.42986465749999997
161.0 0.4323637675
162.0 0.435230415
163.0 0.43789746500000004
164.0 0.44054345500000003
165.0 0.44337733125
166.0 0.44623506874999996
167.0 0.44869712125000005
168.0 0.45147601875
169.0 0.45443939375
170.0 0.45688797999999997
171.0 0.45965273625
172.0 0.46247307875
173.0 0.464971345
174.0 0.46758993
175.0 0.4704476675
176.0 0.47314910875
177.0 0.47571929625000003
178.0 0.4784656925
179.0 0.48121816375
180.0 0.48389911875
181.0 0.48672270125
182.0 0.4895870875
183.0 0.49208346375
184.0 0.49493505875000005
185.0 0.49743599125000004
186.0 0.500083905
187.0 0.50293539875
188.0 0.505617535
189.0 0.50798397375
190.0 0.51110010125
191.0 0.513766645
192.0 0.51649056375
193.0 0.5190103625
194.0 0.5216265175
195.0 0.52449684375
196.0 0.52722194375
197.0 0.5301600062499999
198.0 0.532463265
199.0 0.53528796125
200.0 0.53783769625
201.0 0.5404894575
202.0 0.5431835749999999
203.0 0.5460280825
204.0 0.5487703275
205.0 0.55132121
206.0 0.55433733625
207.0 0.556788285
208.0 0.55947656375
209.0 0.56217196375
210.0 0.56461207875
211.0 0.56742317375
212.0 0.57041078125
213.0 0.57280540125
214.0 0.575757605
215.0 0.578250775
216.0 0.58082241375
217.0 0.5839269312500001
218.0 0.5862973525
219.0 0.5890921800000001
220.0 0.5916440749999999
221.0 0.5941929662500001
222.0 0.596956845
223.0 0.599765375
224.0 0.60221625625
225.0 0.60500322
226.0 0.6077572775
227.0 0.6105239575
228.0 0.6129384562500001
229.0 0.615782525
230.0 0.6183246324999999
231.0 0.6209267475000001
232.0 0.6237137112500001
233.0 0.6264137687500001
234.0 0.6292617524999999
235.0 0.6314767887499999
236.0 0.6345936925
237.0 0.6369581062499999
238.0 0.63959711
239.0 0.6423913975
240.0 0.6450529462500001
241.0 0.6476066975
242.0 0.6502149549999999
243.0 0.65295554625
244.0 0.65592503
245.0 0.65844530125
246.0 0.6610882874999999
247.0 0.66362273375
248.0 0.6664628199999999
249.0 0.66917425125
250.0 0.67188267875
251.0 0.67417530625
252.0 0.6771373312500001
253.0 0.6795601324999999
254.0 0.682200655
255.0 0.684974625
256.0 0.687764255
257.0 0.6902387612499999
258.0 0.6930498562499999
259.0 0.6955347912500001
260.0 0.6985474075
261.0 0.70059558375
262.0 0.7035662825
263.0 0.70613468125
264.0 0.7089639
265.0 0.71125858625
266.0 0.71385935125
267.0 0.71707737
268.0 0.71937873875
269.0 0.7219293175
270.0 0.7245812475000001
271.0 0.72716463125
272.0 0.72972671875
273.0 0.73252714875
274.0 0.735331865
275.0 0.73804086625
276.0 0.74047288125
277.0 0.7430119512500001
278.0 0.7461241975
279.0 0.748542105
280.0 0.7513053762499999
281.0 0.75403857625
282.0 0.7563668775
283.0 0.75925104125
284.0 0.76168926625
285.0 0.7646037375
286.0 0.76720322
287.0 0.769631995
288.0 0.7723332675
289.0 0.77535101375
290.0 0.77763378625
291.0 0.7806105600000001
292.0 0.7827330537499999
293.0 0.7854899125
294.0 0.78790056375
295.0 0.79062195125
296.0 0.79344614125
297.0 0.795732525
298.0 0.7986844587499999
299.0 0.8012101975
300.0 0.8039933137499999
301.0 0.80644287875
302.0 0.8091817825
303.0 0.8120354025
304.0 0.8145267162500001
305.0 0.81740159875
306.0 0.81989179875
307.0 0.822408155
308.0 0.8249226550000001
309.0 0.8273979375
310.0 0.830363945
311.0 0.8328077724999999
312.0 0.8352602062500001
313.0 0.83841892625
314.0 0.8407674775
315.0 0.8432035425
316.0 0.8458225325
317.0 0.8486391962500001
318.0 0.85101120375
319.0 0.8539167987499999
320.0 0.8566550949999999
321.0 0.859006245
322.0 0.861726755
323.0 0.8644440250000001
324.0 0.8668784024999999
325.0 0.8693055575
326.0 0.8722662325
327.0 0.8748781687499999
328.0 0.8780346274999999
329.0 0.8794436800000001
330.0 0.8827625775
331.0 0.8851575012499999
332.0 0.88763572
333.0 0.8902789425000001
334.0 0.8931509224999999
335.0 0.8957184100000001
336.0 0.8982193762499999
337.0 0.90065685875
338.0 0.90350818375
339.0 0.9058883925
340.0 0.9088147775
341.0 0.91093571875
342.0 0.9134772524999999
343.0 0.91650451625
344.0 0.9187007875
345.0 0.92164819875
346.0 0.9239507825
347.0 0.9264533349999999
348.0 0.92920776375
349.0 0.93161034875
350.0 0.93465593875
351.0 0.9368638199999999
352.0 0.9395682987499999
353.0 0.9420640337499999
354.0 0.94484603625
355.0 0.94743613625
356.0 0.95041665625
357.0 0.9527461724999999
358.0 0.9550774775
359.0 0.95783075875
360.0 0.9600995250000001
361.0 0.96328872125
362.0 0.9655218812499999
363.0 0.96788103
364.0 0.97070822375
365.0 0.9731987275
366.0 0.97544778375
367.0 0.978256955
368.0 0.98098532875
369.0 0.9836833275
370.0 0.9860509812499999
371.0 0.98893956625
372.0 0.9916307475
373.0 0.993751385
374.0 0.9960508637500001
375.0 0.99888450375
376.0 1.0010388575
377.0 1.00415393875
378.0 1.0068612525
379.0 1.00902512375
380.0 1.011339115
381.0 1.01454775125
382.0 1.01649086375
383.0 1.01963227
384.0 1.02198797625
385.0 1.02412407125
386.0 1.0272695275
387.0 1.02984298875
388.0 1.03266974375
389.0 1.03476776875
390.0 1.03728422625
391.0 1.03990584875
392.0 1.0422981062499999
393.0 1.04521470375
394.0 1.04819637125
395.0 1.05012595
396.0 1.05248466
397.0 1.05511893875
398.0 1.0574559475
399.0 1.06029171375
400.0 1.06246068125
401.0 1.06501844875
402.0 1.06777898625
403.0 1.07119920125
404.0 1.0732596287499998
405.0 1.076108085
406.0 1.07815842125
407.0 1.080627325
408.0 1.08331418625
409.0 1.08636922625
410.0 1.0882185475000001
411.0 1.0909189424999999
412.0 1.09353027125
413.0 1.09616890375
414.0 1.0986593737500001
415.0 1.10141687375
416.0 1.10366893375
417.0 1.10648175
418.0 1.108597865
419.0 1.1116790275000001
420.0 1.11403581375
421.0 1.1163738349999999
422.0 1.11927646
423.0 1.12200051375
424.0 1.1243460275000001
425.0 1.12669592875
426.0 1.1295703049999999
427.0 1.13194184
428.0 1.1341970725
429.0 1.1368684425
430.0 1.1393668774999999
431.0 1.1418501587499998
432.0 1.14472753875
433.0 1.14754801625
434.0 1.15004078125
435.0 1.15261029375
436.0 1.1541914375
437.0 1.1569958500000002
438.0 1.159965165
439.0 1.16278223375
440.0 1.16567959375
441.0 1.167227865
442.0 1.170241055
443.0 1.1729580549999998
444.0 1.175229015
445.0 1.17800855375
446.0 1.18018498
447.0 1.183443735
448.0 1.18568853875
449.0 1.1875580425
450.0 1.19049721875
451.0 1.19337497
452.0 1.1958475525
453.0 1.1986204425
454.0 1.20147625625
455.0 1.2034499125
456.0 1.2060977587500001
457.0 1.20885806
458.0 1.211199895
459.0 1.21353697125
460.0 1.21593476375
461.0 1.21910745625
462.0 1.2213417975
463.0 1.224342635
464.0 1.22629394875
465.0 1.2292603612500002
466.0 1.231510025
467.0 1.23431730625
468.0 1.236510405
469.0 1.23934769
470.0 1.2421444750000001
471.0 1.2448637025
472.0 1.2467771825
473.0 1.24944804625
474.0 1.25200767
475.0 1.2549317262500002
476.0 1.25659437625
477.0 1.26012049875
478.0 1.2618266525000001
479.0 1.2655383325
480.0 1.26756501
481.0 1.2700860575000001
482.0 1.27338109375
483.0 1.2752219775
484.0 1.27877618
485.0 1.2812182525
486.0 1.2832436812499999
487.0 1.28631620375
488.0 1.28876435125
489.0 1.2906761775
490.0 1.2937148825
491.0 1.2963580375000001
492.0 1.298633925
493.0 1.3013051599999998
494.0 1.3040720425
495.0 1.3068857362500002
496.0 1.30966335125
497.0 1.311630595
498.0 1.3141295025
499.0 1.3168128875
500.0 1.3191586375
501.0 1.32222201375
502.0 1.32452696
503.0 1.32740326
504.0 1.329823935
505.0 1.3319975262500001
506.0 1.3346356525
507.0 1.33717246125
508.0 1.34022605
509.0 1.34259964375
510.0 1.3451467462500002
511.0 1.347769685
512.0 1.35005077
513.0 1.35326484
514.0 1.35585396125
515.0 1.3583144950000001
516.0 1.361326335
517.0 1.36352854625
518.0 1.3661129762500002
519.0 1.3692935325
520.0 1.3716228125
521.0 1.37443272625
522.0 1.376364465
523.0 1.378556585
524.0 1.38194983375
525.0 1.3843782375
526.0 1.3874185962499999
527.0 1.3896093325
528.0 1.39175072625
529.0 1.39453266125
530.0 1.3973688999999998
531.0 1.39998711375
532.0 1.4024263174999998
533.0 1.4049903625
534.0 1.407321465
535.0 1.41049652
536.0 1.4132966125
537.0 1.4153934562500001
538.0 1.4185916975
539.0 1.42051486375
540.0 1.42308464625
541.0 1.42580535875
542.0 1.42828685125
543.0 1.4317533037499999
544.0 1.4341609175
545.0 1.436852335
546.0 1.4394997087499999
547.0 1.4417623325
548.0 1.4442867887500002
549.0 1.447237305
550.0 1.44946901375
551.0 1.45259580625
552.0 1.45539151125
553.0 1.4577482637499999
554.0 1.45978304125
555.0 1.4634675187500001
556.0 1.4658440149999998
557.0 1.467745885
558.0 1.4709404475
559.0 1.4733242337499999
560.0 1.4760139975
561.0 1.4786555325
562.0 1.4816506999999999
563.0 1.484041405
564.0 1.4867849662500001
565.0 1.4892905900000002
566.0 1.49155550875
567.0 1.4947715700000002
568.0 1.4971777325
569.0 1.49984184625
570.0 1.5022696087499998
571.0 1.50486942875
572.0 1.5075062725
573.0 1.5104909775
574.0 1.51260905
575.0 1.515531385
576.0 1.51841602125
577.0 1.5208951512500002
578.0 1.52363807125
579.0 1.5259311375
580.0 1.52905168625
581.0 1.53108349375
582.0 1.5336759225
583.0 1.53607584125
584.0 1.53985124125
585.0 1.5417722475
586.0 1.54488874625
587.0 1.5470304775000001
588.0 1.54995115875
589.0 1.5524603600000002
590.0 1.55533183375
591.0 1.5576244950000002
592.0 1.5603395037499999
593.0 1.56365894125
594.0 1.56596655375
595.0 1.5689525075000001
596.0 1.57144723
597.0 1.57388677125
598.0 1.5764500062500002
599.0 1.57943585875
600.0 1.58154117375
601.0 1.58503145375
602.0 1.58749273
603.0 1.5900425325
604.0 1.59279156125
605.0 1.594928905
606.0 1.59795043125
607.0 1.60072892375
608.0 1.6030404512499998
609.0 1.60602940875
610.0 1.6085438412500002
611.0 1.6108163875
612.0 1.6136864775
613.0 1.616331455
614.0 1.6194430262500001
615.0 1.62184466625
616.0 1.6245295025
617.0 1.626972385
618.0 1.62975027
619.0 1.6323186012500002
620.0 1.63495412875
621.0 1.63770231375
622.0 1.6402881274999999
623.0 1.64334124375
624.0 1.64596111125
625.0 1.6487135825
626.0 1.65095393125
627.0 1.6540311112500001
628.0 1.65608505875
629.0 1.65916855
630.0 1.6615892925
631.0 1.6646718725
632.0 1.6674470912500001
633.0 1.66993276875
634.0 1.67246792375
635.0 1.67541466
636.0 1.6777870049999999
637.0 1.6807468700000001
638.0 1.68348574
639.0 1.68640146
640.0 1.6882006625000001
641.0 1.69180194625
642.0 1.694293665
643.0 1.6969533575
644.0 1.69976617375
645.0 1.701914655
646.0 1.7049543387500001
647.0 1.707250375
648.0 1.70914262625
649.0 1.71293591375
650.0 1.7154340787500002
651.0 1.71803977125
652.0 1.7212149950000002
653.0 1.72349111875
654.0 1.7258152012499999
655.0 1.72875663875
656.0 1.73125716625
657.0 1.7338136174999998
658.0 1.7366186712499998
659.0 1.7390830187500002
660.0 1.74215095125
661.0 1.74488772875
662.0 1.74738238375
663.0 1.75000069875
664.0 1.75305364625
665.0 1.75596450625
666.0 1.7583261525
667.0 1.76103009125
668.0 1.76377247125
669.0 1.76631565875
670.0 1.76919371375
671.0 1.77240623125
672.0 1.7746937624999999
673.0 1.77699830375
674.0 1.77977288125
675.0 1.7825422275
676.0 1.7858560962499999
677.0 1.7878917175
678.0 1.79063480625
679.0 1.79331701
680.0 1.7965454575
681.0 1.7990524650000002
682.0 1.80175464875
683.0 1.80373731625
684.0 1.8064929937499998
685.0 1.80963575
686.0 1.8123650012499999
687.0 1.814387325
688.0 1.8177879312499998
689.0 1.8204573775
690.0 1.82322233625
691.0 1.82582451875
692.0 1.8287842487500001
693.0 1.8311605762499998
694.0 1.83362192
695.0 1.836370915
696.0 1.838863545
697.0 1.8420726875
698.0 1.84474625125
699.0 1.84737351
700.0 1.84988207
701.0 1.8533343475
702.0 1.85525046
703.0 1.858236785
704.0 1.86054571375
705.0 1.8628486687499999
706.0 1.86615858875
707.0 1.869145825
708.0 1.8716901937500001
709.0 1.87427631125
710.0 1.8769350925000001
711.0 1.87994588625
712.0 1.8824149925
713.0 1.88513978875
714.0 1.8878472375
715.0 1.890379085
716.0 1.8930310487500002
717.0 1.89589715625
718.0 1.8992988425
719.0 1.9016234650000001
720.0 1.9037627325
721.0 1.9063588737500001
722.0 1.90947274
723.0 1.91247124875
724.0 1.915153385
725.0 1.918057765
726.0 1.92036419625
727.0 1.9228514937499999
728.0 1.9260021475
729.0 1.92815856
730.0 1.9313344925
731.0 1.9339052875
732.0 1.93623433125
733.0 1.93908099875
734.0 1.9417117675000002
735.0 1.9447357575000002
736.0 1.9469728662499999
737.0 1.9500168362499999
738.0 1.9527520275
739.0 1.95536484125
740.0 1.9580232175
741.0 1.96100545875
742.0 1.963590935
743.0 1.96643601625
744.0 1.96920273
745.0 1.97188598
746.0 1.974592855
747.0 1.976550075
748.0 1.97993758625
749.0 1.9823880625
750.0 1.98527539875
751.0 1.988552345
752.0 1.9911080537499999
753.0 1.9931419875
754.0 1.99621154
755.0 1.9985251937500002
756.0 2.0018730825
757.0 2.0047433075
758.0 2.0072671225
759.0 2.00953113
760.0 2.0129192825
761.0 2.01537104125
762.0 2.0184890925
763.0 2.02069980875
764.0 2.0233469125
765.0 2.02648885875
766.0 2.0289253625
767.0 2.0310632125
768.0 2.0342633775
769.0 2.0367797
770.0 2.04031658875
771.0 2.04286180125
772.0 2.045591525
773.0 2.0477735875
774.0 2.05097031
775.0 2.0538591312500003
776.0 2.0558875975
777.0 2.0588539087499997
778.0 2.06139929
779.0 2.06441291875
780.0 2.066984625
781.0 2.0697914675
782.0 2.07233846875
783.0 2.07467267625
784.0 2.0778846875
785.0 2.0805412075
786.0 2.083204275
787.0 2.08561496
788.0 2.08871370625
789.0 2.09133850125
790.0 2.0943331625
791.0 2.09704736125
792.0 2.09937411
793.0 2.1023938812500003
794.0 2.1050604925000003
795.0 2.10769062
796.0 2.1103941875
797.0 2.11337912875
798.0 2.11574384625
799.0 2.11805611625
800.0 2.121933205
801.0 2.1240085837500002
802.0 2.12665815125
803.0 2.1301328387500003
804.0 2.1323601937500003
805.0 2.1350905924999997
806.0 2.1378800874999997
807.0 2.14018014
808.0 2.14313382875
809.0 2.14626568375
810.0 2.14910512875
811.0 2.15123359625
812.0 2.15459029375
813.0 2.1565768762500004
814.0 2.15983900625
815.0 2.162398225
816.0 2.1649145812499997
817.0 2.1679377275
818.0 2.1710713375
819.0 2.17370831625
820.0 2.1758717825000002
821.0 2.1787122062499997
822.0 2.18151321
823.0 2.18419642625
824.0 2.18687623375
825.0 2.1896205375
826.0 2.1924475287500003
827.0 2.1950104599999998
828.0 2.1978088312499997
829.0 2.20079006
830.0 2.2031372275
831.0 2.20608733875
832.0 2.2086363312499997
833.0 2.2112178925
834.0 2.2149559649999997
835.0 2.21670056
836.0 2.2199135837500004
837.0 2.22235704
838.0 2.22537883625
839.0 2.22781534
840.0 2.2303048650000004
841.0 2.2332031025
842.0 2.2360038025000004
843.0 2.23868317125
844.0 2.24130823625
845.0 2.24420728375
846.0 2.2469048775
847.0 2.25021084875
848.0 2.25301026625
849.0 2.2552833525000002
850.0 2.25749984
851.0 2.26058474875
852.0 2.2629364049999996
853.0 2.26597237625
854.0 2.26845805375
855.0 2.2714183575
856.0 2.27407886
857.0 2.2772137525
858.0 2.27968589625
859.0 2.28266148875
860.0 2.2851946525
861.0 2.28797466375
862.0 2.2904531525
863.0 2.2930774075
864.0 2.2962893175
865.0 2.29914661625
866.0 2.3011749137499997
867.0 2.3044964775
868.0 2.30702572625
869.0 2.30930674375
870.0 2.3127500775
871.0 2.315215775
872.0 2.3183618725
873.0 2.32020734625
874.0 2.323187495
875.0 2.32669303
876.0 2.32912426875
877.0 2.33188210625
878.0 2.3349379900000002
879.0 2.337407535
880.0 2.3401089424999997
881.0 2.34262023625
882.0 2.3456776725
883.0 2.34858708125
884.0 2.3510332037499997
885.0 2.3535253275000003
886.0 2.35611829625
887.0 2.35930178875
888.0 2.3621422125
889.0 2.3643687575
890.0 2.3678265699999996
891.0 2.36991652875
892.0 2.37243177125
893.0 2.37562221625
894.0 2.3784255825
895.0 2.3811973925000003
896.0 2.38364665375
897.0 2.3867887349999997
898.0 2.38906863875
899.0 2.392369885
900.0 2.394612765
901.0 2.3977287912499996
902.0 2.40014622625
903.0 2.4027775350000002
904.0 2.40542916125
905.0 2.4081357999999997
906.0 2.411201775
907.0 2.41386116375
908.0 2.41704431875
909.0 2.4191764987499997
910.0 2.421984725
911.0 2.4243935875
912.0 2.427725985
913.0 2.43007835
914.0 2.4335038975
915.0 2.4354455587499997
916.0 2.4386121425000002
917.0 2.44122866875
918.0 2.44428816375
919.0 2.4470870075
920.0 2.44922880625
921.0 2.45237038125
922.0 2.454848195
923.0 2.4581139362499997
924.0 2.4608028225
925.0 2.46315873125
926.0 2.46623867875
927.0 2.46867039
928.0 2.4714518187500003
929.0 2.4738829225
930.0 2.47727256
931.0 2.4797579337499998
932.0 2.48276282125
933.0 2.48471443875
934.0 2.4877120699999997
935.0 2.49043733875
936.0 2.4932102625000003
937.0 2.4964556187499998
938.0 2.49910916875
939.0 2.5022716349999996
940.0 2.50450334375
941.0 2.50727944
942.0 2.50947777
943.0 2.51307223625
944.0 2.51544242125
945.0 2.51836016625
946.0 2.5210929275000002
947.0 2.5237760424999998
948.0 2.526569115
949.0 2.52919873625
950.0 2.53242877
951.0 2.53477090875
952.0 2.5374806524999998
953.0 2.5402347437499997
954.0 2.54262801375
955.0 2.54606804
956.0 2.54842786375
957.0 2.5512059175
958.0 2.55377418125
959.0 2.5565527075
960.0 2.55982128375
961.0 2.561797775
962.0 2.564962435
963.0 2.567787975
964.0 2.5704758825
965.0 2.57345434375
966.0 2.5757297925
967.0 2.5785857075
968.0 2.5811301099999997
969.0 2.5845228525
970.0 2.58689313875
971.0 2.58949923625
972.0 2.592253125
973.0 2.59460390375
974.0 2.59809523
975.0 2.60068556625
976.0 2.6031755637500003
977.0 2.60635973125
978.0 2.6087746349999996
979.0 2.61133500125
980.0 2.61435581875
981.0 2.6169771375
982.0 2.62021567625
983.0 2.62257080875
984.0 2.6251348537499997
985.0 2.62836471875
986.0 2.6305657825
987.0 2.6335743825
988.0 2.63627238125
989.0 2.63943181
990.0 2.6422183012500002
991.0 2.64416958125
992.0 2.6474978275
993.0 2.6501059500000004
994.0 2.6524426887500003
995.0 2.655599215
996.0 2.6581341675
997.0 2.66111127875
998.0 2.6633294199999997
999.0 2.6668366425
1000.0 2.669095655
