1.0 0.0065645
2.0 0.0088185175
3.0 0.0110808375
4.0 0.0133628
5.0 0.015669264999999998
6.0 0.017968237499999998
7.0 0.020282195
8.0 0.0225989875
9.0 0.0249560775
10.0 0.027356705000000002
11.0 0.029709947499999997
12.0 0.0320528625
13.0 0.034484877500000004
14.0 0.0369237775
15.0 0.039320557500000006
16.0 0.0418133225
17.0 0.0442109125
18.0 0.046727775
19.0 0.0491761925
20.0 0.051646075
21.0 0.05424272250000001
22.0 0.05664011
23.0 0.0592586275
24.0 0.061736002500000005
25.0 0.06428486
26.0 0.06684607000000001
27.0 0.0694413
28.0 0.07204139
29.0 0.0745080325
30.0 0.07725594749999999
31.0 0.0797819225
32.0 0.082462
33.0 0.0850695825
34.0 0.0876380825
35.0 0.0903102625
36.0 0.092998845
37.0 0.0956845925
38.0 0.0983146525
39.0 0.100983795
40.0 0.10368189500000001
41.0 0.106435075
42.0 0.1090499475
43.0 0.11172030499999999
44.0 0.114657355
45.0 0.1171179225
46.0 0.119968505
47.0 0.122671465
48.0 0.1253377725
49.0 0.128081435
50.0 0.1309251325
51.0 0.1335689625
52.0 0.1364355425
53.0 0.139280455
54.0 0.1419082875
55.0 0.1447420625
56.0 0.14754120999999998
57.0 0.150297225
58.0 0.15296960750000002
59.0 0.155760655
60.0 0.15849196499999998
61.0 0.1614134225
62.0 0.1642305925
63.0 0.16685882999999999
64.0 0.1698102575
65.0 0.17248101999999998
66.0 0.1754292075
67.0 0.178380635
68.0 0.180852745
69.0 0.18400464749999998
70.0 0.1866314675
71.0 0.1894279825
72.0 0.192479445
73.0 0.195193745
74.0 0.19808826999999998
75.0 0.2008149225
76.0 0.20373779749999998
77.0 0.2064844975
78.0 0.2094989025
79.0 0.2123444225
80.0 0.2151287875
81.0 0.21809763000000001
82.0 0.22075442
83.0 0.223680535
84.0 0.2264440425
85.0 0.229574885
86.0 0.23220595749999998
87.0 0.23511222750000002
88.0 0.2380193075
89.0 0.24105052
90.0 0.2440307025
91.0 0.24673022
92.0 0.2497594075
93.0 0.2524145775
94.0 0.25540043
95.0 0.2580667375
96.0 0.26109876
97.0 0.264017585
98.0 0.2668916575
99.0 0.26986333500000004
100.0 0.2725794575
101.0 0.275639425
102.0 0.278693925
103.0 0.28149226250000003
104.0 0.28435215999999996
105.0 0.287205375
106.0 0.2899227125
107.0 0.29287029249999996
108.0 0.2959272225
109.0 0.2987715275
110.0 0.30153544
111.0 0.3045326325
112.0 0.3075567575
113.0 0.31039276
114.0 0.313318875
115.0 0.31620732500000004
116.0 0.3192454225
117.0 0.32199009749999996
118.0 0.32509664
119.0 0.32791866999999997
120.0 0.33083020500000004
121.0 0.3337662425
122.0 0.33667129749999997
123.0 0.33938499
124.0 0.3426693275
125.0 0.34540124499999997
126.0 0.3481161525
127.0 0.35123241499999996
128.0 0.354272335
129.0 0.357017415
130.0 0.360007115
131.0 0.3628018075
132.0 0.3656821575
133.0 0.368756705
134.0 0.37155828249999995
135.0 0.374635665
136.0 0.3774307625
137.0 0.3804540775
138.0 0.38319267749999997
139.0 0.38639986249999997
140.0 0.3891988075
141.0 0.3922346775
142.0 0.39501884000000004
143.0 0.3980782
144.0 0.4008429225
145.0 0.4038326225
146.0 0.4068364975
147.0 0.40982315999999996
148.0 0.412593755
149.0 0.41551966749999997
150.0 0.41843424
151.0 0.42142799
152.0 0.42433669
153.0 0.42723566999999996
154.0 0.43029523249999996
155.0 0.43322074
156.0 0.436076385
157.0 0.43902153499999996
158.0 0.4419109975
159.0 0.4448614125
160.0 0.4478539475
161.0 0.4506954175
162.0 0.45355005
163.0 0.45647515250000004
164.0 0.459633535
165.0 0.4623528975
166.0 0.46544324
167.0 0.46816867749999996
168.0 0.47135277750000004
169.0 0.47397008
170.0 0.4772252575
171.0 0.4799176875
172.0 0.483192305
173.0 0.48603296500000004
174.0 0.48875009999999997
175.0 0.4916905925
176.0 0.4948147525
177.0 0.497538975
178.0 0.5004592175
179.0 0.503555635
180.0 0.50645502
181.0 0.5091772175
182.0 0.5125885225
183.0 0.5152295175
184.0 0.5184500675
185.0 0.52133386
186.0 0.524051805
187.0 0.5267274275
188.0 0.529791445
189.0 0.5327165475
190.0 0.5358311899999999
191.0 0.53856493
192.0 0.5416601325
193.0 0.54465368
194.0 0.54729346
195.0 0.550645635
196.0 0.5535484625
197.0 0.5563927675
198.0 0.5592281625
199.0 0.562293395
200.0 0.5653962925
201.0 0.56800995
202.0 0.5710350875
203.0 0.57384679
204.0 0.5768729399999999
205.0 0.5796166025
206.0 0.5827966525
207.0 0.585671535
208.0 0.5886565775
209.0 0.591337465
210.0 0.594291525
211.0 0.5976580775
212.0 0.6004936750000001
213.0 0.6032891775
214.0 0.6063716225000001
215.0 0.6091300675
216.0 0.611988345
217.0 0.615051755
218.0 0.6177824575
219.0 0.6210860324999999
220.0 0.6238825474999999
221.0 0.6268317475
222.0 0.6298419000000001
223.0 0.6327576875
224.0 0.6355035775
225.0 0.638668035
226.0 0.64158524
227.0 0.6443313325
228.0 0.6473262975
229.0 0.65005538
230.0 0.6529819
231.0 0.6561706574999999
232.0 0.6590072674999999
233.0 0.6620903199999999
234.0 0.6649737075000001
235.0 0.667913795
236.0 0.67096546
237.0 0.6735216075
238.0 0.67675613
239.0 0.67969075
240.0 0.68262537
241.0 0.6854461850000001
242.0 0.6884840799999999
243.0 0.6913379024999999
244.0 0.6943814675000001
245.0 0.697210585
246.0 0.7001486474999999
247.0 0.7030419575
248.0 0.705995815
249.0 0.70871538
250.0 0.71191892
251.0 0.7147715275
252.0 0.7178312925
253.0 0.72071873
254.0 0.72382102
255.0 0.7265667075
256.0 0.72951368
257.0 0.732711145
258.0 0.7353231825
259.0 0.7386231125
260.0 0.7414917175
261.0 0.7439686875
262.0 0.7471114775000001
263.0 0.7501325649999999
264.0 0.7529944875000001
265.0 0.7560374449999999
266.0 0.7587608575
267.0 0.761897775
268.0 0.7648050574999999
269.0 0.76796425
270.0 0.770733225
271.0 0.7733059775000001
272.0 0.7766646325
273.0 0.7796243625
274.0 0.7826746099999999
275.0 0.785269435
276.0 0.78852603
277.0 0.7911137675
278.0 0.793980145
279.0 0.797246055
280.0 0.80015759
281.0 0.8033214399999999
282.0 0.80565747
283.0 0.8090390074999999
284.0 0.8117512825
285.0 0.8146247475
286.0 0.81753527
287.0 0.820528615
288.0 0.8233050825
289.0 0.82664288
290.0 0.829338955
291.0 0.8324791125000001
292.0 0.8354360074999999
293.0 0.8382790975000001
294.0 0.8410594124999999
295.0 0.8443534699999999
296.0 0.8473636225000001
297.0 0.8499169350000001
298.0 0.8528323175
299.0 0.85589431
300.0 0.858641415
301.0 0.8620581875
302.0 0.864388345
303.0 0.8676465600000001
304.0 0.8705909000000001
305.0 0.8735933575
306.0 0.876569085
307.0 0.8794024549999999
308.0 0.882236635
309.0 0.8849511375
310.0 0.8880890675
311.0 0.89123287
312.0 0.893848755
313.0 0.89737427
314.0 0.9000389575000001
315.0 0.90289683
316.0 0.9060349625
317.0 0.9087184825000001
318.0 0.911638725
319.0 0.9145476275
320.0 0.9176610550000001
321.0 0.920869455
322.0 0.9231489875000001
323.0 0.9266263075
324.0 0.929357415
325.0 0.932522885
326.0 0.9352859875
327.0 0.937978215
328.0 0.9408670699999999
329.0 0.94388512
330.0 0.9470151525
331.0 0.9497918225
332.0 0.952898365
333.0 0.9559044675
334.0 0.9586151225
335.0 0.9616700275
336.0 0.9647974275
337.0 0.9674141225
338.0 0.9703305175
339.0 0.9735397275000001
340.0 0.97658147
341.0 0.9796238199999999
342.0 0.9820266750000001
343.0 0.9850086800000001
344.0 0.9879690175
345.0 0.99094515
346.0 0.994039745
347.0 0.9965796925
348.0 1.0003133775
349.0 1.0029770525
350.0 1.00598923
351.0 1.0087555725
352.0 1.0117918475
353.0 1.0147220125
354.0 1.017557205
355.0 1.020702425
356.0 1.0233873625
357.0 1.0264766925
358.0 1.029217925
359.0 1.032247315
360.0 1.0350258075
361.0 1.0380521600000001
362.0 1.0407836725
363.0 1.043860245
364.0 1.0468926725
365.0 1.04994373
366.0 1.05280869
367.0 1.0555377725
368.0 1.05867226
369.0 1.0619205525
370.0 1.064256785
371.0 1.0673556325
372.0 1.0704490125
373.0 1.07289014
374.0 1.07642902
375.0 1.0795477125
376.0 1.0819359875
377.0 1.08520858
378.0 1.08802413
379.0 1.0914696575
380.0 1.0942447075
381.0 1.0967629875
382.0 1.0998276125
383.0 1.1028160974999999
384.0 1.1056521000000001
385.0 1.108815545
386.0 1.1115701425
387.0 1.114803045
388.0 1.117629125
389.0 1.120091515
390.0 1.1231522925
391.0 1.1262655175
392.0 1.1292473200000002
393.0 1.1324690849999999
394.0 1.1347761575
395.0 1.1377690974999999
396.0 1.1406992624999999
397.0 1.14386696
398.0 1.1465182825
399.0 1.149927765
400.0 1.1524158725
401.0 1.1556870475
402.0 1.15876524
403.0 1.1615670200000001
404.0 1.1644698475
405.0 1.1672613
406.0 1.170410975
407.0 1.1732226775
408.0 1.17621015
409.0 1.1790445325
410.0 1.1818702075
411.0 1.184969865
412.0 1.1879115725
413.0 1.19091079
414.0 1.19374011
415.0 1.19628998
416.0 1.1996500525
417.0 1.2023852099999999
418.0 1.205455505
419.0 1.20818074
420.0 1.21144827
421.0 1.214182415
422.0 1.217502595
423.0 1.22043276
424.0 1.2231561725000002
425.0 1.22631253
426.0 1.2291189675
427.0 1.2319802825
428.0 1.2351933400000001
429.0 1.2380767275
430.0 1.24063247
431.0 1.2437997625
432.0 1.246628475
433.0 1.2497147675
434.0 1.2524513425000001
435.0 1.25560932
436.0 1.2584667875000002
437.0 1.26129064
438.0 1.2641936699999998
439.0 1.2670883975
440.0 1.2700627075
441.0 1.273034385
442.0 1.2760623574999999
443.0 1.2792577975000001
444.0 1.2821181000000001
445.0 1.2849136025
446.0 1.2877242925
447.0 1.2905795325
448.0 1.2939203675
449.0 1.2965273425000001
450.0 1.2995775900000002
451.0 1.302750755
452.0 1.3053672475
453.0 1.3081684199999999
454.0 1.311639665
455.0 1.3143970975
456.0 1.3171203075000002
457.0 1.3202108525
458.0 1.322429635
459.0 1.326028455
460.0 1.3293156275
461.0 1.33178713
462.0 1.3351447724999999
463.0 1.337310905
464.0 1.3408659850000002
465.0 1.3438137675000001
466.0 1.3466924975
467.0 1.3494092275
468.0 1.3526026425000002
469.0 1.3552833274999998
470.0 1.3585372900000001
471.0 1.36154562
472.0 1.364334035
473.0 1.367691475
474.0 1.370033175
475.0 1.372950785
476.0 1.3763209825
477.0 1.3790680874999999
478.0 1.3817593025
479.0 1.3844569975
480.0 1.3876998225
481.0 1.3906715
482.0 1.3938845575
483.0 1.3968029775
484.0 1.3994156225
485.0 1.4024879424999999
486.0 1.4052743325000001
487.0 1.4083484750000002
488.0 1.4110172125
489.0 1.4144872425
490.0 1.4171557775
491.0 1.420557565
492.0 1.4230274475
493.0 1.425718055
494.0 1.42874137
495.0 1.43192547
496.0 1.4347979225
497.0 1.4376114475
498.0 1.4406916650000001
499.0 1.4433911825
500.0 1.4464043725
501.0 1.4496844575
502.0 1.452303785
503.0 1.4553232525
504.0 1.4583056625000002
505.0 1.46097845
506.0 1.46406697
507.0 1.4670491775
508.0 1.4699516000000001
509.0 1.4731788325
510.0 1.4759648175
511.0 1.4789326475
512.0 1.481523625
513.0 1.4849541675
514.0 1.4873554025
515.0 1.4903337625
516.0 1.493450025
517.0 1.4962345925
518.0 1.49957482
519.0 1.50194406
520.0 1.5053324824999998
521.0 1.50837301
522.0 1.5110664525
523.0 1.514714885
524.0 1.51711126
525.0 1.5198553275
526.0 1.5228259924999998
527.0 1.5255848425
528.0 1.5290334075
529.0 1.5316211450000001
530.0 1.5344522875000002
531.0 1.5379006499999999
532.0 1.5403551425000002
533.0 1.5429819624999999
534.0 1.5462288375
535.0 1.5492286625
536.0 1.552509355
537.0 1.5549417749999999
538.0 1.55879372
539.0 1.5612174325000001
540.0 1.56403845
541.0 1.567076345
542.0 1.5695830825000001
543.0 1.5730010700000001
544.0 1.5757297475
545.0 1.57819153
546.0 1.5813478875
547.0 1.58469095
548.0 1.5873872275
549.0 1.5910192575000002
550.0 1.5929749924999999
551.0 1.5966442825
552.0 1.5992848725
553.0 1.601779055
554.0 1.6049240725
555.0 1.6079565
556.0 1.61108795
557.0 1.61365645
558.0 1.6170489225000002
559.0 1.61981567
560.0 1.6229497524999998
561.0 1.6257276375
562.0 1.6286326924999999
563.0 1.63147882
564.0 1.6346914725
565.0 1.6380155
566.0 1.6404173425
567.0 1.643244435
568.0 1.6463708225
569.0 1.6493103025
570.0 1.6521874125
571.0 1.6552070825
572.0 1.6584328975
573.0 1.6613306625000002
574.0 1.66363652
575.0 1.666897165
576.0 1.6697908799999999
577.0 1.67284457
578.0 1.6757443600000002
579.0 1.678472835
580.0 1.68158525
581.0 1.684212475
582.0 1.687117935
583.0 1.690290695
584.0 1.6933865049999999
585.0 1.6958369475
586.0 1.6993948625
587.0 1.7019925224999999
588.0 1.7048947424999998
589.0 1.7081446550000001
590.0 1.7110790725
591.0 1.7136007949999998
592.0 1.7167308275
593.0 1.719984385
594.0 1.72278171
595.0 1.7254939850000002
596.0 1.727924785
597.0 1.7315570175000001
598.0 1.7344406074999998
599.0 1.7372085700000002
600.0 1.740421425
601.0 1.7431219550000001
602.0 1.7463844225
603.0 1.7490744225000001
604.0 1.7523852875
605.0 1.7543643100000001
606.0 1.75747875
607.0 1.7606229575
608.0 1.7636118475
609.0 1.7668826174999999
610.0 1.7694416000000002
611.0 1.7727518574999999
612.0 1.7753142825
613.0 1.7783566325
614.0 1.7814166
615.0 1.7846932425
616.0 1.78729799
617.0 1.7905155025
618.0 1.792737525
619.0 1.7963385725
620.0 1.7993501425
621.0 1.80214281
622.0 1.804893965
623.0 1.8075375925000001
624.0 1.8110165325
625.0 1.81393799
626.0 1.8164030125
627.0 1.8198402375
628.0 1.8227371925
629.0 1.8255968875
630.0 1.8282131775
631.0 1.831196195
632.0 1.83423409
633.0 1.83746922
634.0 1.8400401499999999
635.0 1.8428113525
636.0 1.84650393
637.0 1.8491993975
638.0 1.85216095
639.0 1.8550682324999999
640.0 1.8577679525
641.0 1.8602315575000001
642.0 1.8638862675
643.0 1.8669415775
644.0 1.8694533775
645.0 1.8724515825
646.0 1.8753173525
647.0 1.878625585
648.0 1.881212715
649.0 1.88380997
650.0 1.88708317
651.0 1.8906092925
652.0 1.8932492749999998
653.0 1.8960152124999998
654.0 1.89949557
655.0 1.90208675
656.0 1.9049847175
657.0 1.9081058400000002
658.0 1.911168035
659.0 1.9140178075
660.0 1.9166828999999999
661.0 1.919215355
662.0 1.92209935
663.0 1.9254576
664.0 1.9287656299999998
665.0 1.9312772275
666.0 1.9344793500000002
667.0 1.9372463
668.0 1.94030566
669.0 1.9428711225000002
670.0 1.94609552
671.0 1.9494715900000001
672.0 1.951790205
673.0 1.9550324225000002
674.0 1.95798871
675.0 1.96083423
676.0 1.9636313525
677.0 1.9666131550000001
678.0 1.969525905
679.0 1.9725413225
680.0 1.9754263300000001
681.0 1.9781489325000001
682.0 1.981338095
683.0 1.984220875
684.0 1.987234875
685.0 1.99052954
686.0 1.9928159575
687.0 1.99587066
688.0 1.9987864475000001
689.0 2.0016497875
690.0 2.004917115
691.0 2.0077328675
692.0 2.01070252
693.0 2.013507945
694.0 2.01647537
695.0 2.0194539325000003
696.0 2.022693315
697.0 2.0257638125
698.0 2.0281549225
699.0 2.031408075
700.0 2.0341331074999998
701.0 2.03729635
702.0 2.04050961
703.0 2.04340616
704.0 2.04584668
705.0 2.0484874724999997
706.0 2.0516511200000003
707.0 2.0544028825000002
708.0 2.0574176925
709.0 2.0609411825
710.0 2.0639092150000002
711.0 2.0666277675
712.0 2.06922968
713.0 2.0721462775
714.0 2.0754243375
715.0 2.0782868675
716.0 2.08135291
717.0 2.083827855
718.0 2.0868886325
719.0 2.08981819
720.0 2.093049675
721.0 2.095411625
722.0 2.098851685
723.0 2.101834095
724.0 2.10428798
725.0 2.1075042775
726.0 2.1104269500000004
727.0 2.1133200575
728.0 2.1167184024999997
729.0 2.11927779
730.0 2.1221297900000002
731.0 2.1252249925
732.0 2.1285184425
733.0 2.131417625
734.0 2.1336789325
735.0 2.13657123
736.0 2.1401815925
737.0 2.1432121974999996
738.0 2.1457677375
739.0 2.14891883
740.0 2.15171656
741.0 2.1545618775
742.0 2.15785229
743.0 2.160157135
744.0 2.1632774474999996
745.0 2.1659366675
746.0 2.1694139875
747.0 2.1722295375000003
748.0 2.17514654
749.0 2.178294595
750.0 2.1812581724999998
751.0 2.18404031
752.0 2.1870249475
753.0 2.1900642599999998
754.0 2.192873735
755.0 2.1956396725
756.0 2.1986488125
757.0 2.201766695
758.0 2.2046415775000003
759.0 2.2071906375
760.0 2.210270045
761.0 2.2130349700000003
762.0 2.216418735
763.0 2.2193626699999998
764.0 2.2224001600000003
765.0 2.22513147
766.0 2.22753554
767.0 2.2311363849999997
768.0 2.23421721
769.0 2.2372757599999997
770.0 2.2399339675
771.0 2.2428928875
772.0 2.245421495
773.0 2.2485215575
774.0 2.2517078849999996
775.0 2.2542680825
776.0 2.2576218775
777.0 2.2605087075
778.0 2.26358204
779.0 2.2664654275
780.0 2.269079085
781.0 2.2720949075
782.0 2.27549467
783.0 2.2783326975
784.0 2.2805834750000002
785.0 2.28394051
786.0 2.28662484
787.0 2.2897080950000004
788.0 2.2930699900000002
789.0 2.2957792275
790.0 2.2984032125
791.0 2.30168674
792.0 2.3050083375
793.0 2.307506165
794.0 2.31055864
795.0 2.3132373
796.0 2.316365915
797.0 2.3190075175000002
798.0 2.3218080825
799.0 2.3248160075
800.0 2.3282882650000003
801.0 2.3307397200000004
802.0 2.3342034725
803.0 2.3363604925000003
804.0 2.3398337625
805.0 2.3428068575
806.0 2.345687815
807.0 2.3487712725
808.0 2.35166357
809.0 2.3542831
810.0 2.3570275725
811.0 2.360795885
812.0 2.36333401
813.0 2.3664652575
814.0 2.36909228
815.0 2.3721546775
816.0 2.3750670225
817.0 2.378096615
818.0 2.38052944
819.0 2.3842613025
820.0 2.3862707000000003
821.0 2.38976179
822.0 2.39281062
823.0 2.395555295
824.0 2.3987136775000004
825.0 2.40095514
826.0 2.4047923025
827.0 2.407006225
828.0 2.4097778325
829.0 2.4130214674999997
830.0 2.4169418575
831.0 2.4190296225
832.0 2.4222068375
833.0 2.424908785
834.0 2.4276625724999996
835.0 2.4309625025
836.0 2.4341484249999996
837.0 2.4366835125
838.0 2.4398068625
839.0 2.442555385
840.0 2.4453087675000003
841.0 2.44858136
842.0 2.4516587425000003
843.0 2.4544406775
844.0 2.4571387775
845.0 2.4599259775
846.0 2.4629946525
847.0 2.4663514849999997
848.0 2.4695064249999996
849.0 2.472044145
850.0 2.475165875
851.0 2.4779342425000004
852.0 2.480647125
853.0 2.4841947125
854.0 2.4868980775000002
855.0 2.4893608725000003
856.0 2.4926101775
857.0 2.4956401749999997
858.0 2.4984745575000002
859.0 2.5009118375
860.0 2.50464856
861.0 2.5074675525
862.0 2.5099716575000004
863.0 2.5126555825
864.0 2.5162155225
865.0 2.519247545
866.0 2.5225978975
867.0 2.524770105
868.0 2.528208545
869.0 2.53103179
870.0 2.534128815
871.0 2.5366290725
872.0 2.5395260275
873.0 2.5426042200000003
874.0 2.5455734674999997
875.0 2.5483835499999996
876.0 2.5513155375000003
877.0 2.554099295
878.0 2.556847615
879.0 2.559962055
880.0 2.563560065
881.0 2.566043515
882.0 2.5686438075
883.0 2.5720121825
884.0 2.5748524375
885.0 2.577809535
886.0 2.5807797949999998
887.0 2.58363706
888.0 2.58701961
889.0 2.5890901625000002
890.0 2.5926468624999996
891.0 2.5950215699999997
892.0 2.5976562875
893.0 2.60145619
894.0 2.6041741349999996
895.0 2.60738213
896.0 2.609273875
897.0 2.6128113374999997
898.0 2.6165567675
899.0 2.619190675
900.0 2.62215891
901.0 2.6248766525
902.0 2.6272823424999996
903.0 2.631206985
904.0 2.6339773775
905.0 2.63655337
906.0 2.6393553525
907.0 2.6426459674999996
908.0 2.6449034275
909.0 2.6483621175
910.0 2.6516351150000004
911.0 2.6546845525
912.0 2.6572893
913.0 2.6600173700000003
914.0 2.662890835
915.0 2.6661047025
916.0 2.6686132625
917.0 2.671680115
918.0 2.6748591525
919.0 2.6774560025
920.0 2.680873585
921.0 2.6837124224999998
922.0 2.6873989249999997
923.0 2.6892860125
924.0 2.692513245
925.0 2.69473223
926.0 2.69820793
927.0 2.70088983
928.0 2.7043537850000003
929.0 2.7070215099999997
930.0 2.71039272
931.0 2.7126115025
932.0 2.71550461
933.0 2.7186390975
934.0 2.7216952174999998
935.0 2.7246938275000003
936.0 2.728062
937.0 2.7304361
938.0 2.7333360924999996
939.0 2.736360825
940.0 2.7393908225
941.0 2.7420873025000003
942.0 2.7456136275
943.0 2.748293705
944.0 2.7508320325000004
945.0 2.754106245
946.0 2.75659577
947.0 2.760532765
948.0 2.7629815875
949.0 2.7659401025
950.0 2.768584135
951.0 2.77202703
952.0 2.7749869625
953.0 2.7776765575
954.0 2.78067375
955.0 2.78327951
956.0 2.7863188224999997
957.0 2.7894547275
958.0 2.79237902
959.0 2.7953450275
960.0 2.7979131225000002
961.0 2.80107191
962.0 2.8039147975
963.0 2.807027415
964.0 2.809689875
965.0 2.81310604
966.0 2.8157028900000003
967.0 2.8183691974999996
968.0 2.8214403025
969.0 2.824604355
970.0 2.8278834275
971.0 2.8306216225000003
972.0 2.8333938375
973.0 2.8368618425
974.0 2.83987645
975.0 2.8423414725000002
976.0 2.8452197975
977.0 2.848365625
978.0 2.8512729075000003
979.0 2.85377438
980.0 2.8565366725
981.0 2.8596494925
982.0 2.86248833
983.0 2.865269455
984.0 2.8692232575
985.0 2.8716475775
986.0 2.8743562075
987.0 2.8777800675
988.0 2.88051887
989.0 2.8837286875
990.0 2.8855216125
991.0 2.8889169199999998
992.0 2.8926653875
993.0 2.8953331125
994.0 2.8982784649999997
995.0 2.90095267
996.0 2.9026348275
997.0 2.9069780375
998.0 2.91005461
999.0 2.9131376625
1000.0 2.9159681975
