1.0 128.0
2.0 128.024
3.0 128.106
4.0 128.141
5.0 128.284
6.0 128.379
7.0 128.597
8.0 128.898
9.0 129.147
10.0 129.433
11.0 129.677
12.0 130.189
13.0 130.389
14.0 130.993
15.0 131.28
16.0 131.646
17.0 132.219
18.0 132.983
19.0 133.482
20.0 134.189
21.0 134.713
22.0 135.687
23.0 136.554
24.0 136.922
25.0 137.941
26.0 138.861
27.0 139.582
28.0 140.472
29.0 141.538
30.0 141.986
31.0 143.729
32.0 144.538
33.0 145.629
34.0 146.838
35.0 147.996
36.0 148.818
37.0 150.704
38.0 151.47
39.0 152.795
40.0 154.553
41.0 155.525
42.0 156.897
43.0 158.785
44.0 159.753
45.0 160.95
46.0 162.915
47.0 164.207
48.0 166.019
49.0 167.093
50.0 168.27
51.0 170.145
52.0 172.572
53.0 174.207
54.0 175.487
55.0 177.261
56.0 178.421
57.0 179.871
58.0 182.286
59.0 183.456
60.0 185.679
61.0 187.958
62.0 189.728
63.0 191.121
64.0 193.407
65.0 195.215
66.0 197.15
67.0 199.4
68.0 200.936
69.0 203.399
70.0 204.405
71.0 206.715
72.0 208.802
73.0 210.716
74.0 213.584
75.0 215.374
76.0 217.561
77.0 219.732
78.0 222.437
79.0 224.657
80.0 225.525
81.0 227.974
82.0 230.738
83.0 232.663
84.0 235.383
85.0 237.771
86.0 240.003
87.0 241.58
88.0 244.606
89.0 246.533
90.0 249.144
91.0 251.434
92.0 254.395
93.0 256.539
94.0 258.308
95.0 260.335
96.0 263.051
97.0 264.89
98.0 268.449
99.0 270.577
100.0 273.235
101.0 275.622
102.0 278.441
103.0 281.048
104.0 282.736
105.0 286.079
106.0 288.438
107.0 291.372
108.0 293.271
109.0 296.501
110.0 299.12
111.0 301.752
112.0 304.642
113.0 306.516
114.0 309.154
115.0 311.616
116.0 313.278
117.0 317.37
118.0 320.544
119.0 322.835
120.0 325.12
121.0 328.006
122.0 331.827
123.0 334.326
124.0 335.706
125.0 340.124
126.0 341.861
127.0 344.582
128.0 348.336
129.0 351.544
130.0 353.483
131.0 356.004
132.0 359.184
133.0 360.841
134.0 366.049
135.0 366.972
136.0 370.135
137.0 373.905
138.0 375.337
139.0 379.073
140.0 381.428
141.0 384.319
142.0 388.02
143.0 391.045
144.0 394.593
145.0 397.83
146.0 400.107
147.0 401.579
148.0 405.765
149.0 408.071
150.0 411.88
151.0 414.323
152.0 417.119
153.0 420.34
154.0 423.54
155.0 426.203
156.0 429.29
157.0 431.649
158.0 435.293
159.0 437.387
160.0 441.102
161.0 444.979
162.0 447.596
163.0 449.931
164.0 454.523
165.0 456.255
166.0 460.198
167.0 462.907
168.0 466.526
169.0 469.736
170.0 471.445
171.0 476.078
172.0 477.587
173.0 480.129
174.0 485.547
175.0 487.771
176.0 490.671
177.0 493.984
178.0 496.542
179.0 499.856
180.0 502.937
181.0 507.328
182.0 509.372
183.0 512.5
184.0 515.676
185.0 518.634
186.0 521.404
187.0 525.376
188.0 528.45
189.0 530.526
190.0 534.989
191.0 537.445
192.0 541.423
193.0 544.271
194.0 546.651
195.0 551.26
196.0 554.502
197.0 558.442
198.0 559.409
199.0 563.589
200.0 567.158
201.0 569.941
202.0 573.227
203.0 575.826
204.0 579.121
205.0 582.86
206.0 586.263
207.0 589.338
208.0 593.079
209.0 595.47
210.0 599.204
211.0 602.279
212.0 606.407
213.0 609.93
214.0 609.852
215.0 616.977
216.0 617.854
217.0 622.022
218.0 625.203
219.0 627.922
220.0 631.794
221.0 636.132
222.0 637.2
223.0 642.757
224.0 644.418
225.0 647.655
226.0 650.516
227.0 654.58
228.0 658.767
229.0 660.505
230.0 664.34
231.0 667.867
232.0 670.747
233.0 674.292
234.0 677.058
235.0 680.8
236.0 682.947
237.0 686.666
238.0 690.828
239.0 693.138
240.0 696.616
241.0 700.918
242.0 702.488
243.0 708.304
244.0 709.909
245.0 714.464
246.0 716.445
247.0 719.536
248.0 723.759
249.0 726.998
250.0 729.467
251.0 733.893
252.0 738.189
253.0 739.639
254.0 742.149
255.0 747.844
256.0 751.338
257.0 754.073
258.0 756.732
259.0 760.828
260.0 763.513
261.0 766.467
262.0 770.437
263.0 774.211
264.0 778.509
265.0 779.147
266.0 783.731
267.0 787.245
268.0 790.306
269.0 793.153
270.0 795.919
271.0 801.065
272.0 802.887
273.0 806.705
274.0 811.339
275.0 813.379
276.0 817.472
277.0 818.714
278.0 824.53
279.0 828.543
280.0 830.744
281.0 834.575
282.0 836.829
283.0 840.007
284.0 845.145
285.0 846.778
286.0 851.611
287.0 854.109
288.0 856.548
289.0 858.706
290.0 863.697
291.0 868.462
292.0 870.544
293.0 874.739
294.0 878.701
295.0 880.871
296.0 884.805
297.0 886.449
298.0 892.046
299.0 894.69
300.0 898.531
301.0 902.421
302.0 905.164
303.0 908.059
304.0 912.844
305.0 915.226
306.0 919.47
307.0 921.182
308.0 926.439
309.0 927.956
310.0 932.769
311.0 935.404
312.0 938.752
313.0 942.417
314.0 946.986
315.0 948.509
316.0 952.497
317.0 956.895
318.0 958.49
319.0 963.139
320.0 964.988
321.0 971.292
322.0 973.364
323.0 974.656
324.0 978.195
325.0 982.821
326.0 986.949
327.0 989.133
328.0 993.177
329.0 995.833
330.0 1000.243
331.0 1003.132
332.0 1006.66
333.0 1010.589
334.0 1014.148
335.0 1017.421
336.0 1019.161
337.0 1024.72
338.0 1026.543
339.0 1030.538
340.0 1034.167
341.0 1036.402
342.0 1040.34
343.0 1043.738
344.0 1047.133
345.0 1052.499
346.0 1054.286
347.0 1056.028
348.0 1060.759
349.0 1065.048
350.0 1068.272
351.0 1071.156
352.0 1076.0
353.0 1076.864
354.0 1079.288
355.0 1085.255
356.0 1090.573
357.0 1090.605
358.0 1093.965
359.0 1098.003
360.0 1100.61
361.0 1104.478
362.0 1108.183
363.0 1111.024
364.0 1116.181
365.0 1117.847
366.0 1121.635
367.0 1124.957
368.0 1129.409
369.0 1132.641
370.0 1135.709
371.0 1138.817
372.0 1141.942
373.0 1146.634
374.0 1150.464
375.0 1152.832
376.0 1155.532
377.0 1159.468
378.0 1165.608
379.0 1165.772
380.0 1169.031
381.0 1174.077
382.0 1175.319
383.0 1180.116
384.0 1183.147
385.0 1186.77
386.0 1190.538
387.0 1193.715
388.0 1198.402
389.0 1200.928
390.0 1204.916
391.0 1205.51
392.0 1210.056
393.0 1213.84
394.0 1217.529
395.0 1222.489
396.0 1225.968
397.0 1227.344
398.0 1231.304
399.0 1235.179
400.0 1238.475
401.0 1240.861
402.0 1245.612
403.0 1249.717
404.0 1252.889
405.0 1254.981
406.0 1258.107
407.0 1260.896
408.0 1264.779
409.0 1268.34
410.0 1272.645
411.0 1275.177
412.0 1280.093
413.0 1282.467
414.0 1285.7
415.0 1290.341
416.0 1291.978
417.0 1296.884
418.0 1299.572
419.0 1301.906
420.0 1307.064
421.0 1309.7
422.0 1314.962
423.0 1318.553
424.0 1320.693
425.0 1323.394
426.0 1326.621
427.0 1328.984
428.0 1334.762
429.0 1336.849
430.0 1340.863
431.0 1343.417
432.0 1347.099
433.0 1350.078
434.0 1353.525
435.0 1355.823
436.0 1361.561
437.0 1363.822
438.0 1366.767
439.0 1368.123
440.0 1373.56
441.0 1377.844
442.0 1383.916
443.0 1385.988
444.0 1387.522
445.0 1391.04
446.0 1395.207
447.0 1397.462
448.0 1402.322
449.0 1408.255
450.0 1408.57
451.0 1412.757
452.0 1415.459
453.0 1419.978
454.0 1423.643
455.0 1426.85
456.0 1429.053
457.0 1433.487
458.0 1436.469
459.0 1440.181
460.0 1443.44
461.0 1446.433
462.0 1451.007
463.0 1453.207
464.0 1458.7
465.0 1461.012
466.0 1463.741
467.0 1467.409
468.0 1470.029
469.0 1476.73
470.0 1476.52
471.0 1481.771
472.0 1484.685
473.0 1486.398
474.0 1492.158
475.0 1494.747
476.0 1497.585
477.0 1500.495
478.0 1503.468
479.0 1507.16
480.0 1512.275
481.0 1514.209
482.0 1516.335
483.0 1520.299
484.0 1526.407
485.0 1530.723
486.0 1532.468
487.0 1535.252
488.0 1538.115
489.0 1541.409
490.0 1544.517
491.0 1549.31
492.0 1552.491
493.0 1557.01
494.0 1558.691
495.0 1563.72
496.0 1566.251
497.0 1571.475
498.0 1571.697
499.0 1576.842
500.0 1581.074
501.0 1582.01
502.0 1586.315
503.0 1589.085
504.0 1593.682
505.0 1597.998
506.0 1602.131
507.0 1604.765
508.0 1605.318
509.0 1610.315
510.0 1614.027
511.0 1616.709
512.0 1622.056
513.0 1626.279
514.0 1628.404
515.0 1632.162
516.0 1634.256
517.0 1636.322
518.0 1642.261
519.0 1646.061
520.0 1647.577
521.0 1652.249
522.0 1653.773
523.0 1658.007
524.0 1662.836
525.0 1665.211
526.0 1669.8
527.0 1671.523
528.0 1677.712
529.0 1680.31
530.0 1683.221
531.0 1688.232
532.0 1689.462
533.0 1691.446
534.0 1693.803
535.0 1699.586
536.0 1703.219
537.0 1708.202
538.0 1711.862
539.0 1714.721
540.0 1716.708
541.0 1720.201
542.0 1724.57
543.0 1726.691
544.0 1731.588
545.0 1735.654
546.0 1738.237
547.0 1742.104
548.0 1745.463
549.0 1746.719
550.0 1753.25
551.0 1753.486
552.0 1757.399
553.0 1759.754
554.0 1764.0
555.0 1769.187
556.0 1773.374
557.0 1775.798
558.0 1778.615
559.0 1782.705
560.0 1784.303
561.0 1788.74
562.0 1791.913
563.0 1795.014
564.0 1800.489
565.0 1801.428
566.0 1805.215
567.0 1811.593
568.0 1810.848
569.0 1815.058
570.0 1819.898
571.0 1822.431
572.0 1824.672
573.0 1831.367
574.0 1832.853
575.0 1835.402
576.0 1841.003
577.0 1844.31
578.0 1847.32
579.0 1852.691
580.0 1852.011
581.0 1858.03
582.0 1859.347
583.0 1865.483
584.0 1868.0
585.0 1872.31
586.0 1872.232
587.0 1877.934
588.0 1881.797
589.0 1887.027
590.0 1888.448
591.0 1889.474
592.0 1896.062
593.0 1900.025
594.0 1903.751
595.0 1904.192
596.0 1909.463
597.0 1913.337
598.0 1915.24
599.0 1921.043
600.0 1923.816
601.0 1926.763
602.0 1926.784
603.0 1933.038
604.0 1934.204
605.0 1938.977
606.0 1942.352
607.0 1947.219
608.0 1953.807
609.0 1953.276
610.0 1957.062
611.0 1960.881
612.0 1964.453
613.0 1967.199
614.0 1971.672
615.0 1974.162
616.0 1978.342
617.0 1983.438
618.0 1983.516
619.0 1986.65
620.0 1990.053
621.0 1995.97
622.0 1997.985
623.0 2001.78
624.0 2005.626
625.0 2008.287
626.0 2013.554
627.0 2014.841
628.0 2019.245
629.0 2021.452
630.0 2025.13
631.0 2029.096
632.0 2029.972
633.0 2035.034
634.0 2039.038
635.0 2040.358
636.0 2046.648
637.0 2048.466
638.0 2050.395
639.0 2059.635
640.0 2060.142
641.0 2063.783
642.0 2063.317
643.0 2067.912
644.0 2073.88
645.0 2076.595
646.0 2078.864
647.0 2083.947
648.0 2085.235
649.0 2089.764
650.0 2093.059
651.0 2098.678
652.0 2101.357
653.0 2106.056
654.0 2107.627
655.0 2109.246
656.0 2113.768
657.0 2119.051
658.0 2122.453
659.0 2121.591
660.0 2129.167
661.0 2132.199
662.0 2135.999
663.0 2139.003
664.0 2138.679
665.0 2144.093
666.0 2148.427
667.0 2151.305
668.0 2155.55
669.0 2160.065
670.0 2162.024
671.0 2168.369
672.0 2167.356
673.0 2170.239
674.0 2175.551
675.0 2178.925
676.0 2185.651
677.0 2185.485
678.0 2187.673
679.0 2192.27
680.0 2196.88
681.0 2200.335
682.0 2202.958
683.0 2208.319
684.0 2210.389
685.0 2216.065
686.0 2217.181
687.0 2222.369
688.0 2224.0
689.0 2227.291
690.0 2231.162
691.0 2236.884
692.0 2239.7
693.0 2242.037
694.0 2244.288
695.0 2250.804
696.0 2249.045
697.0 2256.749
698.0 2255.749
699.0 2262.009
700.0 2265.742
701.0 2269.288
702.0 2271.221
703.0 2275.199
704.0 2279.599
705.0 2284.316
706.0 2284.905
707.0 2291.804
708.0 2292.173
709.0 2295.825
710.0 2299.516
711.0 2303.599
712.0 2305.018
713.0 2311.173
714.0 2313.396
715.0 2313.354
716.0 2320.079
717.0 2324.525
718.0 2327.13
719.0 2331.544
720.0 2331.709
721.0 2337.162
722.0 2341.647
723.0 2346.435
724.0 2344.907
725.0 2350.979
726.0 2352.701
727.0 2357.566
728.0 2362.983
729.0 2364.119
730.0 2369.779
731.0 2372.984
732.0 2375.285
733.0 2379.184
734.0 2383.162
735.0 2384.387
736.0 2390.224
737.0 2393.937
738.0 2396.444
739.0 2398.957
740.0 2400.653
741.0 2406.436
742.0 2410.32
743.0 2410.455
744.0 2415.191
745.0 2419.756
746.0 2424.465
747.0 2426.564
748.0 2430.606
749.0 2434.311
750.0 2435.162
751.0 2438.792
752.0 2444.899
753.0 2446.515
754.0 2448.209
755.0 2456.002
756.0 2457.784
757.0 2460.26
758.0 2463.693
759.0 2469.823
760.0 2471.618
761.0 2474.246
762.0 2475.427
763.0 2483.749
764.0 2485.032
765.0 2486.735
766.0 2491.079
767.0 2498.041
768.0 2497.543
769.0 2502.219
770.0 2504.741
771.0 2508.18
772.0 2513.431
773.0 2514.175
774.0 2516.981
775.0 2523.665
776.0 2526.434
777.0 2530.087
778.0 2532.777
779.0 2536.056
780.0 2540.652
781.0 2542.579
782.0 2546.843
783.0 2550.098
784.0 2555.247
785.0 2557.362
786.0 2560.224
787.0 2563.34
788.0 2568.886
789.0 2568.233
790.0 2573.073
791.0 2578.161
792.0 2579.217
793.0 2582.79
794.0 2584.085
795.0 2593.658
796.0 2593.57
797.0 2596.069
798.0 2603.497
799.0 2604.291
800.0 2610.066
801.0 2610.46
802.0 2615.172
803.0 2617.911
804.0 2622.548
805.0 2624.852
806.0 2627.731
807.0 2634.945
808.0 2634.851
809.0 2638.084
810.0 2642.627
811.0 2647.612
812.0 2648.806
813.0 2650.579
814.0 2654.89
815.0 2657.053
816.0 2662.681
817.0 2664.485
818.0 2672.117
819.0 2670.212
820.0 2675.824
821.0 2677.719
822.0 2684.039
823.0 2686.918
824.0 2690.519
825.0 2693.518
826.0 2696.998
827.0 2700.573
828.0 2703.319
829.0 2708.243
830.0 2709.206
831.0 2712.571
832.0 2716.684
833.0 2720.365
834.0 2723.681
835.0 2725.766
836.0 2731.663
837.0 2731.896
838.0 2737.034
839.0 2741.343
840.0 2744.659
841.0 2748.797
842.0 2752.396
843.0 2755.804
844.0 2759.197
845.0 2764.417
846.0 2766.847
847.0 2770.0
848.0 2771.99
849.0 2776.35
850.0 2781.043
851.0 2781.747
852.0 2787.31
853.0 2788.884
854.0 2792.696
855.0 2796.009
856.0 2798.906
857.0 2804.475
858.0 2804.208
859.0 2809.505
860.0 2812.819
861.0 2818.747
862.0 2821.579
863.0 2823.877
864.0 2830.44
865.0 2831.248
866.0 2832.562
867.0 2833.976
868.0 2840.76
869.0 2843.38
870.0 2849.71
871.0 2852.387
872.0 2854.641
873.0 2856.034
874.0 2858.57
875.0 2869.492
876.0 2867.506
877.0 2870.176
878.0 2876.87
879.0 2878.829
880.0 2882.511
881.0 2884.65
882.0 2888.395
883.0 2893.446
884.0 2895.091
885.0 2901.878
886.0 2903.566
887.0 2906.936
888.0 2909.056
889.0 2917.336
890.0 2917.465
891.0 2920.378
892.0 2924.726
893.0 2926.446
894.0 2928.532
895.0 2931.972
896.0 2935.124
897.0 2938.414
898.0 2942.705
899.0 2946.942
900.0 2950.792
901.0 2953.705
902.0 2957.51
903.0 2964.405
904.0 2966.89
905.0 2967.235
906.0 2971.965
907.0 2974.188
908.0 2978.616
909.0 2982.647
910.0 2986.836
911.0 2985.589
912.0 2991.135
913.0 2995.777
914.0 2998.294
915.0 3002.367
916.0 3003.985
917.0 3008.371
918.0 3012.843
919.0 3017.475
920.0 3019.325
921.0 3023.548
922.0 3025.35
923.0 3030.193
924.0 3034.487
925.0 3037.032
926.0 3038.036
927.0 3041.844
928.0 3046.136
929.0 3047.88
930.0 3054.266
931.0 3057.77
932.0 3061.316
933.0 3063.943
934.0 3069.005
935.0 3071.888
936.0 3072.221
937.0 3077.479
938.0 3079.341
939.0 3082.153
940.0 3087.718
941.0 3093.762
942.0 3093.904
943.0 3099.06
944.0 3103.379
945.0 3105.59
946.0 3106.066
947.0 3112.148
948.0 3116.26
949.0 3117.888
950.0 3123.263
951.0 3124.788
952.0 3127.933
953.0 3134.306
954.0 3134.849
955.0 3140.13
956.0 3144.019
957.0 3145.577
958.0 3149.345
959.0 3151.992
960.0 3156.773
961.0 3160.276
962.0 3163.147
963.0 3165.961
964.0 3170.656
965.0 3176.267
966.0 3175.666
967.0 3181.964
968.0 3181.369
969.0 3185.674
970.0 3189.859
971.0 3197.128
972.0 3194.946
973.0 3198.342
974.0 3203.637
975.0 3208.862
976.0 3213.233
977.0 3214.8
978.0 3217.001
979.0 3222.498
980.0 3224.622
981.0 3228.88
982.0 3231.572
983.0 3235.14
984.0 3239.049
985.0 3241.763
986.0 3243.218
987.0 3248.389
988.0 3254.228
989.0 3253.653
990.0 3259.667
991.0 3261.287
992.0 3265.796
993.0 3270.14
994.0 3272.285
995.0 3275.129
996.0 3282.52
997.0 3283.309
998.0 3288.198
999.0 3289.739
1000.0 3295.524
