1.0 0.0065645
2.0 0.00881845
3.0 0.011087283750000001
4.0 0.01336283375
5.0 0.01564159
6.0 0.017951025000000002
7.0 0.02026056125
8.0 0.02257836625
9.0 0.024896171249999998
10.0 0.0272750975
11.0 0.02961642625
12.0 0.03197601375
13.0 0.034331247499999995
14.0 0.036758638749999996
15.0 0.039115053749999996
16.0 0.0416058275
17.0 0.04398556375
18.0 0.04641055875
19.0 0.048879125
20.0 0.051277255
21.0 0.0538240875
22.0 0.0562721
23.0 0.05884245625
24.0 0.061300762499999994
25.0 0.063821405
26.0 0.06627964375
27.0 0.06883518375
28.0 0.07137445625000001
29.0 0.07389050875
30.0 0.07645516125
31.0 0.07900023875000001
32.0 0.08158142875
33.0 0.08411091375
34.0 0.08668359875000001
35.0 0.0893046475
36.0 0.09191793375
37.0 0.09453152375
38.0 0.09707558875
39.0 0.099662955
40.0 0.10224006125
41.0 0.104936845
42.0 0.10763626124999999
43.0 0.11024019874999999
44.0 0.11282682249999999
45.0 0.11560804875
46.0 0.1183007825
47.0 0.120777955
48.0 0.12348999375
49.0 0.12616241
50.0 0.12894988000000002
51.0 0.13158247125
52.0 0.13415660750000002
53.0 0.13695727375
54.0 0.1394751825
55.0 0.14231547125
56.0 0.14495623000000002
57.0 0.14769267000000003
58.0 0.150512
59.0 0.1531727725
60.0 0.15593611124999998
61.0 0.1585979975
62.0 0.1612357525
63.0 0.16396480125
64.0 0.16667829125
65.0 0.16952084125
66.0 0.17220669
67.0 0.1750179875
68.0 0.17770262125
69.0 0.180387525
70.0 0.183130985
71.0 0.18589263625000002
72.0 0.188590635
73.0 0.19146545
74.0 0.19405929625
75.0 0.19679749124999998
76.0 0.1996707875
77.0 0.20238859750000002
78.0 0.20526698999999998
79.0 0.20803869875
80.0 0.21066659875000002
81.0 0.21348683999999998
82.0 0.21624542000000002
83.0 0.219048415
84.0 0.221745435
85.0 0.22453999249999998
86.0 0.22746512875
87.0 0.2302121325
88.0 0.233026535
89.0 0.235782685
90.0 0.23855108625
91.0 0.2412945125
92.0 0.24405913375000002
93.0 0.24687819375
94.0 0.24964885625000002
95.0 0.25237901874999996
96.0 0.25508940375
97.0 0.25802993
98.0 0.26082296875
99.0 0.26357520375
100.0 0.2662813025
101.0 0.2690830825
102.0 0.27184524
103.0 0.27477446
104.0 0.27759760375000003
105.0 0.28031828249999996
106.0 0.2831944475
107.0 0.28598755375
108.0 0.28863860625
109.0 0.29167521875
110.0 0.29448955375
111.0 0.29726642625
112.0 0.300058925
113.0 0.30270272125000003
114.0 0.3055802025
115.0 0.30850135625
116.0 0.31120536249999997
117.0 0.31411656
118.0 0.31705647875000004
119.0 0.31954590250000003
120.0 0.322335735
121.0 0.32529961625000003
122.0 0.32794877875
123.0 0.33086254125000003
124.0 0.33367697749999997
125.0 0.33652766125
126.0 0.33936609375
127.0 0.34215548749999997
128.0 0.34512591625
129.0 0.34773518625000005
130.0 0.350505815
131.0 0.35353844500000003
132.0 0.3561728925
133.0 0.35886846125
134.0 0.36175745125
135.0 0.36451404
136.0 0.36754957250000003
137.0 0.37021530625000004
138.0 0.37307810625
139.0 0.375968615
140.0 0.37866580375000003
141.0 0.38160903
142.0 0.38468111375
143.0 0.38733787
144.0 0.38993266125
145.0 0.39267402875
146.0 0.3956566075
147.0 0.398471415
148.0 0.4011928025
149.0 0.40408034125
150.0 0.40690672499999997
151.0 0.40990887875
152.0 0.41253178375
153.0 0.41519633625
154.0 0.418079555
155.0 0.42114735249999996
156.0 0.42372817125
157.0 0.42684821375
158.0 0.429346615
159.0 0.43199358374999997
160.0 0.43517120375
161.0 0.43801237
162.0 0.44062245
163.0 0.443514005
164.0 0.44636583625
165.0 0.449145105
166.0 0.45217304375
167.0 0.4549234225
168.0 0.45768534375
169.0 0.46031634875
170.0 0.4632809725
171.0 0.4660344225
172.0 0.46897508374999997
173.0 0.47178459250000004
174.0 0.47441583375
175.0 0.47758130375
176.0 0.48018176500000004
177.0 0.48313147125
178.0 0.48594854
179.0 0.48855062125000004
180.0 0.49154977125
181.0 0.49423771250000004
182.0 0.49707479499999996
183.0 0.49985727
184.0 0.50285993
185.0 0.5053529987500001
186.0 0.508334835
187.0 0.5113902125
188.0 0.51408139375
189.0 0.51675654375
190.0 0.51953213375
191.0 0.52257455125
192.0 0.52531791
193.0 0.528516995
194.0 0.53111664625
195.0 0.53360488875
196.0 0.5366131850000001
197.0 0.53930301625
198.0 0.5420598075
199.0 0.5450233175
200.0 0.54814825375
201.0 0.5505193837500001
202.0 0.55364907875
203.0 0.55627643875
204.0 0.55899715125
205.0 0.56196781625
206.0 0.5647904875
207.0 0.56788099875
208.0 0.570474575
209.0 0.57337331875
210.0 0.5761008824999999
211.0 0.57891147125
212.0 0.58152566875
213.0 0.58469221875
214.0 0.5875076674999999
215.0 0.590109985
216.0 0.59286110625
217.0 0.5959373412500001
218.0 0.5985545762500001
219.0 0.601406475
220.0 0.6043688375
221.0 0.6072116575
222.0 0.60994185375
223.0 0.61267775375
224.0 0.6153926949999999
225.0 0.6185399399999999
226.0 0.6212318975
227.0 0.6241963187499999
228.0 0.6269320500000001
229.0 0.6298393662499999
230.0 0.63256986625
231.0 0.6355526475
232.0 0.6379087925
233.0 0.64100996875
234.0 0.64392663375
235.0 0.64646968625
236.0 0.64940005375
237.0 0.65211273375
238.0 0.65509608875
239.0 0.6577086325
240.0 0.66055854
241.0 0.66341293625
242.0 0.66633122125
243.0 0.6694290224999999
244.0 0.67204156625
245.0 0.6746398
246.0 0.67756486875
247.0 0.6806208874999999
248.0 0.6833022475
249.0 0.68613504375
250.0 0.6890850875
251.0 0.6919289875000001
252.0 0.694454625
253.0 0.6975716975
254.0 0.70011316375
255.0 0.7030373212500001
256.0 0.70580440625
257.0 0.7085743937500001
258.0 0.7116312225
259.0 0.7142942225000001
260.0 0.71720788375
261.0 0.7199285625
262.0 0.72268096625
263.0 0.72572311375
264.0 0.72879772875
265.0 0.731424515
266.0 0.7341884949999999
267.0 0.7367857162500001
268.0 0.739877105
269.0 0.74273426875
270.0 0.74540388375
271.0 0.7483441062499999
272.0 0.75107771125
273.0 0.7540962
274.0 0.75674462
275.0 0.75998727625
276.0 0.7622687325
277.0 0.76523504375
278.0 0.76802555125
279.0 0.7707081600000001
280.0 0.77381061875
281.0 0.7765123975
282.0 0.7794161700000001
283.0 0.78202047875
284.0 0.7849958349999999
285.0 0.78780622125
286.0 0.7907467475000001
287.0 0.79334677
288.0 0.79601378625
289.0 0.7990630550000001
290.0 0.8019751975
291.0 0.8047572
292.0 0.80741172875
293.0 0.81014519875
294.0 0.813166725
295.0 0.81588558125
296.0 0.8186503375
297.0 0.821659815
298.0 0.8244719225
299.0 0.8274242275
300.0 0.82997376
301.0 0.83295269375
302.0 0.83587172125
303.0 0.83865689625
304.0 0.84144740375
305.0 0.8441079399999999
306.0 0.847000035
307.0 0.84959874125
308.0 0.8526147325000001
309.0 0.8556184725
310.0 0.8584256524999999
311.0 0.8610400862500001
312.0 0.86414349
313.0 0.8669716625
314.0 0.8698016574999999
315.0 0.87240006
316.0 0.87496235
317.0 0.8782792225
318.0 0.88071491625
319.0 0.88365000875
320.0 0.88653332875
321.0 0.889523265
322.0 0.89223604625
323.0 0.8950406274999999
324.0 0.89772357375
325.0 0.90043247375
326.0 0.903451975
327.0 0.9065776537500001
328.0 0.9094167275
329.0 0.91167928375
330.0 0.9150544425
331.0 0.91767049625
332.0 0.9206833149999999
333.0 0.92312818875
334.0 0.9259346937499999
335.0 0.9289915224999999
336.0 0.9316084875
337.0 0.9345274137499999
338.0 0.93754343875
339.0 0.94013212125
340.0 0.94296866375
341.0 0.94601638
342.0 0.9487484662500001
343.0 0.9517739749999999
344.0 0.95440568875
345.0 0.95711742375
346.0 0.9596534562500001
347.0 0.9628489975000001
348.0 0.9657832125
349.0 0.9684999087499999
350.0 0.97114589875
351.0 0.97410427875
352.0 0.97680059
353.0 0.9800360575
354.0 0.9826372275
355.0 0.98538112625
356.0 0.9883143625
357.0 0.99125434875
358.0 0.9937714475
359.0 0.99678872125
360.0 0.9992675475
361.0 1.0021973075
362.0 1.0050293275
363.0 1.00800191625
364.0 1.0109669449999998
365.0 1.0137324775
366.0 1.016693625
367.0 1.01927734625
368.0 1.02217025125
369.0 1.02488920875
370.0 1.02786574625
371.0 1.0308593275
372.0 1.03349218875
373.0 1.03646822
374.0 1.03913820625
375.0 1.041922335
376.0 1.0446631287500001
377.0 1.04774955625
378.0 1.05040175625
379.0 1.0534130225
380.0 1.056154525
381.0 1.05881708625
382.0 1.0615981775
383.0 1.06426769125
384.0 1.0676650575000002
385.0 1.07025255875
386.0 1.07306156125
387.0 1.07594413875
388.0 1.07865992375
389.0 1.0811693274999998
390.0 1.08454992
391.0 1.0870097787500002
392.0 1.0898236074999998
393.0 1.0927641675
394.0 1.0954004712499998
395.0 1.09858204
396.0 1.1013768000000002
397.0 1.1041490825
398.0 1.107069865
399.0 1.1098387725
400.0 1.112563265
401.0 1.1152391575
402.0 1.1183380725
403.0 1.12069371125
404.0 1.12376218375
405.0 1.12668472125
406.0 1.12942808
407.0 1.132437355
408.0 1.1350015687500001
409.0 1.138040105
410.0 1.14092345875
411.0 1.14366448875
412.0 1.146353645
413.0 1.1494430762499999
414.0 1.15234374375
415.0 1.1549075525
416.0 1.15778824
417.0 1.1602727025
418.0 1.1636610575000002
419.0 1.1660428525
420.0 1.16894173125
421.0 1.17201884375
422.0 1.17470108125
423.0 1.1775577050000001
424.0 1.18043741375
425.0 1.1833398025
426.0 1.185799155
427.0 1.188847175
428.0 1.19177291875
429.0 1.1944618725
430.0 1.19710674875
431.0 1.1999323899999998
432.0 1.2028943137499999
433.0 1.20556838375
434.0 1.2083426237500001
435.0 1.2113308387500001
436.0 1.2143059925
437.0 1.21699163875
438.0 1.219874925
439.0 1.2227222675
440.0 1.2255933700000001
441.0 1.2283150275
442.0 1.2309589925
443.0 1.2338262475000001
444.0 1.2367936725000002
445.0 1.23963254375
446.0 1.24219955875
447.0 1.24528953
448.0 1.24793714
449.0 1.2509023375
450.0 1.253661795
451.0 1.2566237525
452.0 1.2591721375
453.0 1.26224671875
454.0 1.26521110625
455.0 1.26812054875
456.0 1.2707938425
457.0 1.273868525
458.0 1.2762637525
459.0 1.2788149725
460.0 1.28231068625
461.0 1.2847806025000001
462.0 1.2878857612499999
463.0 1.29038372375
464.0 1.2931902287500001
465.0 1.29640625625
466.0 1.29907141625
467.0 1.3016704937499999
468.0 1.30450264875
469.0 1.30724840375
470.0 1.31016959125
471.0 1.31281969875
472.0 1.3158707225
473.0 1.31874590875
474.0 1.32120789375
475.0 1.3245608787499998
476.0 1.32688813375
477.0 1.3301543475
478.0 1.33289952875
479.0 1.3358530149999999
480.0 1.3381675124999999
481.0 1.34142137375
482.0 1.34408504875
483.0 1.3466634375
484.0 1.34980032125
485.0 1.35235673875
486.0 1.3553988187500001
487.0 1.35832905125
488.0 1.3610874625
489.0 1.36317418125
490.0 1.3664207524999998
491.0 1.369560235
492.0 1.37232354
493.0 1.375170545
494.0 1.378276075
495.0 1.38091467375
496.0 1.38377504375
497.0 1.386514555
498.0 1.3890431625000002
499.0 1.39203161375
500.0 1.3950155425
501.0 1.3976932575
502.0 1.40046624875
503.0 1.40352193
504.0 1.4065267162500001
505.0 1.40920652375
506.0 1.4118883225
507.0 1.41466664625
508.0 1.41740204
509.0 1.4205593425
510.0 1.42301893125
511.0 1.42564743875
512.0 1.4288080825
513.0 1.43160557625
514.0 1.43442882125
515.0 1.436971435
516.0 1.44029839875
517.0 1.4428883975
518.0 1.44556155625
519.0 1.44855760125
520.0 1.45122681125
521.0 1.45430102125
522.0 1.45670272875
523.0 1.46003539625
524.0 1.4625333249999999
525.0 1.46558043375
526.0 1.4684886612499999
527.0 1.47095152375
528.0 1.4739122325
529.0 1.47683372375
530.0 1.479656125
531.0 1.4825778525
532.0 1.48506842375
533.0 1.48801492375
534.0 1.4907382687500002
535.0 1.494095
536.0 1.49659893625
537.0 1.4997501637500001
538.0 1.5021275375
539.0 1.50526199125
540.0 1.5079606650000001
541.0 1.5107108075000002
542.0 1.5132888925
543.0 1.5164708999999998
544.0 1.51902370625
545.0 1.52191978375
546.0 1.52497306875
547.0 1.52734757375
548.0 1.5301574199999999
549.0 1.533575745
550.0 1.53599577875
551.0 1.5386844962500001
552.0 1.5413559
553.0 1.54438053125
554.0 1.54726607875
555.0 1.5501430875
556.0 1.5528295774999998
557.0 1.555593085
558.0 1.5590032762500001
559.0 1.5612318462499999
560.0 1.5641070662499998
561.0 1.5668432024999999
562.0 1.5699369875
563.0 1.5727583425
564.0 1.5754844212499999
565.0 1.5788418274999998
566.0 1.5814475874999998
567.0 1.58414855625
568.0 1.5867850625
569.0 1.5897384475
570.0 1.59260958375
571.0 1.5954918574999999
572.0 1.5983107825
573.0 1.6007984175
574.0 1.6040435037499998
575.0 1.6067847025
576.0 1.6094604937499999
577.0 1.6129342025
578.0 1.6148842337499998
579.0 1.617442305
580.0 1.62062303
581.0 1.623812125
582.0 1.62638211
583.0 1.6292595575000002
584.0 1.6319114537500001
585.0 1.63512660375
586.0 1.63770840125
587.0 1.6404512199999999
588.0 1.64346950625
589.0 1.64629680125
590.0 1.648993315
591.0 1.65144817875
592.0 1.65469100375
593.0 1.6576406425
594.0 1.66041468
595.0 1.6631745425
596.0 1.6657896512500001
597.0 1.6687130662499998
598.0 1.67169135875
599.0 1.67440538875
600.0 1.67719458
601.0 1.6799455325
602.0 1.6830334112499998
603.0 1.68577326
604.0 1.6888354212499999
605.0 1.69164590875
606.0 1.693693275
607.0 1.69699391375
608.0 1.6997788525
609.0 1.70236358625
610.0 1.70538042125
611.0 1.7085495362499998
612.0 1.71109204875
613.0 1.71419447375
614.0 1.71680144875
615.0 1.71948361875
616.0 1.72251341375
617.0 1.7253303475
618.0 1.7280391125
619.0 1.7309681975
620.0 1.73356312375
621.0 1.73630037375
622.0 1.7398511
623.0 1.7424773462499998
624.0 1.74516133875
625.0 1.74799713875
626.0 1.7508725275
627.0 1.75344025125
628.0 1.7561863100000001
629.0 1.7591852237499999
630.0 1.76196067875
631.0 1.7649207125
632.0 1.767938155
633.0 1.77032963625
634.0 1.77308970125
635.0 1.7757498999999999
636.0 1.7791668412500001
637.0 1.782147395
638.0 1.78470256375
639.0 1.7874324562500001
640.0 1.79047345625
641.0 1.7926423225
642.0 1.79575571625
643.0 1.7986360325
644.0 1.80146248375
645.0 1.80442315875
646.0 1.8067246287499998
647.0 1.8096965425
648.0 1.812782025
649.0 1.81563270875
650.0 1.8184286162499999
651.0 1.8210514875000001
652.0 1.82436110375
653.0 1.826642965
654.0 1.8298568662499999
655.0 1.83249158375
656.0 1.83485117125
657.0 1.83801461625
658.0 1.84135065875
659.0 1.84352178625
660.0 1.84673268375
661.0 1.84942443875
662.0 1.852421125
663.0 1.8555807562500002
664.0 1.8580418300000001
665.0 1.86046260625
666.0 1.8634023899999999
667.0 1.8664954325
668.0 1.86965503
669.0 1.872216105
670.0 1.87462439375
671.0 1.877539405
672.0 1.88027776875
673.0 1.8828094475
674.0 1.88602044625
675.0 1.8887036287499999
676.0 1.8919456775
677.0 1.89466075375
678.0 1.897435365
679.0 1.90021929125
680.0 1.9035085225
681.0 1.9061286599999998
682.0 1.908926255
683.0 1.9116419387499999
684.0 1.91446029
685.0 1.9169418500000002
686.0 1.9200373225
687.0 1.92291095625
688.0 1.9258840849999999
689.0 1.9290110125
690.0 1.93120714875
691.0 1.9338723425
692.0 1.9367576875
693.0 1.93964799375
694.0 1.943043065
695.0 1.9457263825
696.0 1.9486082175000001
697.0 1.9512497524999999
698.0 1.95421646875
699.0 1.9566676875
700.0 1.9595551924999999
701.0 1.96193503
702.0 1.9651788675
703.0 1.96798841
704.0 1.970658295
705.0 1.9738588987499999
706.0 1.97623326875
707.0 1.97941811125
708.0 1.982485875
709.0 1.9848184962500002
710.0 1.9884290275
711.0 1.9905628274999998
712.0 1.9937833775
713.0 1.99649811625
714.0 1.9993419824999998
715.0 2.00196343625
716.0 2.00466457375
717.0 2.0077438125
718.0 2.01048865625
719.0 2.0129477725
720.0 2.015986005
721.0 2.01898795625
722.0 2.02152439375
723.0 2.02441871625
724.0 2.02764875
725.0 2.0304870475000003
726.0 2.03314053
727.0 2.03594801375
728.0 2.039208895
729.0 2.0413345275
730.0 2.04429402125
731.0 2.04729398125
732.0 2.04994219875
733.0 2.05278164375
734.0 2.0557777225
735.0 2.05838749875
736.0 2.06133332375
737.0 2.0641128625
738.0 2.067093855
739.0 2.0700351575
740.0 2.0725574875
741.0 2.075483535
742.0 2.07854137625
743.0 2.08118628625
744.0 2.08363737
745.0 2.086818905
746.0 2.08928909125
747.0 2.0924931375
748.0 2.09510473625
749.0 2.0980649725
750.0 2.10056074125
751.0 2.10427343375
752.0 2.1065912725
753.0 2.1097935637500003
754.0 2.11245487625
755.0 2.114885305
756.0 2.1179551275
757.0 2.1208252512500003
758.0 2.12364421
759.0 2.126250915
760.0 2.12903231
761.0 2.13254591125
762.0 2.1350694900000002
763.0 2.1372550625
764.0 2.1405606625
765.0 2.1429849825
766.0 2.1463291925
767.0 2.1492472075
768.0 2.15152765125
769.0 2.1547483025000003
770.0 2.15750236
771.0 2.1598117275
772.0 2.16308081
773.0 2.16618117625
774.0 2.1685676625
775.0 2.171361815
776.0 2.17460059
777.0 2.17720338
778.0 2.18000910875
779.0 2.1827887825000003
780.0 2.18559144
781.0 2.1881539662500002
782.0 2.19098652625
783.0 2.19398972625
784.0 2.19667844375
785.0 2.20006781125
786.0 2.2028417137500003
787.0 2.2055160875
788.0 2.2081117225
789.0 2.210678535
790.0 2.214036245
791.0 2.21674848625
792.0 2.2195113525
793.0 2.2223490425
794.0 2.22565892875
795.0 2.22781338375
796.0 2.230531565
797.0 2.2341280224999998
798.0 2.23649412375
799.0 2.2393114287499998
800.0 2.24213109625
801.0 2.2445402287499996
802.0 2.2479910212500003
803.0 2.25043518625
804.0 2.2536252937500003
805.0 2.2561578837500003
806.0 2.25879050875
807.0 2.261478045
808.0 2.26442846
809.0 2.26766632375
810.0 2.2701792037499997
811.0 2.27326529375
812.0 2.2755824575
813.0 2.27868646875
814.0 2.2815591237499997
815.0 2.284393405
816.0 2.28733258125
817.0 2.2895258149999997
818.0 2.2930175125
819.0 2.2955529375
820.0 2.29864463
821.0 2.30143415875
822.0 2.30418409875
823.0 2.3068761575
824.0 2.3097298787500002
825.0 2.31278613375
826.0 2.3150610425
827.0 2.3185769049999996
828.0 2.3208334537499997
829.0 2.3238753987500003
830.0 2.3269341175
831.0 2.329818585
832.0 2.3325560375000003
833.0 2.335198855
834.0 2.33779722375
835.0 2.3406780462500003
836.0 2.3435639987499997
837.0 2.34637263
838.0 2.3494273325
839.0 2.35263225625
840.0 2.35513271625
841.0 2.3583656525
842.0 2.3601950274999997
843.0 2.3638022850000002
844.0 2.3661448624999997
845.0 2.36888137
846.0 2.37140953875
847.0 2.37490029125
848.0 2.37776839
849.0 2.380623765
850.0 2.38341781625
851.0 2.38622047375
852.0 2.3888830687500002
853.0 2.39140739
854.0 2.3943650950000004
855.0 2.39728905
856.0 2.40068661875
857.0 2.402944855
858.0 2.4055439325
859.0 2.4091153475000002
860.0 2.4116602225
861.0 2.4143037825
862.0 2.41759524125
863.0 2.4202096075
864.0 2.4226665975
865.0 2.42584445375
866.0 2.42863232875
867.0 2.4314422425
868.0 2.4338966675
869.0 2.4371658175
870.0 2.4404106
871.0 2.4432637475
872.0 2.4454020025
873.0 2.44785983625
874.0 2.4511046524999998
875.0 2.453763535
876.0 2.4565115175
877.0 2.4597585275
878.0 2.46286955875
879.0 2.4650646487500003
880.0 2.46810490625
881.0 2.4703945299999996
882.0 2.4735437662499997
883.0 2.47646043125
884.0 2.47910142625
885.0 2.48188106625
886.0 2.4846784925
887.0 2.48836766125
888.0 2.4903627825
889.0 2.49335096375
890.0 2.4960229750000003
891.0 2.498683815
892.0 2.50180854875
893.0 2.50437374125
894.0 2.50726590375
895.0 2.51122935875
896.0 2.51382681625
897.0 2.51610594375
898.0 2.51875591625
899.0 2.52127372375
900.0 2.5245342675
901.0 2.52752822
902.0 2.5296587125
903.0 2.5328941124999997
904.0 2.5362464224999997
905.0 2.538424705
906.0 2.5415940225
907.0 2.5444868599999997
908.0 2.5477327225
909.0 2.549646405
910.0 2.5526320212500004
911.0 2.5556044412500003
912.0 2.55838587
913.0 2.5610922725
914.0 2.5637946924999997
915.0 2.56722223125
916.0 2.569870415
917.0 2.572584175
918.0 2.57544066375
919.0 2.577661505
920.0 2.58055954
921.0 2.5837041524999997
922.0 2.58678649625
923.0 2.58954318625
924.0 2.59302934875
925.0 2.59541148125
926.0 2.5981481575000003
927.0 2.60086681125
928.0 2.6035238375
929.0 2.60606132125
930.0 2.6093083650000004
931.0 2.6122073112499997
932.0 2.6152899925
933.0 2.6173766437499997
934.0 2.6205439024999997
935.0 2.6229482762500003
936.0 2.6265462525
937.0 2.6290406375
938.0 2.6313579700000003
939.0 2.6339893125
940.0 2.63717688875
941.0 2.6403160674999997
942.0 2.64333948375
943.0 2.64590022125
944.0 2.64906710875
945.0 2.6516926124999998
946.0 2.6551222775
947.0 2.6568605950000004
948.0 2.6597257575
949.0 2.6626262225
950.0 2.6660924387500002
951.0 2.66829704625
952.0 2.67150281375
953.0 2.67397222375
954.0 2.6776748925000002
955.0 2.67961844375
956.0 2.6825684874999998
957.0 2.6854636875
958.0 2.68812719375
959.0 2.69112323875
960.0 2.69401654875
961.0 2.6963343537499997
962.0 2.69965892125
963.0 2.70228456
964.0 2.70477881
965.0 2.70764083375
966.0 2.7110001974999998
967.0 2.7140430875
968.0 2.71668415
969.0 2.71984384875
970.0 2.7224073875
971.0 2.72479549375
972.0 2.7284353875000003
973.0 2.73013377875
974.0 2.7337197737500003
975.0 2.7364752825000003
976.0 2.73918695
977.0 2.7416828875
978.0 2.74487930625
979.0 2.74796249375
980.0 2.75033072125
981.0 2.75332777875
982.0 2.755582235
983.0 2.759133535
984.0 2.76197719875
985.0 2.76468380375
986.0 2.76736118125
987.0 2.7700615425
988.0 2.7730002462499996
989.0 2.7755076924999997
990.0 2.7787083975
991.0 2.7819454175
992.0 2.7848041337500002
993.0 2.78713743
994.0 2.7894712999999998
995.0 2.79278219875
996.0 2.7957262687499997
997.0 2.7982966924999997
998.0 2.8012745800000003
999.0 2.8043870625
1000.0 2.80665461375
