1.0 128.0
2.0 128.021
3.0 128.1185
4.0 128.2145
5.0 128.346
6.0 128.481
7.0 128.6985
8.0 129.001
9.0 129.1925
10.0 129.636
11.0 129.876
12.0 130.334
13.0 130.6275
14.0 131.242
15.0 131.6865
16.0 131.9865
17.0 132.794
18.0 133.189
19.0 133.661
20.0 134.471
21.0 135.3335
22.0 135.791
23.0 136.816
24.0 137.618
25.0 138.289
26.0 139.415
27.0 139.793
28.0 140.8275
29.0 142.268
30.0 142.9
31.0 144.0265
32.0 145.413
33.0 145.847
34.0 147.188
35.0 148.381
36.0 149.442
37.0 150.9165
38.0 151.7375
39.0 152.9845
40.0 154.4165
41.0 156.163
42.0 157.124
43.0 158.2575
44.0 159.6025
45.0 161.3
46.0 163.1635
47.0 164.564
48.0 165.8535
49.0 167.7625
50.0 168.7255
51.0 170.512
52.0 172.0345
53.0 173.9535
54.0 175.454
55.0 176.896
56.0 178.8575
57.0 180.2645
58.0 181.5465
59.0 183.653
60.0 185.631
61.0 187.327
62.0 189.346
63.0 190.938
64.0 193.408
65.0 195.175
66.0 197.248
67.0 197.4125
68.0 200.8665
69.0 203.2205
70.0 204.3205
71.0 207.153
72.0 208.769
73.0 210.536
74.0 212.767
75.0 215.1115
76.0 216.89
77.0 219.2785
78.0 221.056
79.0 223.341
80.0 224.664
81.0 227.7985
82.0 229.4415
83.0 231.534
84.0 233.5495
85.0 236.148
86.0 238.3145
87.0 240.7185
88.0 242.8435
89.0 245.397
90.0 248.0315
91.0 249.759
92.0 251.899
93.0 254.937
94.0 256.7075
95.0 258.5865
96.0 261.6755
97.0 263.0095
98.0 266.5925
99.0 269.6895
100.0 270.862
101.0 273.296
102.0 276.781
103.0 279.3855
104.0 281.0565
105.0 283.5175
106.0 285.924
107.0 288.0045
108.0 291.397
109.0 293.7405
110.0 296.2535
111.0 298.3075
112.0 301.08
113.0 304.0765
114.0 306.215
115.0 307.9995
116.0 312.1165
117.0 314.9915
118.0 315.679
119.0 319.1235
120.0 322.417
121.0 324.301
122.0 327.5375
123.0 329.745
124.0 332.848
125.0 335.0835
126.0 338.427
127.0 340.296
128.0 343.3765
129.0 345.8975
130.0 349.3665
131.0 353.403
132.0 355.1685
133.0 357.917
134.0 360.5155
135.0 363.329
136.0 365.7575
137.0 369.1645
138.0 370.8645
139.0 374.676
140.0 376.6395
141.0 379.926
142.0 382.4685
143.0 385.3335
144.0 388.0435
145.0 389.631
146.0 394.4515
147.0 396.4705
148.0 399.409
149.0 401.882
150.0 404.364
151.0 408.5435
152.0 410.48
153.0 413.1415
154.0 416.7815
155.0 419.905
156.0 421.669
157.0 425.027
158.0 427.6605
159.0 431.3475
160.0 434.067
161.0 437.6875
162.0 440.6825
163.0 442.9265
164.0 444.8425
165.0 448.8015
166.0 451.928
167.0 453.6595
168.0 457.57
169.0 460.395
170.0 463.42
171.0 465.769
172.0 469.2295
173.0 472.397
174.0 475.643
175.0 477.7875
176.0 482.081
177.0 483.7805
178.0 487.013
179.0 489.8855
180.0 492.9865
181.0 495.4705
182.0 499.248
183.0 501.659
184.0 504.936
185.0 508.298
186.0 511.4135
187.0 514.2875
188.0 518.015
189.0 520.063
190.0 523.979
191.0 525.916
192.0 531.0175
193.0 533.976
194.0 535.3835
195.0 538.361
196.0 541.847
197.0 544.237
198.0 548.19
199.0 551.943
200.0 552.236
201.0 557.206
202.0 559.5625
203.0 563.649
204.0 566.0585
205.0 569.5295
206.0 573.2515
207.0 575.2525
208.0 578.784
209.0 582.082
210.0 584.5735
211.0 587.6145
212.0 592.2385
213.0 594.8965
214.0 598.324
215.0 599.708
216.0 601.836
217.0 607.0825
218.0 610.07
219.0 612.6685
220.0 615.8225
221.0 617.122
222.0 622.128
223.0 625.3095
224.0 629.266
225.0 631.053
226.0 635.049
227.0 637.5115
228.0 640.002
229.0 643.679
230.0 646.094
231.0 649.9375
232.0 653.1435
233.0 656.729
234.0 660.459
235.0 662.4285
236.0 665.221
237.0 669.4565
238.0 672.005
239.0 675.571
240.0 678.421
241.0 682.025
242.0 684.9415
243.0 688.63
244.0 690.6555
245.0 695.0085
246.0 697.422
247.0 699.6495
248.0 702.9625
249.0 707.1385
250.0 710.789
251.0 713.02
252.0 715.802
253.0 718.3215
254.0 721.81
255.0 726.0295
256.0 729.294
257.0 731.8295
258.0 734.339
259.0 739.3705
260.0 741.3965
261.0 744.3675
262.0 748.642
263.0 750.1075
264.0 754.107
265.0 755.8005
266.0 760.0115
267.0 763.134
268.0 766.4405
269.0 771.358
270.0 773.775
271.0 776.463
272.0 779.972
273.0 782.452
274.0 784.2305
275.0 790.4995
276.0 791.5155
277.0 795.079
278.0 798.5805
279.0 800.143
280.0 805.759
281.0 807.3245
282.0 811.45
283.0 815.309
284.0 816.819
285.0 820.9695
286.0 824.3035
287.0 827.301
288.0 829.8035
289.0 833.796
290.0 836.2525
291.0 841.73
292.0 843.1965
293.0 847.013
294.0 849.6385
295.0 852.151
296.0 854.843
297.0 859.6785
298.0 861.6855
299.0 865.6815
300.0 867.309
301.0 871.345
302.0 875.3015
303.0 878.717
304.0 880.6075
305.0 884.3185
306.0 887.177
307.0 890.549
308.0 896.415
309.0 897.516
310.0 899.9625
311.0 904.498
312.0 907.9845
313.0 910.2445
314.0 913.7295
315.0 915.603
316.0 919.358
317.0 922.0745
318.0 925.011
319.0 929.8995
320.0 932.2715
321.0 935.4825
322.0 938.7015
323.0 941.655
324.0 942.327
325.0 947.6235
326.0 950.7825
327.0 955.402
328.0 957.8965
329.0 960.3395
330.0 963.3365
331.0 967.494
332.0 970.6255
333.0 973.186
334.0 976.159
335.0 979.109
336.0 983.3245
337.0 986.5315
338.0 990.0965
339.0 993.0225
340.0 996.584
341.0 998.278
342.0 1001.921
343.0 1006.902
344.0 1009.838
345.0 1010.8105
346.0 1014.048
347.0 1018.233
348.0 1022.12
349.0 1025.618
350.0 1029.8375
351.0 1031.677
352.0 1033.3415
353.0 1037.6715
354.0 1042.422
355.0 1044.031
356.0 1048.153
357.0 1050.582
358.0 1053.4055
359.0 1057.0075
360.0 1059.897
361.0 1064.324
362.0 1067.3555
363.0 1070.719
364.0 1072.3675
365.0 1076.806
366.0 1078.4915
367.0 1083.96
368.0 1085.819
369.0 1088.943
370.0 1093.6175
371.0 1096.097
372.0 1097.678
373.0 1100.547
374.0 1103.894
375.0 1108.6675
376.0 1111.1735
377.0 1115.2365
378.0 1117.798
379.0 1120.3785
380.0 1125.3685
381.0 1127.4045
382.0 1131.407
383.0 1135.0095
384.0 1137.9125
385.0 1141.2115
386.0 1141.0055
387.0 1147.6385
388.0 1148.953
389.0 1152.409
390.0 1158.7135
391.0 1158.8295
392.0 1164.604
393.0 1166.11
394.0 1169.1405
395.0 1173.099
396.0 1175.078
397.0 1180.962
398.0 1181.672
399.0 1185.5985
400.0 1187.038
401.0 1190.0075
402.0 1194.3845
403.0 1196.9715
404.0 1201.9245
405.0 1204.628
406.0 1208.458
407.0 1210.3285
408.0 1212.7865
409.0 1217.6295
410.0 1221.311
411.0 1221.835
412.0 1227.3995
413.0 1229.148
414.0 1234.0025
415.0 1236.8245
416.0 1238.6525
417.0 1242.318
418.0 1245.794
419.0 1249.335
420.0 1251.1995
421.0 1255.387
422.0 1257.761
423.0 1262.88
424.0 1264.0175
425.0 1270.023
426.0 1273.2655
427.0 1277.0425
428.0 1278.3565
429.0 1280.4355
430.0 1285.784
431.0 1287.8905
432.0 1289.0845
433.0 1294.6825
434.0 1298.4025
435.0 1299.4335
436.0 1303.532
437.0 1306.9755
438.0 1308.35
439.0 1314.098
440.0 1315.224
441.0 1319.345
442.0 1324.1275
443.0 1325.7055
444.0 1331.1495
445.0 1334.2925
446.0 1336.8845
447.0 1340.671
448.0 1342.722
449.0 1345.037
450.0 1350.312
451.0 1351.9245
452.0 1356.4035
453.0 1357.644
454.0 1361.676
455.0 1364.0465
456.0 1367.6005
457.0 1370.9385
458.0 1374.693
459.0 1378.0145
460.0 1379.845
461.0 1386.2445
462.0 1388.3025
463.0 1389.051
464.0 1393.245
465.0 1397.888
466.0 1399.7715
467.0 1403.1895
468.0 1406.5195
469.0 1408.9135
470.0 1412.108
471.0 1416.212
472.0 1420.453
473.0 1422.3835
474.0 1426.117
475.0 1429.0775
476.0 1432.4155
477.0 1436.487
478.0 1439.5185
479.0 1441.7685
480.0 1446.9055
481.0 1448.041
482.0 1451.872
483.0 1453.8295
484.0 1457.55
485.0 1462.3715
486.0 1462.8075
487.0 1466.4845
488.0 1470.339
489.0 1473.585
490.0 1476.462
491.0 1479.725
492.0 1483.041
493.0 1487.7075
494.0 1488.438
495.0 1495.474
496.0 1496.2915
497.0 1500.081
498.0 1502.0595
499.0 1504.214
500.0 1508.5595
501.0 1511.486
502.0 1515.7475
503.0 1519.069
504.0 1522.5275
505.0 1525.1355
506.0 1525.9985
507.0 1530.9915
508.0 1535.249
509.0 1535.4
510.0 1539.698
511.0 1543.958
512.0 1546.3725
513.0 1549.6495
514.0 1554.333
515.0 1558.648
516.0 1559.6385
517.0 1563.275
518.0 1566.074
519.0 1570.8105
520.0 1572.9725
521.0 1576.737
522.0 1579.914
523.0 1580.7785
524.0 1588.2395
525.0 1590.2955
526.0 1594.974
527.0 1597.1845
528.0 1598.8545
529.0 1603.1255
530.0 1607.8915
531.0 1607.5475
532.0 1611.588
533.0 1615.0935
534.0 1619.303
535.0 1621.1975
536.0 1622.679
537.0 1628.9695
538.0 1630.954
539.0 1633.9405
540.0 1637.531
541.0 1640.833
542.0 1643.478
543.0 1644.253
544.0 1649.353
545.0 1653.601
546.0 1655.8095
547.0 1660.783
548.0 1662.5175
549.0 1667.6815
550.0 1668.337
551.0 1671.3935
552.0 1675.7055
553.0 1680.5185
554.0 1681.373
555.0 1684.585
556.0 1688.5575
557.0 1691.4865
558.0 1695.7705
559.0 1697.8445
560.0 1702.9395
561.0 1704.19
562.0 1708.655
563.0 1712.285
564.0 1713.8725
565.0 1716.252
566.0 1721.71
567.0 1724.245
568.0 1725.063
569.0 1728.9285
570.0 1733.286
571.0 1737.3845
572.0 1739.8335
573.0 1741.5095
574.0 1746.4105
575.0 1749.116
576.0 1752.9405
577.0 1754.367
578.0 1759.2995
579.0 1763.027
580.0 1764.623
581.0 1767.9685
582.0 1771.9335
583.0 1777.5485
584.0 1778.045
585.0 1782.0875
586.0 1784.0435
587.0 1788.7395
588.0 1789.5315
589.0 1795.104
590.0 1798.076
591.0 1800.206
592.0 1803.831
593.0 1805.8585
594.0 1811.377
595.0 1814.019
596.0 1815.318
597.0 1818.4515
598.0 1823.6355
599.0 1827.102
600.0 1830.352
601.0 1833.955
602.0 1837.0335
603.0 1840.1145
604.0 1841.2535
605.0 1846.5765
606.0 1849.362
607.0 1851.8785
608.0 1855.039
609.0 1857.4615
610.0 1862.8415
611.0 1864.9715
612.0 1870.6165
613.0 1870.0895
614.0 1875.374
615.0 1875.944
616.0 1882.9495
617.0 1884.857
618.0 1887.3875
619.0 1890.576
620.0 1892.778
621.0 1897.68
622.0 1903.058
623.0 1902.7795
624.0 1905.0885
625.0 1908.9685
626.0 1913.7985
627.0 1916.513
628.0 1918.3165
629.0 1923.213
630.0 1928.003
631.0 1930.518
632.0 1932.181
633.0 1934.7365
634.0 1938.7865
635.0 1942.36
636.0 1945.547
637.0 1949.23
638.0 1953.6515
639.0 1956.1945
640.0 1957.7175
641.0 1963.042
642.0 1964.2705
643.0 1966.528
644.0 1971.839
645.0 1976.1635
646.0 1975.617
647.0 1981.1175
648.0 1983.9905
649.0 1988.315
650.0 1987.53
651.0 1991.94
652.0 1996.2795
653.0 1999.496
654.0 2002.2945
655.0 2003.973
656.0 2009.168
657.0 2014.0485
658.0 2017.605
659.0 2019.169
660.0 2022.2965
661.0 2022.914
662.0 2028.9355
663.0 2033.015
664.0 2033.415
665.0 2039.551
666.0 2043.1475
667.0 2047.247
668.0 2046.8425
669.0 2051.859
670.0 2055.681
671.0 2057.5265
672.0 2061.2615
673.0 2064.107
674.0 2066.8015
675.0 2071.543
676.0 2073.978
677.0 2078.008
678.0 2081.235
679.0 2086.52
680.0 2087.4475
681.0 2091.332
682.0 2093.075
683.0 2096.8
684.0 2098.977
685.0 2104.3895
686.0 2105.981
687.0 2107.8255
688.0 2110.8375
689.0 2114.3065
690.0 2118.649
691.0 2122.1685
692.0 2126.097
693.0 2128.853
694.0 2132.127
695.0 2133.4735
696.0 2137.136
697.0 2140.9925
698.0 2143.994
699.0 2149.078
700.0 2150.7535
701.0 2155.062
702.0 2156.784
703.0 2159.626
704.0 2165.916
705.0 2166.497
706.0 2172.544
707.0 2173.872
708.0 2177.3685
709.0 2182.192
710.0 2181.2185
711.0 2186.607
712.0 2188.009
713.0 2192.8885
714.0 2197.667
715.0 2197.351
716.0 2202.375
717.0 2203.6945
718.0 2208.675
719.0 2213.0345
720.0 2215.134
721.0 2216.8235
722.0 2223.5435
723.0 2224.2485
724.0 2225.493
725.0 2232.1985
726.0 2234.7025
727.0 2240.209
728.0 2241.982
729.0 2242.315
730.0 2247.885
731.0 2250.745
732.0 2252.561
733.0 2259.2555
734.0 2260.7005
735.0 2262.599
736.0 2269.5015
737.0 2270.7275
738.0 2274.51
739.0 2278.301
740.0 2279.8445
741.0 2282.858
742.0 2285.5315
743.0 2290.0975
744.0 2290.7655
745.0 2294.9525
746.0 2300.8385
747.0 2299.3205
748.0 2304.997
749.0 2307.4645
750.0 2311.9445
751.0 2315.225
752.0 2319.8535
753.0 2319.894
754.0 2324.9845
755.0 2328.6455
756.0 2331.148
757.0 2332.7535
758.0 2337.8945
759.0 2343.0545
760.0 2343.8205
761.0 2349.126
762.0 2349.758
763.0 2353.4515
764.0 2355.608
765.0 2360.086
766.0 2365.125
767.0 2367.473
768.0 2369.7575
769.0 2375.3065
770.0 2380.268
771.0 2379.1405
772.0 2384.7175
773.0 2384.1135
774.0 2386.125
775.0 2392.128
776.0 2397.9145
777.0 2399.0715
778.0 2402.496
779.0 2403.6565
780.0 2406.4015
781.0 2413.4135
782.0 2414.869
783.0 2417.929
784.0 2421.6275
785.0 2426.161
786.0 2428.352
787.0 2430.603
788.0 2435.465
789.0 2436.0495
790.0 2441.092
791.0 2444.937
792.0 2447.7935
793.0 2451.38
794.0 2452.2655
795.0 2455.696
796.0 2459.609
797.0 2462.668
798.0 2467.2795
799.0 2470.369
800.0 2472.9475
801.0 2473.314
802.0 2482.062
803.0 2480.3255
804.0 2485.4195
805.0 2489.3455
806.0 2492.715
807.0 2494.6805
808.0 2497.234
809.0 2500.348
810.0 2507.107
811.0 2510.881
812.0 2513.823
813.0 2514.7725
814.0 2518.423
815.0 2517.8
816.0 2522.427
817.0 2526.091
818.0 2534.2195
819.0 2534.747
820.0 2537.051
821.0 2540.247
822.0 2543.925
823.0 2546.664
824.0 2548.929
825.0 2554.353
826.0 2553.997
827.0 2562.083
828.0 2563.681
829.0 2565.5865
830.0 2567.5715
831.0 2573.2005
832.0 2574.053
833.0 2577.4695
834.0 2580.7185
835.0 2583.9495
836.0 2588.482
837.0 2589.7255
838.0 2596.9635
839.0 2598.1255
840.0 2603.544
841.0 2605.32
842.0 2607.339
843.0 2610.2045
844.0 2614.0925
845.0 2618.9695
846.0 2623.736
847.0 2622.4425
848.0 2629.0655
849.0 2628.491
850.0 2633.3175
851.0 2636.948
852.0 2638.932
853.0 2643.1875
854.0 2646.3905
855.0 2650.7785
856.0 2651.9065
857.0 2655.5795
858.0 2659.212
859.0 2661.8695
860.0 2664.036
861.0 2669.117
862.0 2672.481
863.0 2674.1965
864.0 2680.8325
865.0 2680.5135
866.0 2684.964
867.0 2690.202
868.0 2692.144
869.0 2693.6
870.0 2697.76
871.0 2701.4795
872.0 2703.3275
873.0 2709.801
874.0 2709.3745
875.0 2711.9795
876.0 2717.52
877.0 2717.83
878.0 2723.5735
879.0 2727.375
880.0 2729.727
881.0 2731.4645
882.0 2737.4815
883.0 2739.955
884.0 2741.2965
885.0 2745.8765
886.0 2749.7065
887.0 2753.9775
888.0 2755.1195
889.0 2758.6515
890.0 2762.7535
891.0 2765.196
892.0 2769.2875
893.0 2772.008
894.0 2774.975
895.0 2778.2335
896.0 2779.6855
897.0 2785.9435
898.0 2788.543
899.0 2790.633
900.0 2794.2715
901.0 2794.949
902.0 2800.8545
903.0 2804.2305
904.0 2806.923
905.0 2811.1325
906.0 2812.4935
907.0 2815.253
908.0 2821.466
909.0 2825.0335
910.0 2827.3125
911.0 2830.179
912.0 2833.583
913.0 2836.172
914.0 2838.91
915.0 2840.959
916.0 2845.832
917.0 2848.7545
918.0 2851.8765
919.0 2854.2495
920.0 2860.6615
921.0 2859.205
922.0 2862.163
923.0 2865.822
924.0 2869.9815
925.0 2873.4235
926.0 2877.6525
927.0 2883.5785
928.0 2883.4515
929.0 2886.723
930.0 2889.669
931.0 2893.1355
932.0 2895.7
933.0 2899.0575
934.0 2902.73
935.0 2906.615
936.0 2907.834
937.0 2912.266
938.0 2917.417
939.0 2919.3175
940.0 2920.0885
941.0 2926.2975
942.0 2930.1485
943.0 2933.095
944.0 2938.512
945.0 2938.127
946.0 2939.652
947.0 2944.961
948.0 2947.7815
949.0 2949.91
950.0 2954.193
951.0 2960.532
952.0 2962.069
953.0 2966.053
954.0 2965.4615
955.0 2970.0175
956.0 2973.1585
957.0 2977.059
958.0 2980.4635
959.0 2984.1275
960.0 2983.1715
961.0 2988.333
962.0 2991.56
963.0 2994.92
964.0 2999.6885
965.0 3004.9525
966.0 3006.0365
967.0 3010.3265
968.0 3011.2315
969.0 3015.2275
970.0 3018.194
971.0 3022.535
972.0 3025.6985
973.0 3028.5995
974.0 3031.139
975.0 3031.8225
976.0 3036.917
977.0 3041.065
978.0 3044.5735
979.0 3046.2695
980.0 3051.8205
981.0 3053.3455
982.0 3058.1395
983.0 3059.2375
984.0 3061.5195
985.0 3067.813
986.0 3070.6445
987.0 3075.501
988.0 3075.398
989.0 3080.2535
990.0 3085.7635
991.0 3087.527
992.0 3089.811
993.0 3092.426
994.0 3093.94
995.0 3101.5585
996.0 3103.923
997.0 3103.4065
998.0 3107.786
999.0 3111.271
1000.0 3114.2725
