1.0 128.0
2.0 128.015
3.0 128.1005
4.0 128.2515
5.0 128.3035
6.0 128.524
7.0 128.64
8.0 128.922
9.0 129.3385
10.0 129.331
11.0 129.9505
12.0 130.267
13.0 130.769
14.0 131.171
15.0 131.674
16.0 132.188
17.0 132.571
18.0 133.1565
19.0 133.825
20.0 134.689
21.0 135.2795
22.0 136.175
23.0 136.99
24.0 137.881
25.0 138.661
26.0 139.191
27.0 140.4155
28.0 141.4075
29.0 142.2415
30.0 143.659
31.0 144.629
32.0 145.835
33.0 146.9525
34.0 147.477
35.0 149.051
36.0 150.101
37.0 151.218
38.0 152.8645
39.0 153.835
40.0 155.1405
41.0 156.3665
42.0 157.774
43.0 159.1645
44.0 160.471
45.0 161.6415
46.0 163.6825
47.0 165.017
48.0 166.0055
49.0 168.21
50.0 169.585
51.0 170.758
52.0 172.9955
53.0 174.7965
54.0 175.632
55.0 177.6745
56.0 179.8555
57.0 181.435
58.0 182.6405
59.0 184.5925
60.0 186.2115
61.0 188.2785
62.0 189.9035
63.0 191.241
64.0 193.1445
65.0 195.1795
66.0 197.54
67.0 199.379
68.0 201.6895
69.0 203.1725
70.0 204.6785
71.0 207.375
72.0 208.5705
73.0 211.27
74.0 213.3555
75.0 214.7215
76.0 217.7865
77.0 220.0285
78.0 221.546
79.0 223.578
80.0 224.8465
81.0 227.6745
82.0 230.1165
83.0 232.631
84.0 235.3645
85.0 236.326
86.0 238.244
87.0 241.1015
88.0 243.6495
89.0 246.4315
90.0 248.2735
91.0 250.1205
92.0 253.522
93.0 255.4175
94.0 256.8955
95.0 260.8525
96.0 262.4025
97.0 264.9245
98.0 266.7535
99.0 269.466
100.0 272.0965
101.0 272.5565
102.0 276.443
103.0 279.374
104.0 281.6625
105.0 284.032
106.0 286.311
107.0 288.542
108.0 291.642
109.0 294.316
110.0 296.689
111.0 299.0945
112.0 301.923
113.0 304.505
114.0 307.9095
115.0 309.4665
116.0 311.6645
117.0 314.9375
118.0 316.5665
119.0 320.197
120.0 322.1455
121.0 325.7045
122.0 328.782
123.0 330.724
124.0 332.9085
125.0 336.1165
126.0 338.344
127.0 340.852
128.0 343.509
129.0 346.7235
130.0 348.699
131.0 352.973
132.0 355.1655
133.0 357.4915
134.0 361.539
135.0 363.509
136.0 366.0385
137.0 367.863
138.0 372.351
139.0 374.6355
140.0 377.154
141.0 380.2595
142.0 382.9745
143.0 385.001
144.0 388.992
145.0 390.8545
146.0 394.3895
147.0 395.812
148.0 399.5195
149.0 401.3515
150.0 405.2955
151.0 408.642
152.0 410.9635
153.0 414.0815
154.0 417.443
155.0 419.4185
156.0 423.193
157.0 425.207
158.0 428.487
159.0 431.41
160.0 433.4845
161.0 436.7445
162.0 439.2675
163.0 444.149
164.0 447.5435
165.0 448.512
166.0 451.7915
167.0 454.933
168.0 458.718
169.0 460.0375
170.0 463.51
171.0 466.281
172.0 469.218
173.0 473.193
174.0 476.152
175.0 479.6255
176.0 481.6275
177.0 484.1015
178.0 486.7015
179.0 489.3555
180.0 493.715
181.0 496.3175
182.0 500.6295
183.0 501.6285
184.0 505.2395
185.0 508.9265
186.0 510.94
187.0 514.119
188.0 516.982
189.0 520.33
190.0 523.367
191.0 525.6455
192.0 528.7585
193.0 532.2995
194.0 535.7255
195.0 538.5505
196.0 541.115
197.0 544.8615
198.0 547.4545
199.0 551.2935
200.0 553.8915
201.0 555.4125
202.0 559.8495
203.0 563.6015
204.0 565.756
205.0 568.8675
206.0 572.3515
207.0 573.735
208.0 578.835
209.0 581.637
210.0 584.8825
211.0 586.589
212.0 591.984
213.0 594.4345
214.0 596.132
215.0 598.8015
216.0 602.768
217.0 605.9355
218.0 608.8665
219.0 612.0225
220.0 613.99
221.0 616.9235
222.0 621.7095
223.0 623.4945
224.0 626.9175
225.0 629.2025
226.0 634.0305
227.0 636.642
228.0 638.3155
229.0 642.841
230.0 645.4795
231.0 648.363
232.0 651.037
233.0 652.98
234.0 657.9395
235.0 662.1165
236.0 663.82
237.0 667.1495
238.0 669.779
239.0 674.408
240.0 676.5575
241.0 680.2735
242.0 682.6635
243.0 685.659
244.0 690.3785
245.0 691.772
246.0 694.041
247.0 699.1835
248.0 701.536
249.0 704.437
250.0 706.5585
251.0 709.457
252.0 712.964
253.0 716.561
254.0 718.298
255.0 721.4775
256.0 725.817
257.0 728.979
258.0 732.6705
259.0 735.6845
260.0 736.672
261.0 741.383
262.0 743.995
263.0 747.69
264.0 750.351
265.0 752.7285
266.0 756.6205
267.0 759.2305
268.0 762.687
269.0 765.9025
270.0 768.2845
271.0 772.4335
272.0 774.131
273.0 778.0785
274.0 781.5145
275.0 784.2145
276.0 788.245
277.0 790.197
278.0 793.0235
279.0 796.1085
280.0 799.161
281.0 801.641
282.0 806.9505
283.0 809.55
284.0 813.0945
285.0 816.479
286.0 818.383
287.0 822.517
288.0 824.6625
289.0 826.7075
290.0 830.787
291.0 833.4645
292.0 835.6605
293.0 839.2125
294.0 842.464
295.0 846.284
296.0 848.2745
297.0 853.147
298.0 854.5455
299.0 858.553
300.0 860.5825
301.0 865.7985
302.0 868.4455
303.0 869.5935
304.0 874.5145
305.0 875.3845
306.0 879.67
307.0 882.0655
308.0 886.0155
309.0 889.3045
310.0 892.9225
311.0 895.593
312.0 897.273
313.0 901.635
314.0 905.4175
315.0 907.225
316.0 910.097
317.0 915.0685
318.0 915.6565
319.0 920.553
320.0 921.5505
321.0 924.6835
322.0 927.8845
323.0 930.752
324.0 933.072
325.0 937.845
326.0 941.1405
327.0 945.0615
328.0 947.227
329.0 950.438
330.0 951.9105
331.0 955.2135
332.0 957.509
333.0 961.123
334.0 965.7125
335.0 968.3585
336.0 971.487
337.0 973.192
338.0 977.2235
339.0 982.322
340.0 983.748
341.0 987.512
342.0 988.6795
343.0 992.937
344.0 997.1205
345.0 1000.1795
346.0 1001.7845
347.0 1004.583
348.0 1008.569
349.0 1011.1865
350.0 1014.5095
351.0 1017.698
352.0 1020.0805
353.0 1025.2085
354.0 1026.399
355.0 1028.0125
356.0 1032.8175
357.0 1036.347
358.0 1036.81
359.0 1040.665
360.0 1044.6685
361.0 1047.5055
362.0 1050.2385
363.0 1053.8795
364.0 1054.3335
365.0 1060.6245
366.0 1064.4125
367.0 1064.743
368.0 1068.8565
369.0 1072.146
370.0 1073.749
371.0 1076.998
372.0 1079.6355
373.0 1084.5225
374.0 1087.937
375.0 1090.097
376.0 1091.731
377.0 1094.508
378.0 1098.725
379.0 1100.7565
380.0 1104.855
381.0 1106.6895
382.0 1110.762
383.0 1112.115
384.0 1115.2205
385.0 1117.609
386.0 1123.4435
387.0 1125.69
388.0 1128.0705
389.0 1130.68
390.0 1133.7315
391.0 1136.3415
392.0 1139.8305
393.0 1143.0015
394.0 1145.643
395.0 1148.952
396.0 1154.0805
397.0 1154.5655
398.0 1158.272
399.0 1160.783
400.0 1163.281
401.0 1167.8865
402.0 1168.666
403.0 1172.74
404.0 1177.192
405.0 1176.871
406.0 1182.178
407.0 1184.9785
408.0 1187.0705
409.0 1189.495
410.0 1194.9155
411.0 1195.9625
412.0 1200.2675
413.0 1203.325
414.0 1205.704
415.0 1208.477
416.0 1210.52
417.0 1212.14
418.0 1217.72
419.0 1218.9445
420.0 1223.837
421.0 1226.546
422.0 1228.369
423.0 1232.8235
424.0 1234.7205
425.0 1238.3725
426.0 1242.127
427.0 1242.3215
428.0 1245.3355
429.0 1249.023
430.0 1253.4515
431.0 1254.8175
432.0 1255.933
433.0 1260.203
434.0 1264.762
435.0 1267.8775
436.0 1270.6335
437.0 1274.424
438.0 1276.4945
439.0 1280.7605
440.0 1280.65
441.0 1284.012
442.0 1287.842
443.0 1290.074
444.0 1293.4245
445.0 1296.391
446.0 1298.307
447.0 1303.176
448.0 1303.258
449.0 1308.3535
450.0 1311.756
451.0 1315.395
452.0 1317.4035
453.0 1320.0995
454.0 1321.9815
455.0 1326.1225
456.0 1327.749
457.0 1334.071
458.0 1333.764
459.0 1338.1905
460.0 1342.0985
461.0 1343.683
462.0 1347.621
463.0 1349.744
464.0 1351.2245
465.0 1353.9975
466.0 1357.9545
467.0 1359.423
468.0 1364.13
469.0 1366.662
470.0 1369.6785
471.0 1373.468
472.0 1374.9535
473.0 1380.738
474.0 1381.3305
475.0 1382.3565
476.0 1386.8335
477.0 1388.863
478.0 1394.407
479.0 1394.1285
480.0 1400.2175
481.0 1402.714
482.0 1403.4275
483.0 1408.354
484.0 1411.159
485.0 1414.435
486.0 1417.878
487.0 1419.8805
488.0 1422.241
489.0 1423.678
490.0 1427.1925
491.0 1430.315
492.0 1432.924
493.0 1436.9555
494.0 1439.848
495.0 1439.8885
496.0 1445.3685
497.0 1448.4185
498.0 1449.405
499.0 1451.4275
500.0 1457.719
501.0 1458.973
502.0 1462.5545
503.0 1462.146
504.0 1468.947
505.0 1471.1095
506.0 1471.7455
507.0 1477.3625
508.0 1478.196
509.0 1481.794
510.0 1485.8005
511.0 1489.7975
512.0 1491.652
513.0 1493.9975
514.0 1495.742
515.0 1499.821
516.0 1502.203
517.0 1506.314
518.0 1509.755
519.0 1510.053
520.0 1513.731
521.0 1516.3945
522.0 1517.581
523.0 1520.6125
524.0 1526.7885
525.0 1527.648
526.0 1530.422
527.0 1534.084
528.0 1535.478
529.0 1541.35
530.0 1542.9585
531.0 1546.788
532.0 1548.474
533.0 1550.6345
534.0 1551.9125
535.0 1556.1255
536.0 1561.931
537.0 1564.7425
538.0 1565.337
539.0 1567.287
540.0 1570.544
541.0 1573.2915
542.0 1577.2245
543.0 1580.912
544.0 1584.6765
545.0 1585.8265
546.0 1588.198
547.0 1593.8885
548.0 1593.535
549.0 1595.578
550.0 1601.059
551.0 1601.3315
552.0 1605.248
553.0 1608.8535
554.0 1612.459
555.0 1613.629
556.0 1615.6475
557.0 1619.2355
558.0 1623.355
559.0 1625.672
560.0 1629.3425
561.0 1633.534
562.0 1633.4805
563.0 1638.261
564.0 1639.172
565.0 1645.2645
566.0 1646.027
567.0 1648.8285
568.0 1652.575
569.0 1652.6865
570.0 1655.9415
571.0 1659.8825
572.0 1661.2145
573.0 1666.342
574.0 1667.149
575.0 1669.2645
576.0 1673.0575
577.0 1677.285
578.0 1679.7145
579.0 1683.5775
580.0 1683.489
581.0 1689.196
582.0 1691.157
583.0 1694.397
584.0 1697.3375
585.0 1700.6925
586.0 1702.0405
587.0 1704.2445
588.0 1711.053
589.0 1712.741
590.0 1715.1015
591.0 1715.2475
592.0 1718.413
593.0 1722.532
594.0 1724.804
595.0 1729.9545
596.0 1729.0205
597.0 1736.251
598.0 1736.013
599.0 1736.775
600.0 1742.5655
601.0 1744.537
602.0 1747.1925
603.0 1751.085
604.0 1752.6855
605.0 1757.3455
606.0 1758.8055
607.0 1761.8615
608.0 1763.55
609.0 1768.52
610.0 1767.992
611.0 1771.277
612.0 1776.4055
613.0 1779.8935
614.0 1781.582
615.0 1785.5375
616.0 1789.5715
617.0 1788.8635
618.0 1791.1025
619.0 1794.7905
620.0 1799.942
621.0 1801.8645
622.0 1803.7725
623.0 1807.442
624.0 1811.167
625.0 1813.082
626.0 1814.3885
627.0 1817.803
628.0 1819.3795
629.0 1822.652
630.0 1829.1265
631.0 1830.1315
632.0 1833.961
633.0 1833.3695
634.0 1838.54
635.0 1841.028
636.0 1843.9555
637.0 1845.691
638.0 1848.6275
639.0 1852.6825
640.0 1854.257
641.0 1858.235
642.0 1860.681
643.0 1865.147
644.0 1865.174
645.0 1867.948
646.0 1871.592
647.0 1876.2115
648.0 1878.42
649.0 1881.9525
650.0 1884.1465
651.0 1886.594
652.0 1888.072
653.0 1893.145
654.0 1894.25
655.0 1897.2825
656.0 1899.6025
657.0 1904.489
658.0 1906.107
659.0 1908.715
660.0 1910.7335
661.0 1915.3345
662.0 1918.4765
663.0 1920.315
664.0 1923.4155
665.0 1925.2255
666.0 1929.033
667.0 1930.861
668.0 1932.1155
669.0 1938.2045
670.0 1939.9005
671.0 1944.6225
672.0 1947.2795
673.0 1948.7745
674.0 1950.425
675.0 1955.3055
676.0 1958.405
677.0 1959.196
678.0 1960.7685
679.0 1964.096
680.0 1969.404
681.0 1971.146
682.0 1975.117
683.0 1975.068
684.0 1980.004
685.0 1983.571
686.0 1986.8855
687.0 1986.582
688.0 1991.2245
689.0 1993.394
690.0 1996.636
691.0 1997.7195
692.0 2002.484
693.0 2007.4175
694.0 2007.86
695.0 2008.6385
696.0 2011.9435
697.0 2015.3585
698.0 2018.7435
699.0 2022.6765
700.0 2025.7195
701.0 2028.3775
702.0 2031.839
703.0 2034.6455
704.0 2039.499
705.0 2038.394
706.0 2042.241
707.0 2047.8905
708.0 2046.747
709.0 2051.7065
710.0 2052.2565
711.0 2057.496
712.0 2060.918
713.0 2063.0595
714.0 2063.349
715.0 2069.6135
716.0 2071.6425
717.0 2074.8235
718.0 2077.2065
719.0 2080.2045
720.0 2083.5135
721.0 2086.0845
722.0 2090.777
723.0 2090.849
724.0 2094.233
725.0 2098.1175
726.0 2099.95
727.0 2100.7735
728.0 2106.004
729.0 2106.533
730.0 2112.3595
731.0 2113.7345
732.0 2116.875
733.0 2122.9555
734.0 2124.237
735.0 2126.716
736.0 2130.193
737.0 2129.5205
738.0 2133.9465
739.0 2137.382
740.0 2141.369
741.0 2142.8185
742.0 2147.0615
743.0 2149.465
744.0 2158.6355
745.0 2156.9365
746.0 2159.186
747.0 2160.766
748.0 2164.874
749.0 2167.275
750.0 2173.5755
751.0 2175.7935
752.0 2175.906
753.0 2181.9245
754.0 2182.4095
755.0 2186.663
756.0 2188.7045
757.0 2191.743
758.0 2195.327
759.0 2193.945
760.0 2199.8865
761.0 2201.9185
762.0 2206.505
763.0 2208.7385
764.0 2213.347
765.0 2218.813
766.0 2217.89
767.0 2222.048
768.0 2222.2445
769.0 2227.143
770.0 2232.8555
771.0 2232.6485
772.0 2237.0245
773.0 2241.415
774.0 2239.8335
775.0 2246.165
776.0 2248.6275
777.0 2251.9465
778.0 2254.4485
779.0 2256.475
780.0 2259.9105
781.0 2262.3475
782.0 2268.1625
783.0 2268.461
784.0 2273.566
785.0 2277.492
786.0 2278.0585
787.0 2279.2105
788.0 2284.988
789.0 2288.6975
790.0 2292.1835
791.0 2296.507
792.0 2298.6265
793.0 2300.453
794.0 2303.3225
795.0 2302.7535
796.0 2311.5675
797.0 2313.2405
798.0 2314.355
799.0 2317.309
800.0 2322.6175
801.0 2325.364
802.0 2331.849
803.0 2331.1725
804.0 2330.8835
805.0 2337.266
806.0 2344.7795
807.0 2341.1665
808.0 2346.632
809.0 2352.44
810.0 2352.721
811.0 2358.719
812.0 2358.6845
813.0 2362.6775
814.0 2367.2155
815.0 2365.003
816.0 2372.224
817.0 2375.9235
818.0 2382.728
819.0 2381.1335
820.0 2380.343
821.0 2386.0235
822.0 2392.74
823.0 2391.2865
824.0 2395.928
825.0 2402.225
826.0 2405.2505
827.0 2400.598
828.0 2410.9045
829.0 2412.01
830.0 2417.2815
831.0 2419.097
832.0 2425.977
833.0 2426.6695
834.0 2431.866
835.0 2432.95
836.0 2434.601
837.0 2443.5125
838.0 2441.01
839.0 2441.568
840.0 2445.742
841.0 2452.6575
842.0 2453.4615
843.0 2455.965
844.0 2461.626
845.0 2461.548
846.0 2470.0305
847.0 2472.332
848.0 2474.0035
849.0 2476.4875
850.0 2479.7245
851.0 2479.4325
852.0 2486.146
853.0 2490.426
854.0 2492.6195
855.0 2498.9165
856.0 2502.068
857.0 2505.0515
858.0 2508.6195
859.0 2506.1985
860.0 2514.655
861.0 2515.6155
862.0 2520.002
863.0 2525.548
864.0 2525.8155
865.0 2528.295
866.0 2529.4025
867.0 2538.2585
868.0 2540.86
869.0 2541.1405
870.0 2544.01
871.0 2548.68
872.0 2552.819
873.0 2556.644
874.0 2560.694
875.0 2560.866
876.0 2563.7095
877.0 2568.28
878.0 2572.529
879.0 2573.977
880.0 2578.105
881.0 2585.018
882.0 2583.0295
883.0 2590.979
884.0 2590.486
885.0 2593.5925
886.0 2601.7705
887.0 2597.4675
888.0 2605.501
889.0 2606.7115
890.0 2611.1865
891.0 2611.8685
892.0 2618.484
893.0 2619.6675
894.0 2620.0625
895.0 2630.471
896.0 2635.6085
897.0 2633.3535
898.0 2636.7795
899.0 2644.514
900.0 2643.4655
901.0 2646.8905
902.0 2650.91
903.0 2648.7485
904.0 2657.6715
905.0 2660.5655
906.0 2662.031
907.0 2660.5335
908.0 2670.412
909.0 2672.8505
910.0 2681.8745
911.0 2680.4145
912.0 2681.427
913.0 2685.684
914.0 2690.519
915.0 2696.015
916.0 2696.0065
917.0 2699.2285
918.0 2702.1215
919.0 2705.1525
920.0 2705.075
921.0 2710.684
922.0 2717.9405
923.0 2722.7805
924.0 2728.8245
925.0 2722.708
926.0 2732.9425
927.0 2731.6275
928.0 2732.305
929.0 2738.92
930.0 2742.7345
931.0 2744.575
932.0 2745.5145
933.0 2760.9245
934.0 2757.14
935.0 2756.234
936.0 2764.7895
937.0 2763.4335
938.0 2768.665
939.0 2780.925
940.0 2776.7955
941.0 2779.229
942.0 2783.8635
943.0 2789.4365
944.0 2789.5105
945.0 2797.9205
946.0 2797.401
947.0 2797.168
948.0 2799.932
949.0 2804.9305
950.0 2807.723
951.0 2812.584
952.0 2816.4245
953.0 2817.738
954.0 2825.3155
955.0 2827.035
956.0 2830.2
957.0 2835.7905
958.0 2835.562
959.0 2840.6665
960.0 2840.66
961.0 2843.362
962.0 2849.584
963.0 2853.7425
964.0 2849.2815
965.0 2855.0925
966.0 2856.7415
967.0 2865.591
968.0 2865.116
969.0 2873.297
970.0 2875.7495
971.0 2877.3755
972.0 2884.479
973.0 2880.895
974.0 2886.773
975.0 2887.8015
976.0 2892.056
977.0 2893.7185
978.0 2904.6915
979.0 2902.755
980.0 2906.993
981.0 2915.201
982.0 2911.061
983.0 2916.6195
984.0 2917.201
985.0 2926.6355
986.0 2927.0135
987.0 2926.15
988.0 2934.0605
989.0 2938.436
990.0 2937.5455
991.0 2940.353
992.0 2946.1885
993.0 2946.992
994.0 2949.118
995.0 2961.3535
996.0 2962.289
997.0 2956.2525
998.0 2967.3245
999.0 2967.6575
1000.0 2971.9985
