1.0 0.0065645
2.0 0.00882925
3.0 0.011128424999999999
4.0 0.013419364999999999
5.0 0.015746485
6.0 0.01808967
7.0 0.020455265
8.0 0.022825315
9.0 0.025223040000000002
10.0 0.027618740000000003
11.0 0.030019435
12.0 0.03241257
13.0 0.03478748
14.0 0.037221655
15.0 0.039627885
16.0 0.042089465
17.0 0.04447882
18.0 0.046949714999999996
19.0 0.049331105
20.0 0.051814015
21.0 0.054256965
22.0 0.056733665
23.0 0.059180125
24.0 0.061683555
25.0 0.06412691000000001
26.0 0.0667054
27.0 0.06944805
28.0 0.0719477
29.0 0.074395375
30.0 0.07693053
31.0 0.079431395
32.0 0.08195899000000001
33.0 0.08441328
34.0 0.08693385499999999
35.0 0.08951734
36.0 0.092123235
37.0 0.094748165
38.0 0.097523215
39.0 0.10019715
40.0 0.10274810000000001
41.0 0.105396925
42.0 0.10798716
43.0 0.110567135
44.0 0.11300023
45.0 0.11562381
46.0 0.118086065
47.0 0.120756355
48.0 0.12324426
49.0 0.12591131
50.0 0.12834211
51.0 0.131027655
52.0 0.13365285500000001
53.0 0.13622473000000002
54.0 0.138833865
55.0 0.141422075
56.0 0.14404795
57.0 0.146758065
58.0 0.149358965
59.0 0.15193057000000001
60.0 0.15465729
61.0 0.15744206
62.0 0.16014664
63.0 0.162827595
64.0 0.16551071
65.0 0.168246475
66.0 0.17085736499999998
67.0 0.17358584
68.0 0.176209555
69.0 0.17889402
70.0 0.181580375
71.0 0.184362445
72.0 0.187051095
73.0 0.18970289
74.0 0.19235563
75.0 0.195041445
76.0 0.19770593
77.0 0.20030251000000002
78.0 0.20306892
79.0 0.20561217499999998
80.0 0.20816434
81.0 0.210753765
82.0 0.21339961999999998
83.0 0.2159962
84.0 0.21871738500000001
85.0 0.22136459
86.0 0.223891645
87.0 0.22666304999999998
88.0 0.22909898
89.0 0.23187565
90.0 0.2345076
91.0 0.23719354999999998
92.0 0.23965620999999998
93.0 0.24249268499999999
94.0 0.245156225
95.0 0.24782341
96.0 0.25059387
97.0 0.25327954999999996
98.0 0.255912445
99.0 0.25882155
100.0 0.261383975
101.0 0.26419237
102.0 0.266812575
103.0 0.26965903999999996
104.0 0.27217394500000003
105.0 0.27505821
106.0 0.27793221500000004
107.0 0.280515565
108.0 0.283362165
109.0 0.28612277
110.0 0.288845305
111.0 0.291509385
112.0 0.29426081
113.0 0.29709822999999996
114.0 0.299841555
115.0 0.30251414
116.0 0.305395975
117.0 0.308058435
118.0 0.31061789
119.0 0.313363375
120.0 0.31619472
121.0 0.31865684000000005
122.0 0.32153759499999995
123.0 0.32408193
124.0 0.32666447
125.0 0.329414005
126.0 0.33205432500000004
127.0 0.33454763
128.0 0.33729244
129.0 0.339773595
130.0 0.34241890999999997
131.0 0.344957305
132.0 0.347757195
133.0 0.35030558
134.0 0.352909315
135.0 0.355414365
136.0 0.35824165999999996
137.0 0.36080853999999996
138.0 0.36338622
139.0 0.36609660499999996
140.0 0.368614075
141.0 0.37133931
142.0 0.37390146500000004
143.0 0.376540975
144.0 0.37917252
145.0 0.38194514
146.0 0.38430439
147.0 0.38698143
148.0 0.389582735
149.0 0.39221023
150.0 0.39495612
151.0 0.39749465
152.0 0.3999916
153.0 0.402582645
154.0 0.405350405
155.0 0.40784938
156.0 0.41057879999999997
157.0 0.413120435
158.0 0.41581947999999996
159.0 0.41832142499999997
160.0 0.42091773499999996
161.0 0.4235104
162.0 0.42626277
163.0 0.428921585
164.0 0.431426635
165.0 0.43425096
166.0 0.43678463
167.0 0.43946032
168.0 0.44216787
169.0 0.444700595
170.0 0.44740436499999997
171.0 0.450176445
172.0 0.452862125
173.0 0.45559640500000004
174.0 0.458225385
175.0 0.46075041499999997
176.0 0.463588105
177.0 0.46634844
178.0 0.46906058
179.0 0.471865735
180.0 0.47459313000000003
181.0 0.47704877
182.0 0.479758345
183.0 0.482747505
184.0 0.48549704
185.0 0.487818355
186.0 0.49099422
187.0 0.493349015
188.0 0.496316035
189.0 0.49901076
190.0 0.5017013
191.0 0.504563425
192.0 0.50744607
193.0 0.50991548
194.0 0.51249505
195.0 0.515687115
196.0 0.51808403
197.0 0.52095466
198.0 0.52377318
199.0 0.526403375
200.0 0.52898038
201.0 0.531824415
202.0 0.53438765
203.0 0.5372801500000001
204.0 0.539942745
205.0 0.542476145
206.0 0.5451847750000001
207.0 0.54783063
208.0 0.55038833
209.0 0.55316689
210.0 0.55564413
211.0 0.55850585
212.0 0.56091046
213.0 0.5635598249999999
214.0 0.56601938
215.0 0.56841886
216.0 0.57125574
217.0 0.573904025
218.0 0.576486295
219.0 0.579173055
220.0 0.581637605
221.0 0.5843150500000001
222.0 0.5870253000000001
223.0 0.5897120600000001
224.0 0.592331725
225.0 0.59498973
226.0 0.5975680849999999
227.0 0.60031897
228.0 0.60316584
229.0 0.60558827
230.0 0.60826801
231.0 0.611116635
232.0 0.61372415
233.0 0.61622812
234.0 0.6192342900000001
235.0 0.62167589
236.0 0.624297445
237.0 0.62720412
238.0 0.629570795
239.0 0.63263623
240.0 0.6350084399999999
241.0 0.6377408299999999
242.0 0.6404738950000001
243.0 0.643072095
244.0 0.6458491700000001
245.0 0.6484041700000001
246.0 0.6510556949999999
247.0 0.6537694549999999
248.0 0.65654059
249.0 0.65917875
250.0 0.66213011
251.0 0.6647518
252.0 0.66749148
253.0 0.66987476
254.0 0.672927235
255.0 0.675573765
256.0 0.67819748
257.0 0.6805881850000001
258.0 0.68340738
259.0 0.6862691
260.0 0.68907412
261.0 0.6918394499999999
262.0 0.694466945
263.0 0.697294375
264.0 0.70003014
265.0 0.702920345
266.0 0.705661105
267.0 0.7084074
268.0 0.7109667199999999
269.0 0.713706805
270.0 0.716703795
271.0 0.7193186
272.0 0.7223517700000001
273.0 0.725056215
274.0 0.7281290749999999
275.0 0.73064614
276.0 0.7335125849999999
277.0 0.736248755
278.0 0.73882387
279.0 0.7416639899999999
280.0 0.744575795
281.0 0.747449935
282.0 0.7504754100000001
283.0 0.75298559
284.0 0.75578818
285.0 0.758659755
286.0 0.761213405
287.0 0.7638633100000001
288.0 0.7668000899999999
289.0 0.7692705799999999
290.0 0.7724889699999999
291.0 0.7749357
292.0 0.77800613
293.0 0.7806444250000001
294.0 0.78339963
295.0 0.78624569
296.0 0.788707405
297.0 0.79137486
298.0 0.7942967900000001
299.0 0.7968559749999999
300.0 0.79984743
301.0 0.8024365849999999
302.0 0.80502952
303.0 0.8078360250000001
304.0 0.810529535
305.0 0.8132131899999999
306.0 0.8157957299999999
307.0 0.8186385500000001
308.0 0.8212056999999999
309.0 0.8242616850000001
310.0 0.82658354
311.0 0.829407055
312.0 0.832226385
313.0 0.8351560100000001
314.0 0.8377905250000001
315.0 0.84071988
316.0 0.84322304
317.0 0.84598054
318.0 0.84895998
319.0 0.8514785300000001
320.0 0.854296105
321.0 0.85712043
322.0 0.859814345
323.0 0.862676605
324.0 0.865327455
325.0 0.86792579
326.0 0.8710839699999999
327.0 0.8738902049999999
328.0 0.87644129
329.0 0.879201355
330.0 0.882108435
331.0 0.884804645
332.0 0.887588875
333.0 0.89058762
334.0 0.8932700600000001
335.0 0.89590336
336.0 0.8988227249999999
337.0 0.90164489
338.0 0.90436567
339.0 0.9071634000000001
340.0 0.910016345
341.0 0.9129812049999999
342.0 0.915692805
343.0 0.9186305300000001
344.0 0.921599575
345.0 0.92393817
346.0 0.9270380300000001
347.0 0.929899885
348.0 0.932839095
349.0 0.93569771
350.0 0.93857698
351.0 0.941059485
352.0 0.94419809
353.0 0.94700257
354.0 0.9498916949999999
355.0 0.952912985
356.0 0.955635385
357.0 0.958924515
358.0 0.96130874
359.0 0.96410863
360.0 0.967388445
361.0 0.97022222
362.0 0.97286632
363.0 0.97619649
364.0 0.9786416
365.0 0.98177305
366.0 0.9847871850000001
367.0 0.9876277099999999
368.0 0.990266275
369.0 0.99339813
370.0 0.996281315
371.0 0.99896524
372.0 1.0021979399999998
373.0 1.004989325
374.0 1.007768965
375.0 1.010671185
376.0 1.0136926099999999
377.0 1.0164391750000001
378.0 1.019634075
379.0 1.022188535
380.0 1.02498505
381.0 1.028045625
382.0 1.0309072099999999
383.0 1.033288465
384.0 1.03659582
385.0 1.039405835
386.0 1.042301575
387.0 1.045091745
388.0 1.048002065
389.0 1.0507787350000002
390.0 1.053626415
391.0 1.0564732849999998
392.0 1.05927682
393.0 1.0620912900000001
394.0 1.065343025
395.0 1.06790329
396.0 1.0707185700000001
397.0 1.074025925
398.0 1.076601445
399.0 1.0794944850000001
400.0 1.08236201
401.0 1.085349955
402.0 1.08798015
403.0 1.09094042
404.0 1.094002615
405.0 1.097080605
406.0 1.099626155
407.0 1.10260978
408.0 1.10572125
409.0 1.1083179650000001
410.0 1.11135856
411.0 1.11423594
412.0 1.117199585
413.0 1.1199581650000001
414.0 1.1232366299999998
415.0 1.1260208600000001
416.0 1.12902676
417.0 1.132192635
418.0 1.134996575
419.0 1.137941995
420.0 1.1405373600000002
421.0 1.1438727949999998
422.0 1.14665959
423.0 1.14951726
424.0 1.1527235
425.0 1.1556513700000002
426.0 1.158436005
427.0 1.161422195
428.0 1.16472118
429.0 1.167790125
430.0 1.170796835
431.0 1.1733472450000002
432.0 1.17698616
433.0 1.17954143
434.0 1.182735925
435.0 1.185767205
436.0 1.18918229
437.0 1.191676135
438.0 1.19478504
439.0 1.198217
440.0 1.2008557
441.0 1.20378924
442.0 1.2069404
443.0 1.21004593
444.0 1.213184535
445.0 1.21620947
446.0 1.219110745
447.0 1.222291875
448.0 1.225673615
449.0 1.228353625
450.0 1.231698105
451.0 1.2350316499999998
452.0 1.23734527
453.0 1.240590795
454.0 1.243550795
455.0 1.246580725
456.0 1.24940397
457.0 1.2521837450000002
458.0 1.2553831000000002
459.0 1.258565175
460.0 1.2617286200000002
461.0 1.26436192
462.0 1.2678685349999999
463.0 1.270934375
464.0 1.2737670700000001
465.0 1.276649715
466.0 1.27986581
467.0 1.282814065
468.0 1.28583333
469.0 1.28914784
470.0 1.29190075
471.0 1.2951537
472.0 1.297934825
473.0 1.3014043149999999
474.0 1.303896675
475.0 1.30678202
476.0 1.3102153300000001
477.0 1.31317668
478.0 1.3165406000000002
479.0 1.3191793
480.0 1.322592765
481.0 1.325725565
482.0 1.3281909250000001
483.0 1.332001155
484.0 1.334819
485.0 1.33768909
486.0 1.340724015
487.0 1.3439428100000002
488.0 1.347150535
489.0 1.35031371
490.0 1.353456905
491.0 1.356280285
492.0 1.35957495
493.0 1.36271828
494.0 1.3659639399999999
495.0 1.36896552
496.0 1.372394375
497.0 1.3755967
498.0 1.378533075
499.0 1.38140519
500.0 1.385347855
501.0 1.388088075
502.0 1.391106125
503.0 1.393981345
504.0 1.397951685
505.0 1.40171183
506.0 1.404060145
507.0 1.40733807
508.0 1.41054377
509.0 1.4136090700000001
510.0 1.416863775
511.0 1.4204813600000001
512.0 1.42325911
513.0 1.4266952549999998
514.0 1.42994186
515.0 1.43307817
516.0 1.436407665
517.0 1.439621465
518.0 1.44261427
519.0 1.4455420049999999
520.0 1.44916688
521.0 1.45245898
522.0 1.45551375
523.0 1.45887551
524.0 1.462053535
525.0 1.465143675
526.0 1.468347215
527.0 1.4714966200000001
528.0 1.4750583149999998
529.0 1.4783213899999998
530.0 1.4810581
531.0 1.48417848
532.0 1.487263625
533.0 1.4903431
534.0 1.494449655
535.0 1.497260885
536.0 1.499941165
537.0 1.503336135
538.0 1.50700286
539.0 1.5097507749999999
540.0 1.513121175
541.0 1.51634456
542.0 1.51993204
543.0 1.5230021999999999
544.0 1.5259670600000002
545.0 1.529112685
546.0 1.532681805
547.0 1.5358243249999999
548.0 1.53950374
549.0 1.54223532
550.0 1.54590056
551.0 1.54926178
552.0 1.55274018
553.0 1.5556179650000002
554.0 1.559019415
555.0 1.56191502
556.0 1.56514934
557.0 1.56916342
558.0 1.571655915
559.0 1.57537637
560.0 1.57878565
561.0 1.581983385
562.0 1.585386725
563.0 1.58850103
564.0 1.592216085
565.0 1.596240425
566.0 1.599067585
567.0 1.60268733
568.0 1.6058143249999999
569.0 1.60884277
570.0 1.6129822649999999
571.0 1.61622077
572.0 1.61940865
573.0 1.6226961599999998
574.0 1.626170915
575.0 1.62995779
576.0 1.633446855
577.0 1.63635704
578.0 1.64001445
579.0 1.64374341
580.0 1.6470369950000001
581.0 1.650056125
582.0 1.6535754299999998
583.0 1.657019945
584.0 1.660578535
585.0 1.663944615
586.0 1.66734053
587.0 1.670405155
588.0 1.6737517949999998
589.0 1.6771840249999999
590.0 1.68018655
591.0 1.6835495249999999
592.0 1.68762449
593.0 1.69142365
594.0 1.6937613
595.0 1.697571395
596.0 1.7013191200000002
597.0 1.70473677
598.0 1.70730986
599.0 1.71169978
600.0 1.7144509350000001
601.0 1.718744195
602.0 1.721619415
603.0 1.7254188449999999
604.0 1.728565415
605.0 1.7319859
606.0 1.7354537700000001
607.0 1.7388712849999999
608.0 1.742412595
609.0 1.7461403400000002
610.0 1.74926396
611.0 1.7530866100000002
612.0 1.75647672
613.0 1.760321375
614.0 1.7636045649999998
615.0 1.7668477949999999
616.0 1.771053035
617.0 1.7740093899999998
618.0 1.777762785
619.0 1.7813540449999998
620.0 1.785179665
621.0 1.78862094
622.0 1.79204048
623.0 1.7958405849999999
624.0 1.799000925
625.0 1.80329405
626.0 1.80620815
627.0 1.810513695
628.0 1.81407269
629.0 1.8170652250000001
630.0 1.820906235
631.0 1.82418497
632.0 1.8277693449999999
633.0 1.83166719
634.0 1.8352268600000001
635.0 1.8389024950000001
636.0 1.84197954
637.0 1.84566395
638.0 1.849319605
639.0 1.853650665
640.0 1.856516165
641.0 1.860255115
642.0 1.863462705
643.0 1.86743831
644.0 1.8712964650000001
645.0 1.875322425
646.0 1.87817024
647.0 1.88193214
648.0 1.885493565
649.0 1.889199575
650.0 1.89245023
651.0 1.89701187
652.0 1.9001462900000001
653.0 1.90370515
654.0 1.90695945
655.0 1.911340055
656.0 1.91441872
657.0 1.9181264850000002
658.0 1.92176297
659.0 1.92584293
660.0 1.929664635
661.0 1.9336959950000001
662.0 1.936662745
663.0 1.94126853
664.0 1.944318575
665.0 1.9479585700000002
666.0 1.952263845
667.0 1.955208185
668.0 1.958812945
669.0 1.96256877
670.0 1.96710476
671.0 1.97012659
672.0 1.9746828300000001
673.0 1.97815016
674.0 1.98190774
675.0 1.98552978
676.0 1.989626345
677.0 1.99323961
678.0 1.9977210600000002
679.0 2.001240095
680.0 2.0051534650000002
681.0 2.007852645
682.0 2.01244223
683.0 2.0163113200000002
684.0 2.019959955
685.0 2.02382864
686.0 2.0275746100000003
687.0 2.032141245
688.0 2.035491665
689.0 2.03908441
690.0 2.042601285
691.0 2.0470157749999998
692.0 2.05000318
693.0 2.054617605
694.0 2.0578824350000002
695.0 2.062058515
696.0 2.065526925
697.0 2.069447855
698.0 2.07349069
699.0 2.07732306
700.0 2.081438525
701.0 2.084972815
702.0 2.0893519350000003
703.0 2.093876585
704.0 2.097018565
705.0 2.1005166749999997
706.0 2.104269395
707.0 2.108383105
708.0 2.11199961
709.0 2.11672271
710.0 2.120323555
711.0 2.124154035
712.0 2.1281146549999996
713.0 2.13277579
714.0 2.13616131
715.0 2.1406306099999997
716.0 2.14344157
717.0 2.1483818849999996
718.0 2.1523034900000004
719.0 2.15605702
720.0 2.16044262
721.0 2.164643945
722.0 2.16780631
723.0 2.1714521099999997
724.0 2.17645547
725.0 2.179869745
726.0 2.18408835
727.0 2.1878958799999997
728.0 2.192531635
729.0 2.1960015299999998
730.0 2.2004029249999997
731.0 2.204546875
732.0 2.20791471
733.0 2.21334197
734.0 2.21677312
735.0 2.220956625
736.0 2.22500864
737.0 2.22895981
738.0 2.23289694
739.0 2.23678439
740.0 2.2414088050000003
741.0 2.245682355
742.0 2.2482813650000004
743.0 2.2537788250000004
744.0 2.25773796
745.0 2.2617814700000003
746.0 2.265763015
747.0 2.270129985
748.0 2.273626475
749.0 2.2779144700000002
750.0 2.28197823
751.0 2.285970035
752.0 2.290600795
753.0 2.29479915
754.0 2.299234835
755.0 2.30358061
756.0 2.30825322
757.0 2.310858305
758.0 2.31528913
759.0 2.3203470299999998
760.0 2.323859855
761.0 2.3288607850000003
762.0 2.3330799300000002
763.0 2.33791832
764.0 2.341826695
765.0 2.34519291
766.0 2.350272275
767.0 2.3547992200000003
768.0 2.3584544700000003
769.0 2.362406585
770.0 2.3671471
771.0 2.37145737
772.0 2.375619815
773.0 2.37917611
774.0 2.3838979950000003
775.0 2.388407795
776.0 2.3929038250000003
777.0 2.396114655
778.0 2.40044882
779.0 2.405740405
780.0 2.408994435
781.0 2.414348525
782.0 2.418552145
783.0 2.422615905
784.0 2.428219205
785.0 2.430783115
786.0 2.435465715
787.0 2.4396115550000004
788.0 2.4449165049999997
789.0 2.4494372400000004
790.0 2.45312273
791.0 2.45657575
792.0 2.46186288
793.0 2.467078325
794.0 2.47044832
795.0 2.474566215
796.0 2.479102745
797.0 2.483896585
798.0 2.4880387799999997
799.0 2.4938250049999997
800.0 2.499171805
801.0 2.501899065
802.0 2.50657856
803.0 2.511496465
804.0 2.5151028450000004
805.0 2.520177215
806.0 2.5249693
807.0 2.52940998
808.0 2.53375211
809.0 2.5385886099999997
810.0 2.541998565
811.0 2.5472362850000003
812.0 2.551292485
813.0 2.5553715
814.0 2.559811775
815.0 2.564999275
816.0 2.57067588
817.0 2.5747324849999997
818.0 2.57877991
819.0 2.5850223
820.0 2.587411115
821.0 2.594282875
822.0 2.59820934
823.0 2.60171582
824.0 2.60738824
825.0 2.61158511
826.0 2.616263795
827.0 2.62192933
828.0 2.62509966
829.0 2.62985624
830.0 2.6364682599999996
831.0 2.638926195
832.0 2.644062125
833.0 2.6489650449999997
834.0 2.6521995
835.0 2.658974195
836.0 2.66336236
837.0 2.6682450299999996
838.0 2.672756315
839.0 2.677193755
840.0 2.68135026
841.0 2.6855195899999997
842.0 2.69215429
843.0 2.69603364
844.0 2.701675145
845.0 2.706184945
846.0 2.7102415499999997
847.0 2.7160030699999997
848.0 2.72061952
849.0 2.72481342
850.0 2.7309845299999997
851.0 2.735122
852.0 2.73927135
853.0 2.745608915
854.0 2.7497885049999997
855.0 2.754873
856.0 2.759615
857.0 2.7646546749999996
858.0 2.768373645
859.0 2.774422715
860.0 2.7786634599999998
861.0 2.783975565
862.0 2.7886724750000003
863.0 2.7927798399999997
864.0 2.7984981600000003
865.0 2.8040646049999998
866.0 2.808679705
867.0 2.812860915
868.0 2.817873725
869.0 2.8226066800000003
870.0 2.82813249
871.0 2.83349441
872.0 2.838474685
873.0 2.843122725
874.0 2.849526575
875.0 2.853798505
876.0 2.85791289
877.0 2.862223025
878.0 2.8676898399999997
879.0 2.87311656
880.0 2.88022106
881.0 2.883464155
882.0 2.888233965
883.0 2.8943198900000002
884.0 2.8990365099999997
885.0 2.904196065
886.0 2.9093409049999996
887.0 2.9143155099999998
888.0 2.91956025
889.0 2.9244404900000003
890.0 2.9311360750000004
891.0 2.9355647400000002
892.0 2.941091225
893.0 2.946169645
894.0 2.95041255
895.0 2.95653506
896.0 2.9607816099999997
897.0 2.96649318
898.0 2.9718247250000003
899.0 2.97632089
900.0 2.98188882
901.0 2.98829321
902.0 2.99305789
903.0 2.9983560899999997
904.0 3.00161957
905.0 3.008373475
906.0 3.014699025
907.0 3.01877858
908.0 3.02498452
909.0 3.03129063
910.0 3.0344338250000003
911.0 3.04008667
912.0 3.045508665
913.0 3.051371435
914.0 3.057138085
915.0 3.0619463700000003
916.0 3.0668185099999996
917.0 3.0730140550000002
918.0 3.078138645
919.0 3.083352875
920.0 3.0904756
921.0 3.0936144750000003
922.0 3.1000562599999997
923.0 3.1059938199999997
924.0 3.1122939900000004
925.0 3.115753085
926.0 3.12090238
927.0 3.1281597000000003
928.0 3.134460545
929.0 3.139829215
930.0 3.1455125699999997
931.0 3.1487417599999996
932.0 3.154869535
933.0 3.161067105
934.0 3.16695863
935.0 3.17285677
936.0 3.17926656
937.0 3.1829717599999996
938.0 3.18936211
939.0 3.194086155
940.0 3.2004361400000003
941.0 3.20705977
942.0 3.21104577
943.0 3.2172292999999996
944.0 3.2233920400000002
945.0 3.2292957149999997
946.0 3.2353541
947.0 3.240538495
948.0 3.24623724
949.0 3.2522287999999997
950.0 3.25701265
951.0 3.26343864
952.0 3.2691880099999997
953.0 3.2744199249999997
954.0 3.2813738999999997
955.0 3.2854479199999997
956.0 3.29154964
957.0 3.2972950950000004
958.0 3.304072895
959.0 3.308848375
960.0 3.3160882799999998
961.0 3.32254802
962.0 3.3267968650000004
963.0 3.33422118
964.0 3.338026955
965.0 3.34449952
966.0 3.34924314
967.0 3.35705423
968.0 3.36276013
969.0 3.369561015
970.0 3.3736273399999996
971.0 3.3816476800000004
972.0 3.38653602
973.0 3.393131435
974.0 3.398859205
975.0 3.4038266549999996
976.0 3.40890548
977.0 3.417379285
978.0 3.4214688300000002
979.0 3.429578405
980.0 3.4359313599999997
981.0 3.440942145
982.0 3.44711852
983.0 3.452562115
984.0 3.4575338849999997
985.0 3.465947885
986.0 3.47195281
987.0 3.47750562
988.0 3.485310095
989.0 3.48882049
990.0 3.495325185
991.0 3.50371367
992.0 3.5094828849999997
993.0 3.5152547999999997
994.0 3.52164002
995.0 3.5285875150000003
996.0 3.5349547799999996
997.0 3.54194102
998.0 3.54918322
999.0 3.554020395
1000.0 3.559171985
