1.0 128.0
2.0 128.104
3.0 128.408
4.0 128.992
5.0 129.224
6.0 129.992
7.0 130.76
8.0 131.528
9.0 132.6
10.0 133.368
11.0 134.344
12.0 135.72
13.0 136.736
14.0 137.744
15.0 139.168
16.0 139.6
17.0 141.664
18.0 142.152
19.0 143.848
20.0 144.48
21.0 146.144
22.0 146.944
23.0 147.768
24.0 149.296
25.0 151.008
26.0 151.592
27.0 152.664
28.0 153.856
29.0 155.584
30.0 157.304
31.0 158.472
32.0 160.032
33.0 161.16
34.0 162.616
35.0 164.264
36.0 169.464
37.0 172.944
38.0 175.272
39.0 176.232
40.0 176.912
41.0 178.848
42.0 179.52
43.0 181.312
44.0 183.24
45.0 184.8
46.0 187.648
47.0 187.952
48.0 190.216
49.0 192.184
50.0 195.536
51.0 202.72
52.0 208.76
53.0 213.096
54.0 214.752
55.0 216.56
56.0 217.336
57.0 218.232
58.0 219.92
59.0 221.456
60.0 222.696
61.0 225.008
62.0 226.36
63.0 227.512
64.0 229.672
65.0 230.328
66.0 232.92
67.0 234.672
68.0 235.544
69.0 237.344
70.0 240.528
71.0 241.336
72.0 243.688
73.0 246.088
74.0 247.504
75.0 248.92
76.0 252.16
77.0 254.656
78.0 258.048
79.0 259.248
80.0 263.04
81.0 265.008
82.0 267.992
83.0 270.536
84.0 272.912
85.0 276.016
86.0 277.608
87.0 279.72
88.0 282.072
89.0 285.736
90.0 287.472
91.0 290.664
92.0 294.496
93.0 297.888
94.0 301.992
95.0 309.192
96.0 313.624
97.0 318.008
98.0 324.24
99.0 328.968
100.0 333.088
101.0 336.6
102.0 339.768
103.0 342.184
104.0 344.712
105.0 347.816
106.0 349.048
107.0 351.32
108.0 352.808
109.0 354.168
110.0 356.992
111.0 358.344
112.0 360.272
113.0 361.848
114.0 362.264
115.0 365.4
116.0 366.672
117.0 368.856
118.0 369.976
119.0 372.648
120.0 374.192
121.0 376.864
122.0 378.256
123.0 381.288
124.0 383.256
125.0 385.52
126.0 387.68
127.0 390.072
128.0 392.688
129.0 395.264
130.0 397.984
131.0 399.872
132.0 403.464
133.0 405.848
134.0 409.384
135.0 411.952
136.0 414.928
137.0 420.104
138.0 421.696
139.0 427.0
140.0 429.864
141.0 433.544
142.0 436.976
143.0 442.992
144.0 446.864
145.0 451.872
146.0 456.2
147.0 460.416
148.0 465.656
149.0 469.712
150.0 475.16
151.0 481.08
152.0 483.696
153.0 487.08
154.0 492.336
155.0 496.888
156.0 501.616
157.0 504.96
158.0 509.576
159.0 513.032
160.0 517.056
161.0 519.512
162.0 522.856
163.0 527.936
164.0 531.448
165.0 535.232
166.0 538.752
167.0 543.488
168.0 548.744
169.0 551.12
170.0 555.512
171.0 560.712
172.0 563.68
173.0 567.872
174.0 571.584
175.0 576.104
176.0 580.4
177.0 585.248
178.0 587.368
179.0 590.6
180.0 594.08
181.0 596.336
182.0 597.552
183.0 600.096
184.0 602.68
185.0 605.776
186.0 606.504
187.0 608.64
188.0 609.8
189.0 611.728
190.0 613.688
191.0 615.464
192.0 617.248
193.0 618.84
194.0 619.784
195.0 622.24
196.0 623.384
197.0 625.832
198.0 627.032
199.0 628.456
200.0 630.208
201.0 633.08
202.0 634.352
203.0 636.128
204.0 638.8
205.0 640.448
206.0 642.272
207.0 645.656
208.0 647.024
209.0 650.608
210.0 651.128
211.0 655.656
212.0 657.296
213.0 660.16
214.0 662.64
215.0 666.216
216.0 668.816
217.0 671.864
218.0 676.552
219.0 677.76
220.0 680.0
221.0 684.32
222.0 687.536
223.0 691.208
224.0 692.96
225.0 698.448
226.0 699.864
227.0 703.32
228.0 707.248
229.0 711.568
230.0 714.776
231.0 718.248
232.0 723.208
233.0 727.784
234.0 732.232
235.0 736.2
236.0 739.424
237.0 742.144
238.0 749.288
239.0 753.96
240.0 757.872
241.0 763.784
242.0 769.376
243.0 773.88
244.0 777.776
245.0 783.6
246.0 786.744
247.0 791.368
248.0 796.024
249.0 798.664
250.0 802.224
251.0 807.032
252.0 811.52
253.0 812.096
254.0 817.624
255.0 821.064
256.0 824.584
257.0 827.952
258.0 829.16
259.0 833.8
260.0 838.28
261.0 840.832
262.0 842.36
263.0 846.176
264.0 848.4
265.0 851.656
266.0 853.696
267.0 854.744
268.0 857.216
269.0 860.88
270.0 860.832
271.0 864.888
272.0 866.84
273.0 867.608
274.0 870.272
275.0 872.416
276.0 872.952
277.0 875.496
278.0 878.256
279.0 879.52
280.0 880.248
281.0 882.2
282.0 885.368
283.0 888.536
284.0 889.664
285.0 890.936
286.0 893.224
287.0 895.496
288.0 897.728
289.0 901.456
290.0 901.376
291.0 905.288
292.0 907.472
293.0 908.32
294.0 910.816
295.0 915.848
296.0 918.76
297.0 920.6
298.0 923.208
299.0 928.288
300.0 927.68
301.0 932.768
302.0 935.336
303.0 936.992
304.0 942.024
305.0 943.592
306.0 948.44
307.0 952.928
308.0 955.584
309.0 959.0
310.0 963.52
311.0 967.904
312.0 970.6
313.0 976.736
314.0 978.984
315.0 981.192
316.0 986.048
317.0 990.76
318.0 995.816
319.0 999.936
320.0 1005.656
321.0 1008.728
322.0 1015.08
323.0 1019.336
324.0 1020.912
325.0 1027.832
326.0 1033.792
327.0 1038.24
328.0 1040.36
329.0 1044.336
330.0 1048.456
331.0 1052.04
332.0 1057.632
333.0 1063.32
334.0 1066.368
335.0 1071.272
336.0 1072.024
337.0 1076.232
338.0 1080.688
339.0 1083.088
340.0 1086.624
341.0 1088.176
342.0 1092.888
343.0 1096.56
344.0 1098.6
345.0 1100.768
346.0 1104.04
347.0 1106.472
348.0 1108.792
349.0 1113.472
350.0 1115.032
351.0 1117.04
352.0 1120.424
353.0 1120.128
354.0 1123.152
355.0 1126.136
356.0 1127.456
357.0 1131.232
358.0 1131.984
359.0 1133.968
360.0 1137.416
361.0 1138.784
362.0 1140.976
363.0 1142.448
364.0 1145.584
365.0 1147.68
366.0 1148.208
367.0 1152.296
368.0 1154.176
369.0 1156.712
370.0 1159.696
371.0 1162.384
372.0 1165.856
373.0 1167.632
374.0 1170.088
375.0 1174.832
376.0 1174.472
377.0 1179.44
378.0 1182.704
379.0 1184.136
380.0 1189.032
381.0 1190.632
382.0 1196.288
383.0 1199.144
384.0 1203.904
385.0 1206.488
386.0 1209.872
387.0 1213.552
388.0 1218.144
389.0 1222.216
390.0 1226.8
391.0 1230.176
392.0 1234.936
393.0 1239.712
394.0 1244.52
395.0 1246.408
396.0 1255.608
397.0 1258.544
398.0 1260.032
399.0 1266.664
400.0 1271.184
401.0 1276.36
402.0 1281.696
403.0 1286.456
404.0 1291.176
405.0 1294.912
406.0 1297.472
407.0 1305.312
408.0 1305.888
409.0 1311.248
410.0 1315.816
411.0 1322.696
412.0 1324.168
413.0 1329.096
414.0 1331.536
415.0 1336.072
416.0 1339.328
417.0 1342.96
418.0 1348.504
419.0 1350.584
420.0 1352.712
421.0 1357.816
422.0 1360.472
423.0 1363.312
424.0 1366.968
425.0 1368.6
426.0 1372.64
427.0 1373.784
428.0 1377.976
429.0 1378.92
430.0 1381.176
431.0 1383.496
432.0 1387.96
433.0 1388.384
434.0 1391.152
435.0 1393.928
436.0 1398.064
437.0 1399.992
438.0 1402.728
439.0 1404.216
440.0 1406.832
441.0 1410.528
442.0 1411.448
443.0 1416.64
444.0 1417.608
445.0 1420.232
446.0 1426.936
447.0 1425.952
448.0 1429.688
449.0 1433.808
450.0 1436.904
451.0 1439.72
452.0 1445.104
453.0 1447.448
454.0 1451.904
455.0 1453.344
456.0 1461.192
457.0 1463.448
458.0 1467.76
459.0 1469.8
460.0 1478.384
461.0 1481.032
462.0 1484.176
463.0 1491.032
464.0 1493.456
465.0 1498.328
466.0 1503.992
467.0 1512.032
468.0 1513.48
469.0 1521.176
470.0 1522.68
471.0 1527.256
472.0 1533.984
473.0 1537.352
474.0 1543.568
475.0 1546.976
476.0 1553.416
477.0 1558.48
478.0 1563.056
479.0 1568.416
480.0 1571.592
481.0 1577.104
482.0 1579.624
483.0 1584.0
484.0 1591.336
485.0 1593.064
486.0 1597.36
487.0 1600.136
488.0 1605.28
489.0 1609.624
490.0 1613.44
491.0 1617.312
492.0 1618.128
493.0 1620.672
494.0 1624.72
495.0 1628.896
496.0 1630.056
497.0 1634.144
498.0 1636.496
499.0 1640.872
500.0 1641.256
501.0 1646.016
502.0 1649.944
503.0 1651.736
504.0 1653.936
505.0 1657.144
506.0 1661.68
507.0 1666.008
508.0 1667.616
509.0 1669.808
510.0 1671.792
511.0 1677.52
512.0 1680.776
513.0 1685.52
514.0 1690.08
515.0 1690.76
516.0 1694.8
517.0 1700.384
518.0 1702.688
519.0 1708.136
520.0 1711.216
521.0 1718.376
522.0 1723.384
523.0 1724.824
524.0 1730.08
525.0 1735.04
526.0 1741.544
527.0 1745.144
528.0 1749.984
529.0 1753.136
530.0 1757.416
531.0 1765.232
532.0 1773.32
533.0 1777.936
534.0 1782.984
535.0 1786.64
536.0 1791.72
537.0 1800.256
538.0 1804.272
539.0 1808.776
540.0 1813.032
541.0 1820.48
542.0 1825.448
543.0 1828.776
544.0 1833.872
545.0 1837.728
546.0 1841.528
547.0 1845.488
548.0 1851.184
549.0 1856.776
550.0 1861.512
551.0 1862.808
552.0 1868.528
553.0 1872.656
554.0 1877.056
555.0 1879.24
556.0 1883.328
557.0 1887.408
558.0 1891.128
559.0 1895.04
560.0 1896.84
561.0 1903.624
562.0 1905.8
563.0 1907.448
564.0 1911.528
565.0 1913.448
566.0 1917.832
567.0 1922.936
568.0 1925.056
569.0 1929.112
570.0 1933.064
571.0 1937.4
572.0 1940.536
573.0 1943.832
574.0 1949.04
575.0 1952.968
576.0 1956.872
577.0 1962.512
578.0 1966.8
579.0 1974.456
580.0 1976.832
581.0 1980.792
582.0 1988.304
583.0 1994.736
584.0 1995.776
585.0 2001.752
586.0 2009.208
587.0 2014.672
588.0 2020.16
589.0 2024.504
590.0 2030.632
591.0 2039.12
592.0 2043.728
593.0 2048.088
594.0 2056.056
595.0 2061.56
596.0 2065.048
597.0 2072.144
598.0 2075.128
599.0 2086.536
600.0 2086.384
601.0 2090.528
602.0 2100.632
603.0 2101.336
604.0 2107.264
605.0 2113.44
606.0 2120.128
607.0 2119.136
608.0 2126.776
609.0 2130.072
610.0 2132.752
611.0 2139.488
612.0 2144.384
613.0 2147.488
614.0 2152.696
615.0 2157.192
616.0 2159.992
617.0 2163.312
618.0 2167.696
619.0 2170.592
620.0 2176.544
621.0 2181.592
622.0 2184.568
623.0 2188.688
624.0 2192.56
625.0 2195.616
626.0 2202.496
627.0 2205.608
628.0 2211.464
629.0 2217.76
630.0 2220.688
631.0 2225.824
632.0 2234.0
633.0 2237.856
634.0 2245.944
635.0 2249.04
636.0 2254.696
637.0 2260.904
638.0 2265.792
639.0 2273.344
640.0 2279.552
641.0 2285.92
642.0 2289.848
643.0 2300.36
644.0 2306.296
645.0 2310.056
646.0 2314.64
647.0 2321.016
648.0 2328.52
649.0 2332.416
650.0 2342.368
651.0 2345.816
652.0 2353.216
653.0 2359.424
654.0 2360.184
655.0 2368.432
656.0 2374.6
657.0 2379.952
658.0 2382.88
659.0 2389.216
660.0 2396.832
661.0 2399.648
662.0 2402.88
663.0 2408.328
664.0 2412.344
665.0 2416.528
666.0 2423.328
667.0 2428.128
668.0 2431.368
669.0 2439.0
670.0 2442.488
671.0 2445.808
672.0 2451.216
673.0 2456.784
674.0 2462.624
675.0 2466.688
676.0 2474.128
677.0 2477.728
678.0 2486.744
679.0 2492.12
680.0 2498.184
681.0 2502.984
682.0 2507.704
683.0 2516.296
684.0 2520.912
685.0 2530.176
686.0 2534.664
687.0 2540.592
688.0 2553.992
689.0 2554.616
690.0 2559.952
691.0 2568.736
692.0 2573.28
693.0 2582.816
694.0 2584.592
695.0 2596.104
696.0 2597.576
697.0 2606.856
698.0 2610.968
699.0 2616.744
700.0 2627.056
701.0 2627.456
702.0 2637.424
703.0 2640.712
704.0 2645.168
705.0 2653.528
706.0 2656.744
707.0 2663.648
708.0 2669.96
709.0 2673.472
710.0 2678.544
711.0 2687.552
712.0 2688.888
713.0 2697.272
714.0 2700.568
715.0 2706.344
716.0 2715.464
717.0 2721.464
718.0 2729.064
719.0 2733.816
720.0 2741.416
721.0 2748.968
722.0 2751.896
723.0 2757.04
724.0 2763.4
725.0 2771.184
726.0 2779.416
727.0 2787.752
728.0 2793.176
729.0 2800.456
730.0 2809.624
731.0 2810.096
732.0 2819.432
733.0 2827.52
734.0 2834.52
735.0 2840.144
736.0 2849.264
737.0 2859.576
738.0 2865.512
739.0 2869.272
740.0 2875.224
741.0 2884.792
742.0 2890.192
743.0 2896.872
744.0 2903.944
745.0 2908.064
746.0 2918.944
747.0 2918.832
748.0 2925.824
749.0 2934.856
750.0 2936.536
751.0 2946.512
752.0 2950.112
753.0 2955.656
754.0 2965.464
755.0 2968.536
756.0 2980.168
757.0 2985.184
758.0 2993.504
759.0 2995.416
760.0 3003.856
761.0 3011.824
762.0 3020.48
763.0 3025.912
764.0 3034.192
765.0 3043.072
766.0 3053.024
767.0 3055.272
768.0 3063.816
769.0 3076.592
770.0 3078.312
771.0 3085.608
772.0 3094.832
773.0 3103.128
774.0 3109.768
775.0 3116.312
776.0 3126.024
777.0 3131.12
778.0 3138.888
779.0 3146.92
780.0 3152.72
781.0 3160.52
782.0 3167.12
783.0 3173.048
784.0 3181.264
785.0 3188.8
786.0 3193.848
787.0 3200.832
788.0 3210.44
789.0 3214.464
790.0 3227.52
791.0 3230.744
792.0 3237.896
793.0 3240.856
794.0 3255.392
795.0 3260.456
796.0 3266.376
797.0 3274.32
798.0 3286.808
799.0 3290.448
800.0 3301.144
801.0 3306.408
802.0 3315.704
803.0 3323.96
804.0 3330.256
805.0 3340.992
806.0 3349.832
807.0 3353.656
808.0 3360.152
809.0 3371.832
810.0 3381.928
811.0 3389.056
812.0 3398.952
813.0 3401.16
814.0 3411.488
815.0 3420.24
816.0 3427.496
817.0 3431.496
818.0 3441.144
819.0 3451.664
820.0 3457.448
821.0 3465.032
822.0 3473.448
823.0 3478.344
824.0 3489.144
825.0 3499.792
826.0 3505.928
827.0 3514.968
828.0 3523.728
829.0 3533.32
830.0 3540.16
831.0 3551.136
832.0 3556.968
833.0 3564.664
834.0 3572.576
835.0 3585.192
836.0 3589.36
837.0 3597.6
838.0 3606.88
839.0 3618.616
840.0 3626.472
841.0 3635.328
842.0 3641.488
843.0 3650.744
844.0 3658.912
845.0 3665.28
846.0 3676.016
847.0 3686.344
848.0 3693.216
849.0 3702.88
850.0 3708.296
851.0 3722.76
852.0 3723.008
853.0 3739.2
854.0 3747.976
855.0 3755.552
856.0 3764.728
857.0 3769.0
858.0 3778.92
859.0 3788.424
860.0 3799.616
861.0 3810.584
862.0 3818.552
863.0 3823.216
864.0 3832.288
865.0 3844.696
866.0 3855.488
867.0 3865.216
868.0 3870.352
869.0 3881.112
870.0 3891.936
871.0 3903.544
872.0 3908.824
873.0 3917.48
874.0 3929.888
875.0 3936.848
876.0 3943.72
877.0 3953.84
878.0 3963.76
879.0 3977.08
880.0 3976.288
881.0 3992.44
882.0 4001.008
883.0 4008.744
884.0 4021.064
885.0 4027.88
886.0 4037.736
887.0 4046.424
888.0 4057.08
889.0 4069.76
890.0 4079.008
891.0 4089.608
892.0 4098.4
893.0 4110.712
894.0 4112.888
895.0 4129.976
896.0 4134.472
897.0 4151.296
898.0 4157.24
899.0 4174.912
900.0 4177.8
901.0 4191.352
902.0 4198.16
903.0 4206.168
904.0 4218.008
905.0 4225.408
906.0 4238.88
907.0 4249.608
908.0 4257.864
909.0 4262.472
910.0 4279.432
911.0 4288.336
912.0 4294.232
913.0 4313.784
914.0 4318.744
915.0 4329.208
916.0 4337.464
917.0 4347.568
918.0 4364.552
919.0 4371.856
920.0 4384.768
921.0 4395.312
922.0 4408.472
923.0 4418.776
924.0 4423.656
925.0 4441.88
926.0 4443.712
927.0 4456.08
928.0 4469.128
929.0 4475.408
930.0 4489.44
931.0 4503.04
932.0 4513.936
933.0 4522.352
934.0 4533.032
935.0 4540.984
936.0 4555.488
937.0 4561.816
938.0 4571.512
939.0 4590.944
940.0 4597.608
941.0 4606.288
942.0 4623.584
943.0 4630.888
944.0 4646.144
945.0 4657.888
946.0 4670.752
947.0 4679.192
948.0 4686.968
949.0 4699.856
950.0 4715.328
951.0 4726.624
952.0 4736.208
953.0 4750.368
954.0 4759.84
955.0 4765.592
956.0 4784.256
957.0 4798.4
958.0 4805.424
959.0 4810.256
960.0 4829.584
961.0 4840.76
962.0 4851.656
963.0 4862.104
964.0 4875.28
965.0 4884.848
966.0 4898.88
967.0 4910.352
968.0 4929.688
969.0 4936.024
970.0 4948.904
971.0 4958.808
972.0 4975.64
973.0 4985.608
974.0 4994.712
975.0 5003.68
976.0 5020.04
977.0 5030.64
978.0 5045.288
979.0 5064.728
980.0 5071.32
981.0 5081.744
982.0 5093.088
983.0 5111.296
984.0 5123.352
985.0 5133.184
986.0 5149.792
987.0 5160.24
988.0 5175.216
989.0 5184.912
990.0 5195.576
991.0 5204.128
992.0 5226.528
993.0 5238.624
994.0 5263.328
995.0 5254.64
996.0 5284.12
997.0 5291.0
998.0 5296.944
999.0 5317.784
1000.0 5324.968
