1.0 0.0065645
2.0 0.008818213750000001
3.0 0.01108752
4.0 0.0133728575
5.0 0.015656575000000002
6.0 0.01795848375
7.0 0.0202606625
8.0 0.022594633750000002
9.0 0.024910177500000002
10.0 0.02724603875
11.0 0.02960400625
12.0 0.0319653825
13.0 0.0343419125
14.0 0.03674453125
15.0 0.0391337175
16.0 0.04155206375
17.0 0.044016309999999996
18.0 0.0464342175
19.0 0.048868223749999995
20.0 0.051302230000000004
21.0 0.05384754375
22.0 0.05632167875
23.0 0.058812857499999996
24.0 0.0612829425
25.0 0.063813035
26.0 0.06629344749999999
27.0 0.06888358125
28.0 0.07140915125
29.0 0.07397498500000001
30.0 0.0765208725
31.0 0.07904445125
32.0 0.08165500375000001
33.0 0.08418982124999999
34.0 0.08672531375
35.0 0.08930144125
36.0 0.0918692325
37.0 0.09449055125
38.0 0.0971037025
39.0 0.099797415
40.0 0.10240239875
41.0 0.1050183175
42.0 0.1077253275
43.0 0.11029831625
44.0 0.11306044
45.0 0.11556994500000001
46.0 0.11818178
47.0 0.12102382375
48.0 0.12354196875
49.0 0.126187655
50.0 0.12889189750000002
51.0 0.13162155374999998
52.0 0.13414631375
53.0 0.13704252625
54.0 0.139630095
55.0 0.14252323625
56.0 0.1449517075
57.0 0.14769948749999998
58.0 0.15037041875
59.0 0.1530985225
60.0 0.15586297500000001
61.0 0.15854760875
62.0 0.16136366500000002
63.0 0.16397074125
64.0 0.16657569125
65.0 0.1694056525
66.0 0.172079385
67.0 0.1747359725
68.0 0.17760602875
69.0 0.18016710375
70.0 0.182942255
71.0 0.18581858874999999
72.0 0.18846430875
73.0 0.19107627875
74.0 0.19391808624999998
75.0 0.19658088375000002
76.0 0.19940547875
77.0 0.20211151000000002
78.0 0.20488065375
79.0 0.20743362875000002
80.0 0.2102930875
81.0 0.212908905
82.0 0.2157347825
83.0 0.21854057875
84.0 0.22130844
85.0 0.22401818375
86.0 0.2268533425
87.0 0.22950186374999998
88.0 0.23234741750000001
89.0 0.23502844
90.0 0.237637305
91.0 0.24041967875
92.0 0.243380995
93.0 0.24605894625000002
94.0 0.24879045875
95.0 0.2514918325
96.0 0.2543257425
97.0 0.2570747375
98.0 0.25966331875
99.0 0.26257937625
100.0 0.26522968625000004
101.0 0.26801634625
102.0 0.27074256
103.0 0.273473465
104.0 0.27635553625
105.0 0.27918667875000003
106.0 0.281804285
107.0 0.28448827750000005
108.0 0.28733356125000004
109.0 0.29008775374999995
110.0 0.2928417775
111.0 0.29550521625
112.0 0.29840959625
113.0 0.30104755375000003
114.0 0.30368719875
115.0 0.30649923875
116.0 0.30928468375
117.0 0.31206142125
118.0 0.3147135875
119.0 0.3174960625
120.0 0.32039676375
121.0 0.32323296875
122.0 0.32606559625
123.0 0.32867128875
124.0 0.33121056125000004
125.0 0.33397224625000005
126.0 0.33656453999999997
127.0 0.3395933225
128.0 0.34222793874999996
129.0 0.34502263125
130.0 0.34768900625
131.0 0.35053405375
132.0 0.35320846125
133.0 0.355850705
134.0 0.35882039125
135.0 0.36140529375
136.0 0.3641028875
137.0 0.36685519
138.0 0.369627135
139.0 0.37254842375
140.0 0.37520545
141.0 0.37801819875
142.0 0.3805301
143.0 0.38336181625
144.0 0.38620521
145.0 0.38879659250000004
146.0 0.3914691775
147.0 0.3944889825
148.0 0.397005575
149.0 0.39966685375
150.0 0.40250258625
151.0 0.40517078375
152.0 0.40800567249999997
153.0 0.41069152124999997
154.0 0.41325327125
155.0 0.41602592499999996
156.0 0.418673535
157.0 0.42153140749999995
158.0 0.42429737874999995
159.0 0.42712055625
160.0 0.42980130875
161.0 0.43244824375
162.0 0.43505818874999996
163.0 0.43775331874999995
164.0 0.440522395
165.0 0.44339879625
166.0 0.44605524875
167.0 0.44877825624999995
168.0 0.45155080875000003
169.0 0.45435596375
170.0 0.456804955
171.0 0.45983505375
172.0 0.46247517125000004
173.0 0.46498592499999997
174.0 0.4673266125
175.0 0.4703897525
176.0 0.47302554999999996
177.0 0.47595801
178.0 0.47850467375
179.0 0.4811635225
180.0 0.48410934749999995
181.0 0.48669229249999996
182.0 0.48932616625
183.0 0.49219261125
184.0 0.49496323999999997
185.0 0.49764362125
186.0 0.5002654799999999
187.0 0.503256935
188.0 0.50570700625
189.0 0.50818748625
190.0 0.51116075
191.0 0.513697525
192.0 0.51665060625
193.0 0.51926986625
194.0 0.52170458125
195.0 0.5244493575
196.0 0.5270850537499999
197.0 0.53013061
198.0 0.53254497375
199.0 0.53532339875
200.0 0.53777201875
201.0 0.5405276962500001
202.0 0.543374465
203.0 0.54624668125
204.0 0.5487834225
205.0 0.551180675
206.0 0.5540597425
207.0 0.55686121875
208.0 0.5595468987500001
209.0 0.5618539037500001
210.0 0.56464096875
211.0 0.5673320825
212.0 0.57019295875
213.0 0.57287971875
214.0 0.5756511912500001
215.0 0.5782500662500001
216.0 0.58089214125
217.0 0.5834279375
218.0 0.58625884375
219.0 0.5889618375
220.0 0.59134737875
221.0 0.59430143875
222.0 0.59685924
223.0 0.59958943625
224.0 0.60252263875
225.0 0.6050412225
226.0 0.60773881625
227.0 0.61036678375
228.0 0.61285101
229.0 0.6157032800000001
230.0 0.6183819399999999
231.0 0.62098368375
232.0 0.62358370625
233.0 0.6263464375
234.0 0.62900002125
235.0 0.6318901925
236.0 0.6344185975000001
237.0 0.6372410325
238.0 0.6398177675
239.0 0.64235326
240.0 0.6449625637499999
241.0 0.64782347375
242.0 0.65041735375
243.0 0.653116365
244.0 0.6558126762500001
245.0 0.6583931574999999
246.0 0.66085490625
247.0 0.66350278625
248.0 0.66619865875
249.0 0.66896405625
250.0 0.67160633375
251.0 0.67432762
252.0 0.67717391625
253.0 0.67945392125
254.0 0.68220727
255.0 0.6850383787500001
256.0 0.68765048375
257.0 0.6903340375
258.0 0.69286926
259.0 0.6954385024999999
260.0 0.69815769625
261.0 0.70062123375
262.0 0.7034960487499999
263.0 0.7063246262499999
264.0 0.7086453
265.0 0.71133897875
266.0 0.71417950375
267.0 0.7168396012499999
268.0 0.7191967925
269.0 0.72219732625
270.0 0.7250103787500001
271.0 0.727265105
272.0 0.73013543125
273.0 0.7327665037500001
274.0 0.73568728625
275.0 0.73801001875
276.0 0.74051783625
277.0 0.7436512774999999
278.0 0.746338915
279.0 0.74851453125
280.0 0.751301765
281.0 0.7540050625
282.0 0.7564702875
283.0 0.7592704475000001
284.0 0.7620241
285.0 0.76456036875
286.0 0.76767359375
287.0 0.76991701375
288.0 0.77284242
289.0 0.7753517225000001
290.0 0.7781081424999999
291.0 0.7805170725
292.0 0.78342611
293.0 0.785785225
294.0 0.7885906500000001
295.0 0.79170444875
296.0 0.7941767275
297.0 0.7968519449999999
298.0 0.79958443625
299.0 0.80189744875
300.0 0.8046522825
301.0 0.80739503375
302.0 0.81015300625
303.0 0.8130452362499999
304.0 0.81555086
305.0 0.81800457625
306.0 0.8210441925
307.0 0.82358073125
308.0 0.8260259425
309.0 0.82875411375
310.0 0.83156936
311.0 0.83422976125
312.0 0.83686447875
313.0 0.83964378125
314.0 0.8425697612499999
315.0 0.84511143
316.0 0.84758472125
317.0 0.85068410875
318.0 0.8531197687500001
319.0 0.8561030224999999
320.0 0.8584442837499999
321.0 0.8615478225000001
322.0 0.86456631125
323.0 0.8668022049999999
324.0 0.86978768625
325.0 0.87207997625
326.0 0.875185
327.0 0.8775053025
328.0 0.8805180537499999
329.0 0.8833816975000001
330.0 0.886116585
331.0 0.88869848375
332.0 0.8912424137499999
333.0 0.89399896875
334.0 0.8968709825000001
335.0 0.90020577625
336.0 0.902927535
337.0 0.90547257875
338.0 0.9078630475
339.0 0.911017245
340.0 0.91334527625
341.0 0.91628799625
342.0 0.91881052875
343.0 0.92161534625
344.0 0.92452080625
345.0 0.9281150024999999
346.0 0.9298365125
347.0 0.9330246624999999
348.0 0.936024555
349.0 0.93849744125
350.0 0.94179001375
351.0 0.94436168625
352.0 0.9467787162500001
353.0 0.9497339575
354.0 0.95311849875
355.0 0.95524926125
356.0 0.95784489625
357.0 0.9613008525000001
358.0 0.9643189025
359.0 0.966260395
360.0 0.9688585949999999
361.0 0.9722942
362.0 0.97504329625
363.0 0.9780665775
364.0 0.9807359225
365.0 0.9831570024999999
366.0 0.98640458625
367.0 0.98948642375
368.0 0.991611955
369.0 0.9948386812500001
370.0 0.9976922675
371.0 1.0008509537499999
372.0 1.0032227925
373.0 1.0060102625
374.0 1.0086904075
375.0 1.0116248925
376.0 1.0141628825
377.0 1.0175137075
378.0 1.0198580400000001
379.0 1.02241385
380.0 1.025343205
381.0 1.0281900075
382.0 1.03165079
383.0 1.03468315
384.0 1.03757754
385.0 1.03975437125
386.0 1.0425907112500001
387.0 1.04515695
388.0 1.0484693675
389.0 1.0511218037499999
390.0 1.05377987625
391.0 1.05650612375
392.0 1.05931948
393.0 1.06271610375
394.0 1.0660994975
395.0 1.0681042375
396.0 1.0709272125
397.0 1.073869595
398.0 1.076504785
399.0 1.0796615137499999
400.0 1.08251007125
401.0 1.08591179125
402.0 1.0881827175
403.0 1.0917486650000001
404.0 1.09365340375
405.0 1.0965283875
406.0 1.0995309125000001
407.0 1.102066405
408.0 1.10531598
409.0 1.10862316625
410.0 1.1104789
411.0 1.1136125774999999
412.0 1.11718004375
413.0 1.1191061125000001
414.0 1.1218983075000002
415.0 1.1253098825
416.0 1.1273352775
417.0 1.130217315
418.0 1.13324376875
419.0 1.1359183449999999
420.0 1.138860255
421.0 1.14164134625
422.0 1.1446453225
423.0 1.14822163125
424.0 1.1505554337500001
425.0 1.15292865625
426.0 1.1561702324999998
427.0 1.15907417375
428.0 1.16129450875
429.0 1.16475151125
430.0 1.16755430375
431.0 1.1701366075
432.0 1.1731367025
433.0 1.17592737875
434.0 1.1788255487500001
435.0 1.1813875349999998
436.0 1.1849517275
437.0 1.18726963375
438.0 1.1901824512499999
439.0 1.192367045
440.0 1.19547652375
441.0 1.1988346725
442.0 1.2014670275000001
443.0 1.20347207125
444.0 1.2068143574999999
445.0 1.2100509725
446.0 1.21134595
447.0 1.2158917275
448.0 1.2181174625
449.0 1.220508505
450.0 1.223642385
451.0 1.226123135
452.0 1.2292393975
453.0 1.2325495874999999
454.0 1.23464845625
455.0 1.2374371075
456.0 1.240123935
457.0 1.24307910875
458.0 1.24598861875
459.0 1.24908156
460.0 1.2514658525
461.0 1.2546016899999999
462.0 1.257469485
463.0 1.2600843575
464.0 1.2629319025
465.0 1.2656819099999999
466.0 1.2680508799999999
467.0 1.27138621375
468.0 1.27369915875
469.0 1.2758122024999998
470.0 1.279822435
471.0 1.28241405375
472.0 1.2845975
473.0 1.2875321875
474.0 1.29048277125
475.0 1.29329255
476.0 1.29575227375
477.0 1.298916495
478.0 1.3015151
479.0 1.30447904875
480.0 1.3068782925
481.0 1.3094265425
482.0 1.3122636925
483.0 1.3147729612499999
484.0 1.31781834875
485.0 1.3209199637500002
486.0 1.3232997
487.0 1.32621221375
488.0 1.329231175
489.0 1.33197682875
490.0 1.33461455
491.0 1.33732645375
492.0 1.3405227375
493.0 1.3431424025
494.0 1.3457006087499999
495.0 1.34810602875
496.0 1.35079157375
497.0 1.35394286875
498.0 1.3568267962499998
499.0 1.3590318087500002
500.0 1.361774155
501.0 1.36435659375
502.0 1.36782034625
503.0 1.37001462625
504.0 1.37298681
505.0 1.37531585375
506.0 1.3786893925
507.0 1.38095120625
508.0 1.3834659762500001
509.0 1.38672452875
510.0 1.3893100725
511.0 1.392166865
512.0 1.3942698175
513.0 1.3973464575
514.0 1.40044162625
515.0 1.40320391875
516.0 1.40559594
517.0 1.40847078875
518.0 1.4111425974999998
519.0 1.413471
520.0 1.41647987
521.0 1.41892035625
522.0 1.42182709875
523.0 1.42514079875
524.0 1.4271700075
525.0 1.4302352062500001
526.0 1.4323933400000002
527.0 1.4355349825
528.0 1.4379988237499999
529.0 1.44095855375
530.0 1.4439948287500002
531.0 1.44666268875
532.0 1.44869820875
533.0 1.45182905125
534.0 1.45411337625
535.0 1.45667397875
536.0 1.45960326625
537.0 1.4624825362499998
538.0 1.4652540425
539.0 1.4677129899999999
540.0 1.470526245
541.0 1.4733320075
542.0 1.4754969924999999
543.0 1.47848456625
544.0 1.4818220262500001
545.0 1.48396493875
546.0 1.4866974637500001
547.0 1.4894876000000001
548.0 1.4918436775
549.0 1.4945743125
550.0 1.4971515874999999
551.0 1.5001630225
552.0 1.50307627875
553.0 1.50506603375
554.0 1.50871379125
555.0 1.51098745125
556.0 1.51388444
557.0 1.51658092
558.0 1.51855839
559.0 1.5222367250000002
560.0 1.52452229875
561.0 1.5263385787500001
562.0 1.5291685400000001
563.0 1.53220522
564.0 1.53520710375
565.0 1.5373895037499998
566.0 1.5404960125
567.0 1.5431322825
568.0 1.5455297037500002
569.0 1.5485018875
570.0 1.55072374125
571.0 1.55370527375
572.0 1.5561600362499999
573.0 1.5589817625
574.0 1.56163737125
575.0 1.56458096875
576.0 1.56727657125
577.0 1.5701439275
578.0 1.571891425
579.0 1.5752233500000001
580.0 1.57742508875
581.0 1.5805135075
582.0 1.5829645575000002
583.0 1.5856128425
584.0 1.5886644399999998
585.0 1.5909840675
586.0 1.5938928687499998
587.0 1.59639559
588.0 1.5991461375
589.0 1.60147585625
590.0 1.60470157
591.0 1.60711539375
592.0 1.6096195325
593.0 1.6118988625000001
594.0 1.61508141
595.0 1.61745011
596.0 1.61998381375
597.0 1.62297601125
598.0 1.6255359724999998
599.0 1.6282538500000001
600.0 1.63098539625
601.0 1.6333138999999999
602.0 1.6365113312500001
603.0 1.63914908625
604.0 1.641443165
605.0 1.6441792675
606.0 1.6473206062499999
607.0 1.6495681775
608.0 1.652283625
609.0 1.65462627
610.0 1.65775718
611.0 1.66012820875
612.0 1.66258789875
613.0 1.6660364975000002
614.0 1.66766495875
615.0 1.67080606125
616.0 1.6734185375000001
617.0 1.6756776174999999
618.0 1.67851108875
619.0 1.6809744237500002
620.0 1.6842152575
621.0 1.6863855075
622.0 1.68912245375
623.0 1.691888695
624.0 1.69462456125
625.0 1.69718945
626.0 1.700130145
627.0 1.7026996912499999
628.0 1.7048067275
629.0 1.70849758375
630.0 1.7104614525
631.0 1.7134831474999999
632.0 1.71575292625
633.0 1.7185669575
634.0 1.72117113125
635.0 1.7239375075
636.0 1.7263230825
637.0 1.72917207875
638.0 1.7315590375
639.0 1.7340977025
640.0 1.7366134175
641.0 1.739636395
642.0 1.74252170625
643.0 1.7449299275
644.0 1.7476945825
645.0 1.75012923
646.0 1.75270586375
647.0 1.7557191887499999
648.0 1.7580223125
649.0 1.760865605
650.0 1.7637014725
651.0 1.7666367675
652.0 1.7687840675
653.0 1.77158048125
654.0 1.774252155
655.0 1.7767224424999999
656.0 1.77954113125
657.0 1.7824665375000002
658.0 1.7845024624999999
659.0 1.78682995375
660.0 1.790121885
661.0 1.7931335225
662.0 1.7953392775
663.0 1.79790096
664.0 1.80087152375
665.0 1.803657475
666.0 1.8056642062500001
667.0 1.8086737849999999
668.0 1.81171542625
669.0 1.81345252875
670.0 1.816653875
671.0 1.81974283375
672.0 1.82143147125
673.0 1.824164165
674.0 1.82747749375
675.0 1.8296298225
676.0 1.8323310275
677.0 1.83560794
678.0 1.8378774825
679.0 1.84042691375
680.0 1.8428253474999998
681.0 1.846037865
682.0 1.8484934375
683.0 1.85066817625
684.0 1.8535056975
685.0 1.8566799762500001
686.0 1.8596144275
687.0 1.86190931625
688.0 1.86485207
689.0 1.8671490175
690.0 1.87003520625
691.0 1.8723883474999998
692.0 1.87534662625
693.0 1.8778034137500001
694.0 1.88037326375
695.0 1.8827937024999999
696.0 1.88602765125
697.0 1.8880076525
698.0 1.891564015
699.0 1.8937848899999998
700.0 1.8966479937499998
701.0 1.8998264575000001
702.0 1.90203309
703.0 1.90485701
704.0 1.90771046125
705.0 1.90928715
706.0 1.9128948125
707.0 1.91544053125
708.0 1.917452055
709.0 1.9204490787500001
710.0 1.92366544375
711.0 1.92596958
712.0 1.92924794375
713.0 1.93141893625
714.0 1.9340458575
715.0 1.9373856125
716.0 1.9391235925
717.0 1.9420220662499998
718.0 1.94515635125
719.0 1.9469101599999998
720.0 1.9508781375
721.0 1.95338821625
722.0 1.95518795875
723.0 1.9582164375
724.0 1.9611185225
725.0 1.9638266125000001
726.0 1.96598802
727.0 1.96921508375
728.0 1.9719256375
729.0 1.97538820875
730.0 1.9777217412499999
731.0 1.97939215375
732.0 1.982937615
733.0 1.98573018125
734.0 1.9880518674999998
735.0 1.9915493700000002
736.0 1.9932006125000001
737.0 1.99632514375
738.0 1.99866141
739.0 2.0013035525
740.0 2.00459977
741.0 2.006924055
742.0 2.01087397625
743.0 2.01225562375
744.0 2.0154762075
745.0 2.0183839624999997
746.0 2.0206153000000002
747.0 2.02387429125
748.0 2.026272725
749.0 2.02881176125
750.0 2.03154219375
751.0 2.03431316
752.0 2.0369251299999998
753.0 2.0400377137500003
754.0 2.0427290975
755.0 2.04524795125
756.0 2.04807369375
757.0 2.05104969125
758.0 2.0539034125
759.0 2.05700334
760.0 2.0590502
761.0 2.06164526125
762.0 2.06440779
763.0 2.06724153125
764.0 2.0707602625
765.0 2.07298434375
766.0 2.07650709125
767.0 2.07886708375
768.0 2.0813451
769.0 2.08466814875
770.0 2.0867720125
771.0 2.0892774675
772.0 2.0916317225
773.0 2.094896215
774.0 2.0971978875
775.0 2.1005241425
776.0 2.1028702975
777.0 2.106006945
778.0 2.1083705150000003
779.0 2.1115160724999997
780.0 2.1148602825
781.0 2.11679809625
782.0 2.1199903975
783.0 2.1226464787499997
784.0 2.1253335425
785.0 2.12725846375
786.0 2.13080919
787.0 2.13374168375
788.0 2.1352879975
789.0 2.13824782875
790.0 2.1423823287499997
791.0 2.14419503125
792.0 2.1467442937500003
793.0 2.15059391
794.0 2.15335967875
795.0 2.15588227875
796.0 2.1588918912499997
797.0 2.1607112425
798.0 2.16419862
799.0 2.1668500099999997
800.0 2.1692228275
801.0 2.1729018712499997
802.0 2.17531053125
803.0 2.1778512549999998
804.0 2.18033919375
805.0 2.18450076125
806.0 2.1871941025
807.0 2.19038289375
808.0 2.19222981875
809.0 2.1947852912499997
810.0 2.19782156625
811.0 2.20025729375
812.0 2.2039158175
813.0 2.2062226875
814.0 2.20892399375
815.0 2.21134284625
816.0 2.2153062
817.0 2.21639229875
818.0 2.219964085
819.0 2.2234650637500004
820.0 2.2265518625
821.0 2.2267189825
822.0 2.231410155
823.0 2.233658975
824.0 2.2366362887499998
825.0 2.23963462875
826.0 2.2430654750000003
827.0 2.24652257875
828.0 2.24806541625
829.0 2.2517878624999996
830.0 2.25384191125
831.0 2.2573700925
832.0 2.2600727149999997
833.0 2.2623220075
834.0 2.2653586875
835.0 2.2682944212500002
836.0 2.2708844874999996
837.0 2.27501098875
838.0 2.27667276125
839.0 2.27926286125
840.0 2.28266421
841.0 2.28415652375
842.0 2.28830803375
843.0 2.290735425
844.0 2.2943903375
845.0 2.296286875
846.0 2.2989922650000003
847.0 2.30219108
848.0 2.30420395375
849.0 2.3081440875
850.0 2.3106133962500004
851.0 2.313327865
852.0 2.3155498199999998
853.0 2.32017636125
854.0 2.32202166625
855.0 2.32494845625
856.0 2.3269100299999996
857.0 2.32981154125
858.0 2.3342442225
859.0 2.3367330725
860.0 2.3379043900000003
861.0 2.34241030875
862.0 2.3444932475
863.0 2.3475237850000004
864.0 2.34986049
865.0 2.35364442875
866.0 2.3549496662499996
867.0 2.35876259625
868.0 2.3616459162499996
869.0 2.3642523175
870.0 2.36739898875
871.0 2.36918057375
872.0 2.3733704575
873.0 2.3772934125000003
874.0 2.37972917375
875.0 2.38211198125
876.0 2.3842075425
877.0 2.38742103875
878.0 2.3908011924999997
879.0 2.3934789750000003
880.0 2.3961204425
881.0 2.3978446187499998
882.0 2.4016768875000003
883.0 2.4041638475
884.0 2.40593878375
885.0 2.41022475375
886.0 2.41378266875
887.0 2.4159502862499997
888.0 2.4186023512499997
889.0 2.42131331
890.0 2.4239121175
891.0 2.4265923975
892.0 2.43014123375
893.0 2.4328709575
894.0 2.4360642712500002
895.0 2.4382718825
896.0 2.44189874875
897.0 2.4442705874999997
898.0 2.44859337875
899.0 2.4501577825000003
900.0 2.4530747512500004
901.0 2.45575212875
902.0 2.4578870425
903.0 2.46081298875
904.0 2.4644707025000003
905.0 2.4673149737499998
906.0 2.4695032799999996
907.0 2.4730229224999998
908.0 2.47676318875
909.0 2.4786311062500004
910.0 2.48085846125
911.0 2.48352422875
912.0 2.4852245437500002
913.0 2.4898340075
914.0 2.492213575
915.0 2.49538083375
916.0 2.4981659412500004
917.0 2.5007481437499997
918.0 2.50412013
919.0 2.50762013
920.0 2.511170215
921.0 2.51218496625
922.0 2.51492829125
923.0 2.5189914775
924.0 2.5222901587499997
925.0 2.5238027562500003
926.0 2.5267787875
927.0 2.5289655074999997
928.0 2.5320649625
929.0 2.5360253125
930.0 2.5386085950000004
931.0 2.5401776225
932.0 2.544647395
933.0 2.5477754700000004
934.0 2.54863679375
935.0 2.5527148975
936.0 2.55597172875
937.0 2.55881346875
938.0 2.5602737875
939.0 2.5634998387500003
940.0 2.5652117975
941.0 2.5688663050000002
942.0 2.572228875
943.0 2.57538263375
944.0 2.57926097125
945.0 2.5808662124999997
946.0 2.5824437112500003
947.0 2.5851040787499997
948.0 2.58874312875
949.0 2.5918968199999997
950.0 2.59450740625
951.0 2.59852310625
952.0 2.6005803275000003
953.0 2.6020974137499997
954.0 2.6058139875
955.0 2.61086193125
956.0 2.61147468625
957.0 2.6156296387499998
958.0 2.6166308225
959.0 2.62074375625
960.0 2.6222913525
961.0 2.6265427287499996
962.0 2.63079535375
963.0 2.63048504625
964.0 2.6342490725
965.0 2.6377280125
966.0 2.6400492599999996
967.0 2.6430345725
968.0 2.6450457925
969.0 2.64723787875
970.0 2.6515985037500003
971.0 2.65386413125
972.0 2.6566001325
973.0 2.65927373
974.0 2.6641408075
975.0 2.6652770587499997
976.0 2.667590645
977.0 2.6704216862499996
978.0 2.6740358962500004
979.0 2.676478205
980.0 2.67992714125
981.0 2.68285271625
982.0 2.6842503275
983.0 2.6873485
984.0 2.6906681737500002
985.0 2.69408838875
986.0 2.69654976625
987.0 2.70032476125
988.0 2.70050875625
989.0 2.7046536175
990.0 2.70670402125
991.0 2.7107525262500003
992.0 2.713597
993.0 2.71568378625
994.0 2.7200995925
995.0 2.72300218375
996.0 2.7247635525000002
997.0 2.72653065875
998.0 2.7302940775
999.0 2.7336955950000004
1000.0 2.7355083312499997
