1.0 0.0065645
2.0 0.0088227025
3.0 0.01108444875
4.0 0.0133692125
5.0 0.01564337875
6.0 0.01796192625
7.0 0.02026191125
8.0 0.0225968275
9.0 0.024898668750000002
10.0 0.027239491249999997
11.0 0.02960360125
12.0 0.03201864
13.0 0.03434700875
14.0 0.036736363749999994
15.0 0.039156701249999995
16.0 0.0415780175
17.0 0.04401222625
18.0 0.04640995125
19.0 0.0489372425
20.0 0.051329668749999995
21.0 0.053860098749999995
22.0 0.05627085125
23.0 0.05879979625
24.0 0.06132948375
25.0 0.0638045975
26.0 0.06633526375
27.0 0.06885523125
28.0 0.07144978625000001
29.0 0.07399570750000001
30.0 0.07655350875
31.0 0.079097675
32.0 0.0816515275
33.0 0.0843245175
34.0 0.0868244375
35.0 0.08941713625
36.0 0.0920297475
37.0 0.0946885625
38.0 0.09731393125
39.0 0.09985236
40.0 0.10238873
41.0 0.10503441625
42.0 0.10770916125
43.0 0.1103545775
44.0 0.11310758875
45.0 0.11558439
46.0 0.1183056425
47.0 0.12096466
48.0 0.12355101375
49.0 0.12635492
50.0 0.128969995
51.0 0.13165402125
52.0 0.134313545
53.0 0.13697765875
54.0 0.13966522875
55.0 0.1424247875
56.0 0.14510415625
57.0 0.14784289125
58.0 0.15050028875000002
59.0 0.15324631375
60.0 0.15595683375
61.0 0.15862752875
62.0 0.1613095975
63.0 0.16396392375
64.0 0.1668980375
65.0 0.16943407000000002
66.0 0.17222528625
67.0 0.17494380499999998
68.0 0.17757619375
69.0 0.18032512125
70.0 0.18307901000000001
71.0 0.185805055
72.0 0.18844696125
73.0 0.19133797625
74.0 0.19402045
75.0 0.19670933625
76.0 0.19942853
77.0 0.20214792625
78.0 0.20495355375
79.0 0.20772107750000002
80.0 0.21037803625
81.0 0.21317704875
82.0 0.2159395775
83.0 0.2185002475
84.0 0.22142862375
85.0 0.224061215
86.0 0.22698017499999998
87.0 0.22950766875
88.0 0.23231960750000002
89.0 0.23532257125
90.0 0.23781773250000002
91.0 0.24068029625
92.0 0.2433150475
93.0 0.2461466625
94.0 0.2488758125
95.0 0.25165768
96.0 0.25421025
97.0 0.25714136
98.0 0.25978529125
99.0 0.26261174249999997
100.0 0.26541845000000003
101.0 0.26802795625
102.0 0.27097918125000003
103.0 0.2735419775
104.0 0.27634939375
105.0 0.2791062525
106.0 0.28178933375
107.0 0.2847731275
108.0 0.2874446325
109.0 0.29025218375
110.0 0.29291039125
111.0 0.2956335675
112.0 0.29840244125
113.0 0.30132025375
114.0 0.30376978499999996
115.0 0.3065165525
116.0 0.30957031
117.0 0.31221370125
118.0 0.31500977750000003
119.0 0.31764830875000005
120.0 0.32031353625000003
121.0 0.3232108625
122.0 0.32609772625
123.0 0.32867857875
124.0 0.33147718625000006
125.0 0.33404636125000003
126.0 0.3370615425
127.0 0.33952558625
128.0 0.3423313825
129.0 0.34510339500000003
130.0 0.34783966625
131.0 0.350405095
132.0 0.35322547125
133.0 0.35604918874999997
134.0 0.35885940625
135.0 0.36139071375
136.0 0.3644020475
137.0 0.36716295625
138.0 0.36976291125
139.0 0.37254147125
140.0 0.37531382124999996
141.0 0.37797952125
142.0 0.3806327675
143.0 0.38339455375000003
144.0 0.38631560625
145.0 0.38893004
146.0 0.3917008375
147.0 0.39460194374999996
148.0 0.39718853375
149.0 0.39990587125000004
150.0 0.40246039875
151.0 0.40528337375
152.0 0.40800563875
153.0 0.41065551
154.0 0.41339654
155.0 0.41618752000000003
156.0 0.4187944275
157.0 0.42162249875
158.0 0.42434054499999996
159.0 0.42705953625
160.0 0.42983057
161.0 0.43252654375
162.0 0.43514475750000003
163.0 0.437919875
164.0 0.44049286375
165.0 0.44353109625
166.0 0.446109215
167.0 0.44874902875
168.0 0.45137031375
169.0 0.4541914325
170.0 0.45705217375
171.0 0.459764685
172.0 0.46239943625
173.0 0.46506088375
174.0 0.467728035
175.0 0.47070487624999996
176.0 0.47330641749999997
177.0 0.47594218125000004
178.0 0.4788881075
179.0 0.48149467749999997
180.0 0.484179615
181.0 0.48647835125
182.0 0.48948553375
183.0 0.4923426975
184.0 0.49472135375000004
185.0 0.49775729125
186.0 0.5003403375000001
187.0 0.5030277725
188.0 0.50550076
189.0 0.50860058625
190.0 0.51099459875
191.0 0.513785815
192.0 0.5165109824999999
193.0 0.51930419
194.0 0.52211585875
195.0 0.5248080862500001
196.0 0.527290625
197.0 0.530022475
198.0 0.53277255
199.0 0.5352975799999999
200.0 0.53797904125
201.0 0.5405095725
202.0 0.54355249625
203.0 0.546012625
204.0 0.5488403249999999
205.0 0.5515040675
206.0 0.5543110450000001
207.0 0.5568076912500001
208.0 0.559426175
209.0 0.5622498924999999
210.0 0.5651099925
211.0 0.567636845
212.0 0.5702996425
213.0 0.5726768475
214.0 0.5756357675
215.0 0.57813808375
216.0 0.5810760450000001
217.0 0.58387893875
218.0 0.58646131
219.0 0.58923909375
220.0 0.5916866337500001
221.0 0.5945488937500001
222.0 0.5971057837499999
223.0 0.5997007775
224.0 0.6023489949999999
225.0 0.6048543824999999
226.0 0.6078856287500001
227.0 0.6101585125
228.0 0.6130326524999999
229.0 0.6158140475
230.0 0.61825925875
231.0 0.621189525
232.0 0.6237273125
233.0 0.6263355024999999
234.0 0.629282745
235.0 0.6318349775000001
236.0 0.63436375375
237.0 0.63732453
238.0 0.63993363125
239.0 0.6426301112499999
240.0 0.645134925
241.0 0.6476651525
242.0 0.65054152
243.0 0.6531427575
244.0 0.65576866625
245.0 0.658508515
246.0 0.66099982875
247.0 0.66371723375
248.0 0.66621620875
249.0 0.668987715
250.0 0.672014
251.0 0.67443292
252.0 0.6772427325
253.0 0.67976894375
254.0 0.6825037975
255.0 0.68486659125
256.0 0.6877259825
257.0 0.6899025437499999
258.0 0.69286585125
259.0 0.6955034375
260.0 0.6983105500000001
261.0 0.70076764125
262.0 0.7035257487500001
263.0 0.706024285
264.0 0.7090310962499999
265.0 0.71142956375
266.0 0.7144327975
267.0 0.7168279575000001
268.0 0.7195639925
269.0 0.72187420375
270.0 0.7249003875
271.0 0.7272450575
272.0 0.7302128874999999
273.0 0.7327698112500001
274.0 0.73551671375
275.0 0.7380921324999999
276.0 0.7408291125
277.0 0.7437187774999999
278.0 0.7458494050000001
279.0 0.7484950575
280.0 0.7513713575000001
281.0 0.7537170062499999
282.0 0.75647238
283.0 0.7590768575000001
284.0 0.761907865
285.0 0.76446046875
286.0 0.7671329862499999
287.0 0.7697335825
288.0 0.7722239175
289.0 0.77517278
290.0 0.77771725
291.0 0.78020896875
292.0 0.7825635275
293.0 0.7854947725
294.0 0.788135295
295.0 0.7907067312499999
296.0 0.79352788375
297.0 0.79597258875
298.0 0.79894595375
299.0 0.801312055
300.0 0.8039205150000001
301.0 0.8067296862500001
302.0 0.8094439525
303.0 0.81186202875
304.0 0.81465240125
305.0 0.81687955375
306.0 0.8197651012499999
307.0 0.82220285375
308.0 0.824960725
309.0 0.82766709375
310.0 0.83006951
311.0 0.83261948125
312.0 0.8356215
313.0 0.83820036125
314.0 0.84052815625
315.0 0.8432710762500001
316.0 0.8456890174999999
317.0 0.8486338975
318.0 0.85091272125
319.0 0.8538634399999999
320.0 0.856118335
321.0 0.8590570725
322.0 0.86150441
323.0 0.864266095
324.0 0.8672211
325.0 0.86944335875
326.0 0.87208027
327.0 0.8749233937500001
328.0 0.8772030275
329.0 0.87986693875
330.0 0.88282363125
331.0 0.88496276375
332.0 0.88769805625
333.0 0.89051947875
334.0 0.892877615
335.0 0.89548239625
336.0 0.89843962875
337.0 0.9007890912500001
338.0 0.9030824275
339.0 0.90605704125
340.0 0.90885821375
341.0 0.9110689975
342.0 0.91381141125
343.0 0.91593657125
344.0 0.9188672087499999
345.0 0.92135767875
346.0 0.9245061387500001
347.0 0.9269496625
348.0 0.9295646025000001
349.0 0.931752065
350.0 0.93446855875
351.0 0.9369749925
352.0 0.93969519875
353.0 0.9420466525
354.0 0.94518303
355.0 0.94725354875
356.0 0.9502430799999999
357.0 0.95284981875
358.0 0.95519226125
359.0 0.95791537
360.0 0.96050493
361.0 0.96300441125
362.0 0.9655843525000001
363.0 0.9689273475
364.0 0.9708491975
365.0 0.97308617125
366.0 0.9758529862499999
367.0 0.97885757
368.0 0.98089973875
369.0 0.98359389
370.0 0.98621703125
371.0 0.98880584875
372.0 0.99168781875
373.0 0.9939323525
374.0 0.9964737850000001
375.0 0.99918471
376.0 1.00128908
377.0 1.0037081350000001
378.0 1.00690398
379.0 1.009467755
380.0 1.0120519825
381.0 1.01465041875
382.0 1.01692792625
383.0 1.01951633875
384.0 1.02215888625
385.0 1.0244177975
386.0 1.0276546149999999
387.0 1.02981207375
388.0 1.03236943625
389.0 1.03531354
390.0 1.03757542125
391.0 1.03998900875
392.0 1.04275278625
393.0 1.04507943375
394.0 1.04762329625
395.0 1.049890645
396.0 1.0525250925
397.0 1.0552129325000001
398.0 1.0579201787499999
399.0 1.0604468287500002
400.0 1.06310226875
401.0 1.0653636100000001
402.0 1.0681492237499999
403.0 1.0704542375000001
404.0 1.0730870987499999
405.0 1.0759824675
406.0 1.0786689575
407.0 1.08095443
408.0 1.08309609375
409.0 1.086637505
410.0 1.08884423875
411.0 1.0912032525
412.0 1.0930580075
413.0 1.0961955325
414.0 1.09920828375
415.0 1.1015141750000002
416.0 1.10412293875
417.0 1.10639268375
418.0 1.1087171375
419.0 1.1112299162500001
420.0 1.113771315
421.0 1.116831485
422.0 1.11895246
423.0 1.12168407375
424.0 1.1243265875
425.0 1.12640257375
426.0 1.1290060725
427.0 1.13137541375
428.0 1.1351119675
429.0 1.1371636875
430.0 1.1401763712500002
431.0 1.14177881125
432.0 1.1449713825
433.0 1.14748206875
434.0 1.14980605
435.0 1.1525231175
436.0 1.1545153700000002
437.0 1.1571521125
438.0 1.1600880825
439.0 1.16234962625
440.0 1.16544894625
441.0 1.167425505
442.0 1.1705412949999998
443.0 1.17282639625
444.0 1.1753018474999999
445.0 1.1778622475
446.0 1.18049726875
447.0 1.18260224625
448.0 1.1859279950000001
449.0 1.18838292625
450.0 1.1906529075
451.0 1.19376134
452.0 1.19667628375
453.0 1.1988110625
454.0 1.200636185
455.0 1.20349490125
456.0 1.20579897
457.0 1.2084941337500001
458.0 1.2114567324999999
459.0 1.2139744725
460.0 1.216356605
461.0 1.21889672125
462.0 1.22112853125
463.0 1.2247002837499998
464.0 1.22632229875
465.0 1.228626975
466.0 1.2314813375
467.0 1.234772425
468.0 1.2368293425
469.0 1.2399158375
470.0 1.2418861187499999
471.0 1.24450625625
472.0 1.24753800875
473.0 1.2498280037499998
474.0 1.25273285625
475.0 1.2550608875
476.0 1.25790441625
477.0 1.2598301475
478.0 1.2629263625
479.0 1.26503603125
480.0 1.26788971875
481.0 1.270336145
482.0 1.2725518225
483.0 1.2758804737499998
484.0 1.27837539875
485.0 1.281289195
486.0 1.28333399625
487.0 1.28627486
488.0 1.28867302375
489.0 1.2914493225
490.0 1.2938429299999998
491.0 1.2961590475
492.0 1.2993173625
493.0 1.301020445
494.0 1.3036386924999999
495.0 1.30667709375
496.0 1.3089528799999999
497.0 1.3122944912499999
498.0 1.313564325
499.0 1.31654305625
500.0 1.3194184112499998
501.0 1.3221628837500001
502.0 1.32469311125
503.0 1.32767214625
504.0 1.329655185
505.0 1.33267326875
506.0 1.335258475
507.0 1.33732028625
508.0 1.34026604375
509.0 1.3428222925
510.0 1.345471185
511.0 1.3479906125
512.0 1.3507466612499999
513.0 1.3532172862499998
514.0 1.3557561875
515.0 1.3587769375
516.0 1.36042443375
517.0 1.3632654987500001
518.0 1.36657865875
519.0 1.3690584975
520.0 1.3712956399999998
521.0 1.374271435
522.0 1.3764919725
523.0 1.3787686025
524.0 1.38160544875
525.0 1.3843246087499999
526.0 1.38705713375
527.0 1.3894087562500002
528.0 1.392119445
529.0 1.39529865125
530.0 1.3974715
531.0 1.4004488474999999
532.0 1.40257208375
533.0 1.40493443875
534.0 1.40829829125
535.0 1.41023175125
536.0 1.41333019375
537.0 1.41649212
538.0 1.41858005375
539.0 1.4211762625
540.0 1.42394290875
541.0 1.42674637625
542.0 1.428901
543.0 1.43213964
544.0 1.43447354375
545.0 1.43670251875
546.0 1.4392814475
547.0 1.4420378674999998
548.0 1.44507471625
549.0 1.4470805362499999
550.0 1.4497872762500001
551.0 1.4528864612499999
552.0 1.4553111525
553.0 1.4577404675
554.0 1.46068096
555.0 1.46329897125
556.0 1.4651975337499998
557.0 1.4683903412500001
558.0 1.47056740875
559.0 1.4735791475
560.0 1.4762503825
561.0 1.478449185
562.0 1.481287415
563.0 1.4841614875
564.0 1.48677308625
565.0 1.4891368249999999
566.0 1.49187552625
567.0 1.49523377625
568.0 1.4969180262500001
569.0 1.50038650375
570.0 1.50293016375
571.0 1.505186105
572.0 1.5076225749999999
573.0 1.50988992375
574.0 1.5130339625
575.0 1.51600067875
576.0 1.51874478
577.0 1.5215209437500001
578.0 1.52405944
579.0 1.5267073875
580.0 1.5291287375
581.0 1.53178866625
582.0 1.5340981012500001
583.0 1.53680312
584.0 1.53920081125
585.0 1.5421216275
586.0 1.54536300125
587.0 1.54734215875
588.0 1.55069487375
589.0 1.5531029937499998
590.0 1.55578043875
591.0 1.5577950674999999
592.0 1.5602983625
593.0 1.563772375
594.0 1.56632754375
595.0 1.56882064625
596.0 1.571434135
597.0 1.57441266375
598.0 1.5764241200000002
599.0 1.5792817225
600.0 1.5820629824999999
601.0 1.58480634125
602.0 1.5873483474999999
603.0 1.58974587
604.0 1.5926023249999999
605.0 1.5953714012500002
606.0 1.5981790200000001
607.0 1.60070675
608.0 1.60284328375
609.0 1.60642452
610.0 1.608488255
611.0 1.6114961125
612.0 1.6138178325
613.0 1.6159399212499999
614.0 1.61867966875
615.0 1.62180231
616.0 1.6248320375
617.0 1.62730809625
618.0 1.63001186625
619.0 1.63267004
620.0 1.63492530625
621.0 1.6380335700000002
622.0 1.64084031125
623.0 1.64353318
624.0 1.6460236837500002
625.0 1.648237505
626.0 1.6512620012499999
627.0 1.65416898
628.0 1.6566782825
629.0 1.65909062125
630.0 1.6621200787500001
631.0 1.6645531062499999
632.0 1.66759761625
633.0 1.6703781000000002
634.0 1.67295770375
635.0 1.6754468574999999
636.0 1.67783577375
637.0 1.68049276625
638.0 1.683327925
639.0 1.6861462425
640.0 1.68910317125
641.0 1.69157626
642.0 1.69444624875
643.0 1.6968872075
644.0 1.6996566212500002
645.0 1.70238934875
646.0 1.70492079125
647.0 1.707223375
648.0 1.71046616625
649.0 1.71283540625
650.0 1.71554842375
651.0 1.7182372424999999
652.0 1.72063047875
653.0 1.723795915
654.0 1.72609303125
655.0 1.72856210375
656.0 1.7316335125
657.0 1.73441322
658.0 1.73694557375
659.0 1.73990888125
660.0 1.7422381274999998
661.0 1.7450320775
662.0 1.7480304850000001
663.0 1.75053658125
664.0 1.753071365
665.0 1.75555714375
666.0 1.7588207925
667.0 1.7610277625
668.0 1.76381479375
669.0 1.76637411375
670.0 1.76914535
671.0 1.77206076625
672.0 1.7746757737499999
673.0 1.7774802537499999
674.0 1.7800140925
675.0 1.78280659125
676.0 1.7859217062500001
677.0 1.78840994875
678.0 1.7906342325
679.0 1.794177905
680.0 1.7966430625
681.0 1.7986654537500002
682.0 1.802088065
683.0 1.8044079625
684.0 1.80719175375
685.0 1.81023781625
686.0 1.812403645
687.0 1.81529847375
688.0 1.81806616625
689.0 1.8204116799999999
690.0 1.8234577762500002
691.0 1.82602971875
692.0 1.82877351625
693.0 1.8316630125
694.0 1.83400852625
695.0 1.83664121875
696.0 1.83945093
697.0 1.8422659737499998
698.0 1.8446205325
699.0 1.8474524175
700.0 1.85012847875
701.0 1.85317606
702.0 1.855687455
703.0 1.858605335
704.0 1.86097859125
705.0 1.8634737525
706.0 1.86668900375
707.0 1.86925325125
708.0 1.8720142275
709.0 1.87463257625
710.0 1.8771667525
711.0 1.8807682725
712.0 1.8826532675
713.0 1.8848703625
714.0 1.8881913187500001
715.0 1.8908087224999999
716.0 1.8933310525
717.0 1.8962506875
718.0 1.89929162
719.0 1.90133790625
720.0 1.9043189325
721.0 1.9073062362500002
722.0 1.9096688612500001
723.0 1.9130426025
724.0 1.91469752375
725.0 1.91819354125
726.0 1.92080814375
727.0 1.92307539125
728.0 1.92616121125
729.0 1.9286864099999999
730.0 1.9315372287500001
731.0 1.93417468
732.0 1.9366926225
733.0 1.93976133125
734.0 1.94233361125
735.0 1.94518821
736.0 1.94749005125
737.0 1.94998771
738.0 1.95329347875
739.0 1.9561062275
740.0 1.9584195775
741.0 1.96133013375
742.0 1.964136605
743.0 1.966355185
744.0 1.9692666525
745.0 1.9724784275
746.0 1.97467021
747.0 1.97749416375
748.0 1.9804840662499998
749.0 1.9827011275
750.0 1.9853622375
751.0 1.98868737875
752.0 1.9911514225000002
753.0 1.9936126650000001
754.0 1.9966468474999999
755.0 1.9988348162499998
756.0 2.0018902275
757.0 2.00468481875
758.0 2.00736266875
759.0 2.010226785
760.0 2.0127615687500002
761.0 2.0157035125
762.0 2.018387775
763.0 2.0208565775
764.0 2.02335265
765.0 2.02634758125
766.0 2.02913100125
767.0 2.0318546837500002
768.0 2.034464055
769.0 2.03768092625
770.0 2.0398774
771.0 2.04276129375
772.0 2.04573742625
773.0 2.04865618375
774.0 2.0508899175
775.0 2.0532216275
776.0 2.05660657375
777.0 2.05915725375
778.0 2.0620778674999998
779.0 2.064258985
780.0 2.06735925
781.0 2.07022073375
782.0 2.0725266587499998
783.0 2.07549459
784.0 2.07810085625
785.0 2.08088805625
786.0 2.0834561175
787.0 2.0861485475
788.0 2.08891060375
789.0 2.09168079375
790.0 2.09414963
791.0 2.09691229375
792.0 2.10001671
793.0 2.10292406
794.0 2.10543974125
795.0 2.10842053125
796.0 2.1110214312499997
797.0 2.1134439625
798.0 2.1164642400000004
799.0 2.1187020575
800.0 2.12170144375
801.0 2.12443403625
802.0 2.12678923625
803.0 2.1303912287499998
804.0 2.13259846875
805.0 2.13527064875
806.0 2.1384533987500003
807.0 2.1406520325000002
808.0 2.1432942762500002
809.0 2.1462616675
810.0 2.14915386375
811.0 2.1521084975
812.0 2.1541240375
813.0 2.1572394900000003
814.0 2.15972283875
815.0 2.1627765625
816.0 2.16540453
817.0 2.1687781025
818.0 2.17133306875
819.0 2.1737574225
820.0 2.176129565
821.0 2.1793034387500003
822.0 2.18164632
823.0 2.18460675875
824.0 2.18721447625
825.0 2.18985155625
826.0 2.1926066262500004
827.0 2.19511653625
828.0 2.1977613450000004
829.0 2.2006614725
830.0 2.2035300775
831.0 2.20632531
832.0 2.2091657675
833.0 2.21167294375
834.0 2.21452582125
835.0 2.2174055299999997
836.0 2.21954813875
837.0 2.2227242737500004
838.0 2.2249662425000003
839.0 2.2280390687500002
840.0 2.2311564787499996
841.0 2.2337691575000003
842.0 2.2361947599999996
843.0 2.2391112225
844.0 2.24239026125
845.0 2.24428821625
846.0 2.24727035625
847.0 2.24925855875
848.0 2.2528707774999996
849.0 2.2556335762499997
850.0 2.2580525975000003
851.0 2.260695955
852.0 2.263619775
853.0 2.2664798412500002
854.0 2.26938304
855.0 2.27208272625
856.0 2.2750740125
857.0 2.27702667625
858.0 2.2802939362499997
859.0 2.2827943287499997
860.0 2.2856215562499997
861.0 2.28791722125
862.0 2.2909447887499996
863.0 2.29382480125
864.0 2.2962257325
865.0 2.29950942875
866.0 2.30250648625
867.0 2.30472162375
868.0 2.30716950125
869.0 2.31004526125
870.0 2.3129116387499997
871.0 2.3153454762499996
872.0 2.3184855325
873.0 2.32126891875
874.0 2.3234651225
875.0 2.326447735
876.0 2.3292823537499996
877.0 2.3323502525
878.0 2.3346915137499997
879.0 2.337425355
880.0 2.34044809625
881.0 2.3427237137500003
882.0 2.3459026499999998
883.0 2.34859943375
884.0 2.3514041837499997
885.0 2.3539779825
886.0 2.3568939049999997
887.0 2.3595846474999997
888.0 2.3625675299999997
889.0 2.3650652562500003
890.0 2.36757871
891.0 2.37032402625
892.0 2.3728291775000003
893.0 2.3757628525
894.0 2.379021135
895.0 2.38140390875
896.0 2.3839956625000003
897.0 2.38703224125
898.0 2.38972646
899.0 2.39235284125
900.0 2.39520636
901.0 2.39807945375
902.0 2.40096473125
903.0 2.40366681375
904.0 2.40604806875
905.0 2.40848258125
906.0 2.4115297237499997
907.0 2.41449404375
908.0 2.41755428125
909.0 2.42004967875
910.0 2.4224223275
911.0 2.42569515625
912.0 2.42808781875
913.0 2.43068919125
914.0 2.43349016125
915.0 2.4361714875
916.0 2.4385308725
917.0 2.441568025
918.0 2.44481257125
919.0 2.44722356
920.0 2.4503814700000004
921.0 2.4531859500000004
922.0 2.4560752774999997
923.0 2.4579657737500002
924.0 2.4606844275000004
925.0 2.4634334562499998
926.0 2.46610108
927.0 2.46882796875
928.0 2.47144500125
929.0 2.47508249875
930.0 2.47737850125
931.0 2.4799485875
932.0 2.4830786875
933.0 2.48545248375
934.0 2.4884342525
935.0 2.4906733525
936.0 2.4935016937500003
937.0 2.4969266
938.0 2.49930728125
939.0 2.50184520375
940.0 2.50547925875
941.0 2.5076279425
942.0 2.5102310025
943.0 2.51350970375
944.0 2.51593375375
945.0 2.51853141375
946.0 2.52135357875
947.0 2.5239935275
948.0 2.52687273
949.0 2.52955061375
950.0 2.53240204
951.0 2.53466938875
952.0 2.5379939224999997
953.0 2.54015003125
954.0 2.54301472125
955.0 2.5460041175000003
956.0 2.54901990625
957.0 2.55162046875
958.0 2.55347252375
959.0 2.5567643199999996
960.0 2.5595474025
961.0 2.5626417275
962.0 2.5651272025000003
963.0 2.5684844399999998
964.0 2.5705043675000003
965.0 2.5731315925
966.0 2.57622095625
967.0 2.57952972875
968.0 2.58152974375
969.0 2.5847703075
970.0 2.58680039375
971.0 2.58984800875
972.0 2.59276217625
973.0 2.5953603762500004
974.0 2.5984182175
975.0 2.60107537875
976.0 2.60385161
977.0 2.60634316
978.0 2.60901429375
979.0 2.6116489775000002
980.0 2.6146871425000002
981.0 2.61713019375
982.0 2.6202380525000004
983.0 2.62264026625
984.0 2.625542115
985.0 2.6284349862500003
986.0 2.6310982225000004
987.0 2.6342970712500002
988.0 2.6362764987499996
989.0 2.63960268625
990.0 2.64210669
991.0 2.64512916125
992.0 2.64722381125
993.0 2.65081426125
994.0 2.6526927425
995.0 2.65580026375
996.0 2.6588006625
997.0 2.6612261299999997
998.0 2.663990785
999.0 2.6673169725
1000.0 2.6697524975
