1.0 0.0065645
2.0 0.00882199375
3.0 0.01108397625
4.0 0.01336330625
5.0 0.01565114125
6.0 0.01795200375
7.0 0.02024760125
8.0 0.022567735000000002
9.0 0.02489988375
10.0 0.02725332875
11.0 0.029634347499999998
12.0 0.03199450875
13.0 0.03434873
14.0 0.0367484125
15.0 0.03916156125
16.0 0.04151774
17.0 0.044027751250000004
18.0 0.04642459875
19.0 0.0488746025
20.0 0.05130358
21.0 0.05381264625
22.0 0.05628333875
23.0 0.058730845000000004
24.0 0.06130754625
25.0 0.0638826275
26.0 0.0663860575
27.0 0.0688489875
28.0 0.07137877625
29.0 0.07386053875000001
30.0 0.0765272175
31.0 0.078972125
32.0 0.08158561375000001
33.0 0.08416606125
34.0 0.08675336
35.0 0.0893605375
36.0 0.09194274000000001
37.0 0.0946027025
38.0 0.09725149375
39.0 0.09982991625
40.0 0.10248144125
41.0 0.10498072
42.0 0.1076984625
43.0 0.1102901825
44.0 0.112991455
45.0 0.11561871374999999
46.0 0.11827061
47.0 0.12096928375
48.0 0.12352981875
49.0 0.12618093875
50.0 0.1290335125
51.0 0.13163798999999998
52.0 0.13423480625
53.0 0.13693402
54.0 0.13964268375
55.0 0.14229805625
56.0 0.14502838750000002
57.0 0.14784511875
58.0 0.1503668075
59.0 0.1530011875
60.0 0.15591187875
61.0 0.158614805
62.0 0.1613842525
63.0 0.16388697375
64.0 0.16660161124999998
65.0 0.16944132625000002
66.0 0.17197884375
67.0 0.17491832375000002
68.0 0.177500155
69.0 0.18031908
70.0 0.1829762075
71.0 0.18568790875
72.0 0.18848334375
73.0 0.19109801375000002
74.0 0.19384093375
75.0 0.19665587625
76.0 0.19928863625
77.0 0.20220763
78.0 0.2048673225
79.0 0.2075679875
80.0 0.2102624425
81.0 0.2130518025
82.0 0.21581264374999998
83.0 0.2184037225
84.0 0.22136078625
85.0 0.2241206825
86.0 0.22681145875
87.0 0.22960986374999998
88.0 0.23241056375
89.0 0.2351332675
90.0 0.23785587
91.0 0.24057773000000002
92.0 0.24323576875
93.0 0.24602026875
94.0 0.24872633375
95.0 0.25143766375
96.0 0.25438294875
97.0 0.25705033625
98.0 0.25977584125
99.0 0.26258977125
100.0 0.26537886125000004
101.0 0.26815600375
102.0 0.27061677375
103.0 0.2735560175
104.0 0.27641875
105.0 0.27906011625000005
106.0 0.28192629125
107.0 0.28444740625
108.0 0.28739390625
109.0 0.28992275
110.0 0.29296057750000004
111.0 0.29551956
112.0 0.29833662875
113.0 0.30117847
114.0 0.30392331375
115.0 0.3065133125
116.0 0.30924742375000003
117.0 0.31209237
118.0 0.31480818875
119.0 0.31746464125
120.0 0.32035869375
121.0 0.32301845375
122.0 0.32588689000000004
123.0 0.3286347375
124.0 0.33134873375
125.0 0.33402854125000003
126.0 0.336775815
127.0 0.33953588
128.0 0.34223597125
129.0 0.34510299
130.0 0.347845505
131.0 0.35039682624999996
132.0 0.35343310125
133.0 0.35591101625
134.0 0.3588213025
135.0 0.36123516
136.0 0.364186925
137.0 0.36700240749999996
138.0 0.36970081125000004
139.0 0.37250947625
140.0 0.37513028875
141.0 0.377746005
142.0 0.3806056325
143.0 0.383274505
144.0 0.38600031375
145.0 0.388715255
146.0 0.3917534875
147.0 0.39414132375
148.0 0.39702133624999997
149.0 0.39972854875
150.0 0.40257552
151.0 0.4051951175
152.0 0.40788110125
153.0 0.4105825425
154.0 0.41336991125
155.0 0.41623085499999996
156.0 0.41880208874999997
157.0 0.42169168625000003
158.0 0.42427901875
159.0 0.42696179625
160.0 0.42970599875000004
161.0 0.43246619875
162.0 0.43511590125
163.0 0.437775155
164.0 0.44083384000000003
165.0 0.443337945
166.0 0.44609318375
167.0 0.44893138
168.0 0.45151581
169.0 0.453998585
170.0 0.45682152625
171.0 0.45947359125
172.0 0.46234196
173.0 0.46511150874999996
174.0 0.46772084625
175.0 0.47047298
176.0 0.47336740374999997
177.0 0.4758923325
178.0 0.47852114375
179.0 0.48129291999999996
180.0 0.48412767375000004
181.0 0.48670461125000003
182.0 0.4892755075
183.0 0.49210101375
184.0 0.4947921275
185.0 0.49752404499999997
186.0 0.50002609125
187.0 0.5029079937500001
188.0 0.50581790875
189.0 0.5083883325
190.0 0.5108863625
191.0 0.51358213375
192.0 0.51672802875
193.0 0.51913756625
194.0 0.5219312125000001
195.0 0.52448064375
196.0 0.5269698312500001
197.0 0.5297680675
198.0 0.5326341750000001
199.0 0.5354104737500001
200.0 0.5380366525
201.0 0.5405925975
202.0 0.543253775
203.0 0.5459086750000001
204.0 0.5488133924999999
205.0 0.5513206025
206.0 0.55408387375
207.0 0.5566223025
208.0 0.5594646837499999
209.0 0.5620201899999999
210.0 0.5649548775
211.0 0.5675212175000001
212.0 0.57031074625
213.0 0.5726736075000001
214.0 0.5754870649999999
215.0 0.5782405825
216.0 0.5808858975
217.0 0.5833931750000001
218.0 0.58642091125
219.0 0.5889170174999999
220.0 0.59171019125
221.0 0.594294115
222.0 0.59687527125
223.0 0.59949081875
224.0 0.6024144699999999
225.0 0.6048230625
226.0 0.60764890625
227.0 0.6104271962500001
228.0 0.613106835
229.0 0.61583790875
230.0 0.618033505
231.0 0.62093724375
232.0 0.62353051625
233.0 0.62622001
234.0 0.6288911775
235.0 0.6315740224999999
236.0 0.6346321675
237.0 0.6368817975
238.0 0.63968327375
239.0 0.64244117875
240.0 0.6451272975
241.0 0.6477591125000001
242.0 0.65054908
243.0 0.65305976625
244.0 0.65567636
245.0 0.65836058875
246.0 0.661116165
247.0 0.66357818375
248.0 0.6662154325
249.0 0.6689737425000001
250.0 0.67144997
251.0 0.67412053
252.0 0.6769717199999999
253.0 0.67954005125
254.0 0.68251834375
255.0 0.68498174625
256.0 0.6877029649999999
257.0 0.68992873375
258.0 0.6930447262499999
259.0 0.69553850375
260.0 0.698351185
261.0 0.70102677375
262.0 0.70326864125
263.0 0.7061585425
264.0 0.7088504325
265.0 0.711665915
266.0 0.713973595
267.0 0.71684972625
268.0 0.71939696375
269.0 0.7219611437500001
270.0 0.72485020125
271.0 0.727326665
272.0 0.7302270625
273.0 0.7326626212499999
274.0 0.7354937975
275.0 0.7379366125000001
276.0 0.740765865
277.0 0.74311495625
278.0 0.7456596962500001
279.0 0.74857501125
280.0 0.7512960949999999
281.0 0.75380475625
282.0 0.75637642875
283.0 0.7591924175
284.0 0.76179976375
285.0 0.7644044437499999
286.0 0.7673361949999999
287.0 0.76974823
288.0 0.7723531800000001
289.0 0.7749391962500001
290.0 0.7775047937499999
291.0 0.78023191875
292.0 0.7828902950000001
293.0 0.78553996375
294.0 0.78804616125
295.0 0.79075627625
296.0 0.79369714
297.0 0.79627424625
298.0 0.79892
299.0 0.801128185
300.0 0.8038472775
301.0 0.80655411875
302.0 0.80913125875
303.0 0.8122215
304.0 0.81444656
305.0 0.8170263325
306.0 0.819930105
307.0 0.82225385
308.0 0.8251720337499999
309.0 0.8275940587499999
310.0 0.83003916875
311.0 0.8325074987500001
312.0 0.835536855
313.0 0.8379524675000001
314.0 0.84099485125
315.0 0.8434651049999999
316.0 0.8460464975
317.0 0.8483002112500001
318.0 0.8509260187500001
319.0 0.85379084375
320.0 0.8564384875000001
321.0 0.85908316125
322.0 0.8614341762500001
323.0 0.86444723125
324.0 0.866900475
325.0 0.8692990775
326.0 0.8723754137499999
327.0 0.8747656800000001
328.0 0.8772442025
329.0 0.880036195
330.0 0.88250638125
331.0 0.8852735675
332.0 0.88801793875
333.0 0.89013736125
334.0 0.893172725
335.0 0.89531020375
336.0 0.8978967262499999
337.0 0.90083678
338.0 0.9034888787500001
339.0 0.9060699675
340.0 0.90867215
341.0 0.9113476374999999
342.0 0.91395970875
343.0 0.9162435274999999
344.0 0.9187178312500001
345.0 0.9216161700000001
346.0 0.92456148875
347.0 0.92652863125
348.0 0.929217585
349.0 0.93206023625
350.0 0.9345799675
351.0 0.9370015537499999
352.0 0.93950066375
353.0 0.94216913125
354.0 0.9447678375
355.0 0.9471227
356.0 0.9500538774999999
357.0 0.9526612575
358.0 0.9552255725000001
359.0 0.9578257299999999
360.0 0.9601041825
361.0 0.96273414125
362.0 0.96558202375
363.0 0.9682917675
364.0 0.9707159525
365.0 0.9738039325
366.0 0.9760656787499999
367.0 0.9783402837499999
368.0 0.981020125
369.0 0.98372649375
370.0 0.9860639075
371.0 0.98849521375
372.0 0.9908413349999999
373.0 0.99382047125
374.0 0.9965879275
375.0 0.99921633375
376.0 1.00163154125
377.0 1.00362723625
378.0 1.0069111687499999
379.0 1.0090479725000001
380.0 1.01149871875
381.0 1.01435368875
382.0 1.017072545
383.0 1.01932085875
384.0 1.02186816375
385.0 1.02537974
386.0 1.02734340625
387.0 1.0289556
388.0 1.03241054375
389.0 1.03449463
390.0 1.0374815625
391.0 1.0403589762499998
392.0 1.042894435
393.0 1.04545662375
394.0 1.047505205
395.0 1.0505062787500001
396.0 1.0529355262500002
397.0 1.0549191725
398.0 1.058339455
399.0 1.0606617825
400.0 1.0634383175
401.0 1.0656424525
402.0 1.06771918125
403.0 1.0705511675
404.0 1.0730364399999999
405.0 1.0757124337500001
406.0 1.0780629425
407.0 1.08066553
408.0 1.08359930625
409.0 1.0864416875
410.0 1.08844112875
411.0 1.09133092875
412.0 1.09358231375
413.0 1.09627217875
414.0 1.0982661187499998
415.0 1.10117654
416.0 1.10378111875
417.0 1.1069838487499999
418.0 1.1091266937500002
419.0 1.11100736875
420.0 1.11400442625
421.0 1.11705420125
422.0 1.11916424125
423.0 1.1214911925
424.0 1.1244692825
425.0 1.127005855
426.0 1.1297867099999999
427.0 1.1320026575
428.0 1.13469491875
429.0 1.13700030375
430.0 1.139523275
431.0 1.14185994625
432.0 1.1446185262500002
433.0 1.1473423775
434.0 1.1502988674999999
435.0 1.1527131975
436.0 1.15461662
437.0 1.15790416375
438.0 1.1606603475
439.0 1.16272850375
440.0 1.1652299425
441.0 1.167653925
442.0 1.1700326825
443.0 1.17242220625
444.0 1.1751595237499999
445.0 1.1783508125
446.0 1.18056004375
447.0 1.18323215625
448.0 1.1857475337499999
449.0 1.1878797475
450.0 1.1905590825
451.0 1.1933777375
452.0 1.1952816325
453.0 1.19831632125
454.0 1.2011159412499999
455.0 1.20375437125
456.0 1.2054705149999998
457.0 1.2081963574999999
458.0 1.21123759375
459.0 1.2132433125
460.0 1.21621556375
461.0 1.21927931125
462.0 1.2213536775
463.0 1.2238448899999999
464.0 1.22668639375
465.0 1.2292422375
466.0 1.23154499
467.0 1.234516465
468.0 1.23750576
469.0 1.24022816
470.0 1.2420038725
471.0 1.24504139625
472.0 1.24726652375
473.0 1.24929907375
474.0 1.2514019250000001
475.0 1.2548062775000002
476.0 1.25684497
477.0 1.26021969
478.0 1.2626489037500002
479.0 1.2651949599999999
480.0 1.2675992324999998
481.0 1.2698805874999999
482.0 1.2734839637500002
483.0 1.2755529975
484.0 1.277903405
485.0 1.2809564199999999
486.0 1.2828150900000002
487.0 1.286138915
488.0 1.2881727475
489.0 1.2907006125
490.0 1.2930123425
491.0 1.2957382524999999
492.0 1.2986931225
493.0 1.30118052125
494.0 1.30385256625
495.0 1.3066860712500001
496.0 1.30894818875
497.0 1.31165708875
498.0 1.31443396125
499.0 1.31685443375
500.0 1.3194752462500001
501.0 1.3213490024999999
502.0 1.32469193
503.0 1.32658627375
504.0 1.330007535
505.0 1.3327858925
506.0 1.335109165
507.0 1.33747317375
508.0 1.340495915
509.0 1.34278796875
510.0 1.345482795
511.0 1.3479319550000002
512.0 1.35045992125
513.0 1.353294
514.0 1.3554770075
515.0 1.3580665
516.0 1.36109727375
517.0 1.3637322275000001
518.0 1.3659827012499999
519.0 1.369045605
520.0 1.3712227399999999
521.0 1.37382468625
522.0 1.3761884924999999
523.0 1.3787418387500001
524.0 1.381703155
525.0 1.3842633187500002
526.0 1.3874681075
527.0 1.3894393
528.0 1.3920162037500001
529.0 1.3946715087500001
530.0 1.39710615625
531.0 1.3996053
532.0 1.4019511175
533.0 1.4054566525
534.0 1.40755430625
535.0 1.4103216950000002
536.0 1.4131441975
537.0 1.41595741875
538.0 1.41809013875
539.0 1.4212471712499999
540.0 1.4238537412499999
541.0 1.425960575
542.0 1.4287899625
543.0 1.4313226875
544.0 1.43426152625
545.0 1.43668665625
546.0 1.4390862375
547.0 1.44208548875
548.0 1.44467957125
549.0 1.4468040225
550.0 1.4496151512500002
551.0 1.4526780887500002
552.0 1.4543476575
553.0 1.45747259375
554.0 1.4605039750000002
555.0 1.4627257275
556.0 1.4659548500000001
557.0 1.46791369
558.0 1.47108753
559.0 1.4732273712500001
560.0 1.47645538
561.0 1.47874034625
562.0 1.4810356737500001
563.0 1.48401025375
564.0 1.4866104112499998
565.0 1.4896261325
566.0 1.4916663774999999
567.0 1.49405887125
568.0 1.49678576
569.0 1.500000775
570.0 1.5028011712499998
571.0 1.50525644
572.0 1.5080225125
573.0 1.5106591875
574.0 1.5131432450000002
575.0 1.51529392
576.0 1.5179089275
577.0 1.52091600875
578.0 1.523563855
579.0 1.5264692475000001
580.0 1.52880197
581.0 1.53131387125
582.0 1.53472645875
583.0 1.53645161375
584.0 1.53932447125
585.0 1.54207231875
586.0 1.54491480125
587.0 1.547714185
588.0 1.55016783375
589.0 1.55280302375
590.0 1.5550866399999999
591.0 1.55797849875
592.0 1.5605691725000002
593.0 1.5639094
594.0 1.56613338
595.0 1.568505185
596.0 1.57086305125
597.0 1.57383051
598.0 1.5771980075
599.0 1.5787598799999998
600.0 1.5815863987499998
601.0 1.58529983375
602.0 1.58722651
603.0 1.59025147875
604.0 1.5923548025
605.0 1.59527474125
606.0 1.5977275800000001
607.0 1.60044690875
608.0 1.60316296375
609.0 1.6059943087500002
610.0 1.6086661174999999
611.0 1.6109501387499998
612.0 1.6138574212499999
613.0 1.61686561625
614.0 1.6185600249999998
615.0 1.622020875
616.0 1.6243041200000001
617.0 1.6268649924999998
618.0 1.6297304587499999
619.0 1.63284260375
620.0 1.63476803125
621.0 1.6376016375
622.0 1.64051253125
623.0 1.6432634499999998
624.0 1.6463015812500001
625.0 1.64850305
626.0 1.65075278125
627.0 1.6541549737499999
628.0 1.65616342625
629.0 1.658674855
630.0 1.66188204
631.0 1.664218745
632.0 1.6672654150000001
633.0 1.6698306075
634.0 1.67300816
635.0 1.67493382375
636.0 1.677694125
637.0 1.6806250325
638.0 1.68293058625
639.0 1.6862514750000002
640.0 1.68857538875
641.0 1.69113578875
642.0 1.693675635
643.0 1.69662642125
644.0 1.6991146975
645.0 1.70232454875
646.0 1.7052357125
647.0 1.7072696462499999
648.0 1.7106497324999999
649.0 1.7122780587500002
650.0 1.7157271299999999
651.0 1.71815438625
652.0 1.72047745625
653.0 1.72408714375
654.0 1.7260620825
655.0 1.72913288375
656.0 1.7321795875
657.0 1.7344450462499998
658.0 1.7370010925000001
659.0 1.73912027875
660.0 1.74162532875
661.0 1.744350395
662.0 1.7474546425000002
663.0 1.7504592937499999
664.0 1.75279255625
665.0 1.7555513725
666.0 1.75838079375
667.0 1.7605884724999998
668.0 1.76381908
669.0 1.76631619875
670.0 1.769198945
671.0 1.7719169575
672.0 1.774718805
673.0 1.7772133587499999
674.0 1.7798279950000002
675.0 1.782415125
676.0 1.7853047562500002
677.0 1.78790970625
678.0 1.7909952224999999
679.0 1.792686695
680.0 1.7965203137499999
681.0 1.79855617125
682.0 1.8011762412499999
683.0 1.8040285787500001
684.0 1.8066895875
685.0 1.8093145849999999
686.0 1.81178969875
687.0 1.8148653262499999
688.0 1.81739609375
689.0 1.8206268025
690.0 1.8225246225
691.0 1.8256283975
692.0 1.8286283575
693.0 1.8311751225000001
694.0 1.8344750862499999
695.0 1.83649791625
696.0 1.839279345
697.0 1.8416831787499999
698.0 1.84472802625
699.0 1.8473593687499998
700.0 1.8499158875
701.0 1.8535337762500002
702.0 1.8554600475
703.0 1.858179275
704.0 1.8606486850000001
705.0 1.8638305575
706.0 1.86670101875
707.0 1.86852560125
708.0 1.8712736512500001
709.0 1.873747415
710.0 1.87737819625
711.0 1.879827795
712.0 1.88265343625
713.0 1.8855814412499998
714.0 1.88804254875
715.0 1.8905672075
716.0 1.892889535
717.0 1.8957851399999999
718.0 1.8981173225
719.0 1.90159447375
720.0 1.9044754312499999
721.0 1.9066128425
722.0 1.9090113775
723.0 1.91199112125
724.0 1.914545075
725.0 1.91775404875
726.0 1.9203643987499999
727.0 1.92286722125
728.0 1.9254235375000002
729.0 1.92840935625
730.0 1.93103624375
731.0 1.9339399824999999
732.0 1.93618276125
733.0 1.93932217625
734.0 1.94192797
735.0 1.944864075
736.0 1.94738070125
737.0 1.94984849125
738.0 1.9523866837500001
739.0 1.95526345625
740.0 1.9579923025
741.0 1.9610579399999999
742.0 1.9640680925
743.0 1.9666452325
744.0 1.96931488125
745.0 1.97183252
746.0 1.9746295412500001
747.0 1.9770802537499998
748.0 1.979894825
749.0 1.98277068625
750.0 1.9853687175
751.0 1.98765959
752.0 1.99030136125
753.0 1.99319548125
754.0 1.99621393625
755.0 1.9989637075
756.0 2.00145387375
757.0 2.00524112
758.0 2.00758757875
759.0 2.00992934625
760.0 2.013161405
761.0 2.015172355
762.0 2.01822844125
763.0 2.02102063625
764.0 2.02332241
765.0 2.02603708125
766.0 2.02858971875
767.0 2.03132690125
768.0 2.03398443375
769.0 2.037165125
770.0 2.0399169550000003
771.0 2.04253179375
772.0 2.04520923875
773.0 2.04835196125
774.0 2.05080483375
775.0 2.0533611499999997
776.0 2.05624841875
777.0 2.0587983899999998
778.0 2.0615041512500003
779.0 2.0644522375
780.0 2.0669255625
781.0 2.0696143475
782.0 2.07290638
783.0 2.0749253625
784.0 2.077635275
785.0 2.0805378325
786.0 2.08341484125
787.0 2.0863910075
788.0 2.0885500862499997
789.0 2.091611775
790.0 2.0941550975
791.0 2.0968271425
792.0 2.0995333425
793.0 2.10240161
794.0 2.1050632937500002
795.0 2.1078328762500003
796.0 2.110783865
797.0 2.112740545
798.0 2.11610665875
799.0 2.1189639575
800.0 2.1215941524999997
801.0 2.1245270175
802.0 2.12698647125
803.0 2.12979095125
804.0 2.1324635699999996
805.0 2.13507348125
806.0 2.1379285525
807.0 2.14029580125
808.0 2.1434912749999997
809.0 2.14580749375
810.0 2.1484169325
811.0 2.151491075
812.0 2.15466181
813.0 2.1567062737500002
814.0 2.1599488287499997
815.0 2.16248148625
816.0 2.16476436
817.0 2.1680478537499996
818.0 2.17079263
819.0 2.1730745587499998
820.0 2.1766961262500004
821.0 2.1786734275
822.0 2.1813650812499996
823.0 2.18442552125
824.0 2.18701062625
825.0 2.1899227349999997
826.0 2.1923460425
827.0 2.1951973675
828.0 2.19815082
829.0 2.2006121975
830.0 2.20367206375
831.0 2.2061000625
832.0 2.2079704775
833.0 2.21126929375
834.0 2.2145233575
835.0 2.2172566587499998
836.0 2.2192379425
837.0 2.222911215
838.0 2.22521271875
839.0 2.2279708599999997
840.0 2.230375875
841.0 2.2334962887499996
842.0 2.2358426125
843.0 2.2387393650000003
844.0 2.2407712400000004
845.0 2.24423657875
846.0 2.2470209775
847.0 2.2495636924999998
848.0 2.2524871749999997
849.0 2.25525807375
850.0 2.2580822974999997
851.0 2.2611505675
852.0 2.2635323287499998
853.0 2.2656689975
854.0 2.2692754112499998
855.0 2.270972115
856.0 2.27436759125
857.0 2.27714362
858.0 2.27959942875
859.0 2.28252628625
860.0 2.2847808775
861.0 2.2878673725
862.0 2.29052196875
863.0 2.2930982650000002
864.0 2.29557402
865.0 2.29951523375
866.0 2.301692605
867.0 2.30425587375
868.0 2.3072732825
869.0 2.31017432125
870.0 2.31267255375
871.0 2.31572253125
872.0 2.31804955
873.0 2.3210001
874.0 2.3234342412499998
875.0 2.32616426875
876.0 2.3292524175
877.0 2.33150268875
878.0 2.3344999825
879.0 2.3376350099999996
880.0 2.34013577375
881.0 2.3426511850000002
882.0 2.345203755
883.0 2.3482074275
884.0 2.3511485275
885.0 2.35296929625
886.0 2.3565479674999996
887.0 2.359363855
888.0 2.36135307
889.0 2.3645060187499998
890.0 2.3677173212500002
891.0 2.36991436875
892.0 2.37302678375
893.0 2.375484415
894.0 2.3783413424999997
895.0 2.3808079849999997
896.0 2.3836314325
897.0 2.3864758725
898.0 2.38936844
899.0 2.39203923625
900.0 2.3949955912500003
901.0 2.3974655074999998
902.0 2.4002247962500003
903.0 2.40283069125
904.0 2.4059225187499997
905.0 2.40867002875
906.0 2.41138419375
907.0 2.41414979375
908.0 2.4165603774999997
909.0 2.4193649925000003
910.0 2.4223143275
911.0 2.4245674674999997
912.0 2.4270229387500004
913.0 2.4299457125
914.0 2.43293915875
915.0 2.43556604625
916.0 2.4390199775
917.0 2.44130534875
918.0 2.44385575875
919.0 2.4470007425
920.0 2.4496639449999997
921.0 2.4522099675
922.0 2.45516018
923.0 2.4578148775
924.0 2.4609671175
925.0 2.46305100125
926.0 2.4662311525
927.0 2.46890539125
928.0 2.471979905
929.0 2.4737594649999997
930.0 2.47679088
931.0 2.4790578575
932.0 2.4822304825
933.0 2.4849439387500003
934.0 2.48800255625
935.0 2.49091409125
936.0 2.493919215
937.0 2.49631805375
938.0 2.49914892625
939.0 2.50141536375
940.0 2.5045892712500004
941.0 2.5076195387499998
942.0 2.51040603
943.0 2.51251070375
944.0 2.51534319625
945.0 2.51811122625
946.0 2.5207092912499998
947.0 2.5236236275
948.0 2.5264147425
949.0 2.52942378125
950.0 2.5323074725000003
951.0 2.53520182875
952.0 2.53724160125
953.0 2.5399103725
954.0 2.543610105
955.0 2.54557583
956.0 2.54833889875
957.0 2.55136126875
958.0 2.55393699125
959.0 2.55664420375
960.0 2.55978804
961.0 2.56227176
962.0 2.5646495049999998
963.0 2.56741081875
964.0 2.57069407625
965.0 2.5727265249999998
966.0 2.5757387025000003
967.0 2.5784956625
968.0 2.5813472912499997
969.0 2.5842548775
970.0 2.58668402375
971.0 2.58971111875
972.0 2.5923135037500002
973.0 2.5950910175
974.0 2.5979335
975.0 2.5998608174999998
976.0 2.60319129125
977.0 2.60630188375
978.0 2.6083609612500003
979.0 2.6119321062500003
980.0 2.613823075
981.0 2.61718675875
982.0 2.6195413175
983.0 2.6224328050000003
984.0 2.6254170375
985.0 2.62821372125
986.0 2.6305198487499997
987.0 2.633662605
988.0 2.6362950950000004
989.0 2.63933930125
990.0 2.6414540325
991.0 2.6444242925
992.0 2.64738139
993.0 2.64965103375
994.0 2.65302312125
995.0 2.6553520975000002
996.0 2.65833697125
997.0 2.6611608912499998
998.0 2.66351167
999.0 2.66653657125
1000.0 2.6691170187499997
