1.0 0.0065645
2.0 0.0088217575
3.0 0.0110869125
4.0 0.0133674575
5.0 0.015650432500000002
6.0 0.0179759325
7.0 0.020290700000000002
8.0 0.022606075
9.0 0.024978352500000002
10.0 0.02733686
11.0 0.02970286
12.0 0.032089110000000004
13.0 0.03445997
14.0 0.0369015025
15.0 0.0393310875
16.0 0.041734347500000005
17.0 0.0442230625
18.0 0.046618019999999996
19.0 0.049194417500000004
20.0 0.0516924475
21.0 0.05419311
22.0 0.05671949
23.0 0.059176614999999995
24.0 0.06181761
25.0 0.0642214775
26.0 0.06682744
27.0 0.069437655
28.0 0.07205414750000001
29.0 0.07456149249999999
30.0 0.077301105
31.0 0.0798775025
32.0 0.0824184625
33.0 0.0850752525
34.0 0.0877190825
35.0 0.0904252825
36.0 0.093008565
37.0 0.0956355875
38.0 0.09832174
39.0 0.10101943499999999
40.0 0.10377302000000001
41.0 0.10645593249999999
42.0 0.1090171425
43.0 0.11181142999999999
44.0 0.1144870525
45.0 0.1172305125
46.0 0.12001751
47.0 0.12275691999999999
48.0 0.1255103025
49.0 0.12824546
50.0 0.1308651925
51.0 0.13364004000000002
52.0 0.13636507250000002
53.0 0.13915085500000002
54.0 0.1420476075
55.0 0.1446638975
56.0 0.14749382500000002
57.0 0.1502362725
58.0 0.153101435
59.0 0.1559167825
60.0 0.158517075
61.0 0.16127228
62.0 0.1641994075
63.0 0.16691391
64.0 0.16980155
65.0 0.172663675
66.0 0.175406325
67.0 0.1781431025
68.0 0.18104755
69.0 0.1839139275
70.0 0.1866893825
71.0 0.1896746275
72.0 0.19242153
73.0 0.1953284075
74.0 0.198023065
75.0 0.20079933
76.0 0.20374184750000002
77.0 0.20653978
78.0 0.209485335
79.0 0.2123669
80.0 0.215174755
81.0 0.217962765
82.0 0.22076758249999998
83.0 0.223760725
84.0 0.22663904999999998
85.0 0.2294329325
86.0 0.2322492925
87.0 0.23518026749999998
88.0 0.23805839
89.0 0.2409587875
90.0 0.2438820675
91.0 0.24667838
92.0 0.2495644
93.0 0.2523554475
94.0 0.255193475
95.0 0.25822813
96.0 0.26104854
97.0 0.2641068875
98.0 0.266881735
99.0 0.2698607025
100.0 0.27261773
101.0 0.27553270750000003
102.0 0.27862082250000003
103.0 0.281458445
104.0 0.28424260749999997
105.0 0.287250735
106.0 0.29006284250000003
107.0 0.2931294925
108.0 0.2959207425
109.0 0.298701665
110.0 0.301836355
111.0 0.304512585
112.0 0.307418045
113.0 0.3104780125
114.0 0.313220865
115.0 0.31629845
116.0 0.319145995
117.0 0.3219864525
118.0 0.32508489500000004
119.0 0.3279496525
120.0 0.33088002
121.0 0.333675725
122.0 0.336961885
123.0 0.33952512
124.0 0.34263227
125.0 0.345269215
126.0 0.34836543
127.0 0.35117389250000003
128.0 0.353977495
129.0 0.35718083250000005
130.0 0.35978639
131.0 0.3630188875
132.0 0.36591260249999996
133.0 0.36851411
134.0 0.371743165
135.0 0.3745633725
136.0 0.377418815
137.0 0.38049235
138.0 0.38354259749999997
139.0 0.3862548725
140.0 0.3892729225
141.0 0.3921362625
142.0 0.3949214375
143.0 0.3979455625
144.0 0.40089152250000004
145.0 0.403690265
146.0 0.40671844
147.0 0.40980858000000003
148.0 0.41260469
149.0 0.41548342
150.0 0.41844902250000005
151.0 0.4214229275
152.0 0.42438448
153.0 0.4273164675
154.0 0.43011156500000003
155.0 0.4333031575
156.0 0.43586922749999996
157.0 0.438850625
158.0 0.441782815
159.0 0.4449553725
160.0 0.44772596750000004
161.0 0.45077905
162.0 0.4534761375
163.0 0.4566197375
164.0 0.459451285
165.0 0.462520365
166.0 0.46545134000000005
167.0 0.468380695
168.0 0.47121366
169.0 0.474232115
170.0 0.47695552750000003
171.0 0.4799970675
172.0 0.48293472499999995
173.0 0.485990035
174.0 0.488511555
175.0 0.49186453999999996
176.0 0.49446908500000003
177.0 0.49753735499999996
178.0 0.5004790625
179.0 0.5033618425
180.0 0.506408445
181.0 0.509253965
182.0 0.5122823425
183.0 0.5149834799999999
184.0 0.5181783125
185.0 0.52097908
186.0 0.5240661825
187.0 0.5269187900000001
188.0 0.529821415
189.0 0.5327936999999999
190.0 0.535904495
191.0 0.5388599725000001
192.0 0.5416969875000001
193.0 0.544750475
194.0 0.547826035
195.0 0.5504680425
196.0 0.5532692149999999
197.0 0.5562275274999999
198.0 0.5590750725
199.0 0.56221442
200.0 0.5650435375
201.0 0.567744675
202.0 0.5708657975
203.0 0.5738247175000001
204.0 0.5769326775
205.0 0.5798940275
206.0 0.58290904
207.0 0.5856245550000001
208.0 0.58872563
209.0 0.5914579525
210.0 0.5944573725000001
211.0 0.5972160200000001
212.0 0.6005530075
213.0 0.6030755400000001
214.0 0.606290015
215.0 0.6090636475
216.0 0.61231923
217.0 0.6149770325
218.0 0.6180884350000001
219.0 0.6208120500000001
220.0 0.623794865
221.0 0.6268570600000001
222.0 0.629635755
223.0 0.6327860375
224.0 0.6356975725
225.0 0.6384797099999999
226.0 0.6411948199999999
227.0 0.64427362
228.0 0.64740102
229.0 0.65002541
230.0 0.6532554775
231.0 0.6560345775
232.0 0.65889164
233.0 0.66203119
234.0 0.66494799
235.0 0.66796361
236.0 0.670959385
237.0 0.6738464175
238.0 0.6768193100000001
239.0 0.67943317
240.0 0.6825741375
241.0 0.6854160125
242.0 0.6883435450000001
243.0 0.691233615
244.0 0.6943235525
245.0 0.6971480124999999
246.0 0.7002270150000001
247.0 0.7031642674999999
248.0 0.7063293325000001
249.0 0.70895595
250.0 0.712088615
251.0 0.7146502299999999
252.0 0.71776224
253.0 0.7207217674999999
254.0 0.7238475475
255.0 0.72668112
256.0 0.7294160749999999
257.0 0.73258114
258.0 0.735628755
259.0 0.7382889875
260.0 0.7413829749999999
261.0 0.7440760125
262.0 0.74749562
263.0 0.749837725
264.0 0.75327252
265.0 0.7558456775
266.0 0.7588698025
267.0 0.7621551525
268.0 0.7644081575
269.0 0.767443015
270.0 0.770670855
271.0 0.773546345
272.0 0.776477725
273.0 0.77937549
274.0 0.7828554425
275.0 0.7856477049999999
276.0 0.78840129
277.0 0.7910696225
278.0 0.7939852075
279.0 0.79700103
280.0 0.7998459425
281.0 0.80303875
282.0 0.8058595649999999
283.0 0.8091544325
284.0 0.8118464575000001
285.0 0.814678005
286.0 0.8179921099999999
287.0 0.8205148449999999
288.0 0.823503735
289.0 0.8265748399999999
290.0 0.829517965
291.0 0.8322486674999999
292.0 0.8353865975
293.0 0.8382952975
294.0 0.84151848
295.0 0.8440632874999999
296.0 0.8472145825
297.0 0.849437415
298.0 0.8532043100000001
299.0 0.8557203625
300.0 0.859181685
301.0 0.86169794
302.0 0.8647595275
303.0 0.8676550649999999
304.0 0.87042323
305.0 0.87350284
306.0 0.8766359100000001
307.0 0.8797452875
308.0 0.8825041375
309.0 0.8853190799999999
310.0 0.8882962249999999
311.0 0.89118427
312.0 0.89407515
313.0 0.8968714625
314.0 0.899812765
315.0 0.90281421
316.0 0.90581525
317.0 0.9087103824999999
318.0 0.9114508050000001
319.0 0.914683505
320.0 0.9174146125
321.0 0.920400465
322.0 0.92361008
323.0 0.9264845575
324.0 0.9292312574999999
325.0 0.9322839350000001
326.0 0.9351328975
327.0 0.9380310675
328.0 0.9411546199999999
329.0 0.944200615
330.0 0.9470892675
331.0 0.9499716425
332.0 0.9532699525
333.0 0.9559702800000001
334.0 0.958970105
335.0 0.96161272
336.0 0.9647589525
337.0 0.9674910725
338.0 0.9705435474999999
339.0 0.9733481625
340.0 0.97616513
341.0 0.9793097425
342.0 0.98235351
343.0 0.98506943
344.0 0.988124335
345.0 0.99121569
346.0 0.994179875
347.0 0.99735142
348.0 0.9997743225
349.0 1.0028751949999999
350.0 1.0056868975
351.0 1.0088944875
352.0 1.01171834
353.0 1.0145043249999999
354.0 1.0175962875
355.0 1.02023951
356.0 1.0232375125
357.0 1.026372
358.0 1.0293639275
359.0 1.0318544649999999
360.0 1.034758305
361.0 1.0381872275000001
362.0 1.04104186
363.0 1.0438272375
364.0 1.0470967924999999
365.0 1.0497600625
366.0 1.0529482124999998
367.0 1.055500715
368.0 1.0586704375
369.0 1.0615204125000002
370.0 1.0643827399999999
371.0 1.067676595
372.0 1.070154375
373.0 1.073309315
374.0 1.0761979675
375.0 1.07969817
376.0 1.0820911025
377.0 1.085160385
378.0 1.08767178
379.0 1.0909860875
380.0 1.0939441975
381.0 1.0968204975
382.0 1.0997263625
383.0 1.1023078225
384.0 1.105395735
385.0 1.10901197
386.0 1.1115363249999999
387.0 1.11433851
388.0 1.1172295925
389.0 1.1204963125
390.0 1.1234493600000002
391.0 1.1260138100000001
392.0 1.1292730375000002
393.0 1.1322119099999999
394.0 1.13518055
395.0 1.1378349099999998
396.0 1.1405562975
397.0 1.14385076
398.0 1.1465324575
399.0 1.1495336999999999
400.0 1.1524717625
401.0 1.1556311575
402.0 1.1586305774999999
403.0 1.1616046850000001
404.0 1.1643568525
405.0 1.1674540800000002
406.0 1.1703917375000001
407.0 1.1728233474999998
408.0 1.1760161550000001
409.0 1.1792128100000001
410.0 1.1819447275000001
411.0 1.1851203225
412.0 1.18775585
413.0 1.1907469675
414.0 1.1936060549999998
415.0 1.1965238674999998
416.0 1.1996595700000001
417.0 1.202239815
418.0 1.20545348
419.0 1.2085968775
420.0 1.211280195
421.0 1.2145815425
422.0 1.2175185925
423.0 1.22004801
424.0 1.223131265
425.0 1.2258688525
426.0 1.229102565
427.0 1.2318851075
428.0 1.23496087
429.0 1.2375720975
430.0 1.241341625
431.0 1.2435344875
432.0 1.2469417425
433.0 1.2494814875
434.0 1.25282536
435.0 1.2554483325
436.0 1.2586366850000001
437.0 1.2613957375
438.0 1.26419286
439.0 1.267292315
440.0 1.27021681
441.0 1.273259565
442.0 1.2760676225
443.0 1.2788973474999998
444.0 1.2814208925000001
445.0 1.284889505
446.0 1.2878295925
447.0 1.29085068
448.0 1.29354311
449.0 1.296539695
450.0 1.2991193325000001
451.0 1.3026962825
452.0 1.305064915
453.0 1.3086430800000002
454.0 1.311415295
455.0 1.3141103575
456.0 1.3171895625
457.0 1.3198864475
458.0 1.32318172
459.0 1.325872125
460.0 1.3293686825000002
461.0 1.3319760625
462.0 1.3349570549999998
463.0 1.337775845
464.0 1.3405563625
465.0 1.3437975674999998
466.0 1.3463389325000001
467.0 1.3498915825
468.0 1.35248094
469.0 1.3552539650000002
470.0 1.3582616875
471.0 1.361188815
472.0 1.36406633
473.0 1.3670971375
474.0 1.3701192375
475.0 1.3725030575000001
476.0 1.37596033
477.0 1.3789137825
478.0 1.3816341575
479.0 1.3842903400000002
480.0 1.38785919
481.0 1.3903053799999998
482.0 1.3935516475
483.0 1.3966972725
484.0 1.399430405
485.0 1.40219776
486.0 1.405391985
487.0 1.4086024099999999
488.0 1.411134865
489.0 1.4136687375
490.0 1.417422065
491.0 1.4196566425000001
492.0 1.4229958575
493.0 1.4260191725000002
494.0 1.4287885525
495.0 1.431592965
496.0 1.43458955
497.0 1.4377673725
498.0 1.44051225
499.0 1.4431734950000001
500.0 1.4461372749999999
501.0 1.4494025775
502.0 1.4519720900000002
503.0 1.455663655
504.0 1.458235395
505.0 1.4608008575
506.0 1.4636097250000002
507.0 1.4672348700000002
508.0 1.47038171
509.0 1.4728110925
510.0 1.4760429824999999
511.0 1.4785746275
512.0 1.4813492725
513.0 1.48464819
514.0 1.487395295
515.0 1.4904913075000001
516.0 1.4932793174999999
517.0 1.4962441100000001
518.0 1.4992514275
519.0 1.50173103
520.0 1.5054140900000001
521.0 1.5081383125
522.0 1.5110622
523.0 1.5137204075
524.0 1.5169749775
525.0 1.52022894
526.0 1.5230390225
527.0 1.525690345
528.0 1.5289661775
529.0 1.5315812524999999
530.0 1.5348410874999998
531.0 1.5375225825
532.0 1.5408626074999998
533.0 1.54374235
534.0 1.5465743025
535.0 1.5490460075
536.0 1.5521928475
537.0 1.5552799499999999
538.0 1.558138835
539.0 1.56110626
540.0 1.5643671074999999
541.0 1.5668286875
542.0 1.5700237225
543.0 1.5730409625
544.0 1.5758561075
545.0 1.578555625
546.0 1.5813365475
547.0 1.5843991474999999
548.0 1.58757697
549.0 1.5903291375
550.0 1.5936728075000002
551.0 1.5967107024999998
552.0 1.598835525
553.0 1.602125735
554.0 1.6053193525
555.0 1.6079891025
556.0 1.6112979424999998
557.0 1.61430202
558.0 1.616802075
559.0 1.61984726
560.0 1.6231518475
561.0 1.6253428875
562.0 1.6288748825000001
563.0 1.6315057524999999
564.0 1.6345027424999998
565.0 1.6374325025
566.0 1.6404394150000001
567.0 1.64351619
568.0 1.6461027124999998
569.0 1.6491715900000001
570.0 1.6519047224999999
571.0 1.6552168025
572.0 1.65837073
573.0 1.66069785
574.0 1.6638902524999999
575.0 1.6665992875000002
576.0 1.6699401225000001
577.0 1.6724859424999998
578.0 1.6755448975
579.0 1.67881425
580.0 1.6815542675000001
581.0 1.6847715774999998
582.0 1.68789999
583.0 1.690404905
584.0 1.6931461374999999
585.0 1.696627305
586.0 1.699410455
587.0 1.70196073
588.0 1.705310475
589.0 1.707850625
590.0 1.7106700225
591.0 1.7138658675
592.0 1.7164418600000002
593.0 1.719814285
594.0 1.722780495
595.0 1.725532055
596.0 1.72895713
597.0 1.7312893125
598.0 1.73473565
599.0 1.7374892350000002
600.0 1.7405155875
601.0 1.743313115
602.0 1.745825725
603.0 1.7491655475
604.0 1.7516279375
605.0 1.75501798
606.0 1.758204915
607.0 1.7606982875000001
608.0 1.7639239
609.0 1.76642193
610.0 1.77007097
611.0 1.77253012
612.0 1.77598557
613.0 1.7786441825000001
614.0 1.781497195
615.0 1.7846863574999998
616.0 1.7872204325
617.0 1.789915495
618.0 1.793096355
619.0 1.7957501075
620.0 1.7992869624999999
621.0 1.8016740224999999
622.0 1.804834025
623.0 1.8078692875000002
624.0 1.8114075600000001
625.0 1.81419719
626.0 1.816579795
627.0 1.8198584624999998
628.0 1.8226833274999998
629.0 1.8255393775
630.0 1.82875932
631.0 1.83127112
632.0 1.834485595
633.0 1.8375759375
634.0 1.8406506875
635.0 1.843376125
636.0 1.8462173925
637.0 1.848898685
638.0 1.8518924350000001
639.0 1.85455206
640.0 1.8574779725
641.0 1.8607329475
642.0 1.863848805
643.0 1.8666013774999999
644.0 1.869530935
645.0 1.8723940725000001
646.0 1.8755838425
647.0 1.87867864
648.0 1.881755415
649.0 1.8841266799999998
650.0 1.8871734850000002
651.0 1.8903792525
652.0 1.8935224475
653.0 1.8963521725
654.0 1.899303195
655.0 1.9018249175
656.0 1.9049511025
657.0 1.90732905
658.0 1.91137661
659.0 1.9139542225
660.0 1.9168750725
661.0 1.919296355
662.0 1.922336275
663.0 1.92535068
664.0 1.9286135524999999
665.0 1.9310889025
666.0 1.933800165
667.0 1.9372766750000001
668.0 1.940104375
669.0 1.9433569199999998
670.0 1.94588492
671.0 1.949154475
672.0 1.9524776924999998
673.0 1.9549259075
674.0 1.9571489425
675.0 1.96078563
676.0 1.9638042875000001
677.0 1.9669885900000001
678.0 1.9695317775
679.0 1.9731463925000001
680.0 1.9757217775
681.0 1.9785594
682.0 1.9813553075
683.0 1.9839185424999999
684.0 1.9870613325
685.0 1.9903118525
686.0 1.9931515
687.0 1.995593235
688.0 1.998809735
689.0 2.0018620075
690.0 2.00478063
691.0 2.0078632775000003
692.0 2.0103677875
693.0 2.01370842
694.0 2.01654422
695.0 2.0194189
696.0 2.0225602725
697.0 2.0250210425
698.0 2.02767277
699.0 2.0306889975
700.0 2.0341092124999998
701.0 2.037011635
702.0 2.040657435
703.0 2.0430054125
704.0 2.046155695
705.0 2.048800335
706.0 2.05190951
707.0 2.0545304575
708.0 2.0577769275
709.0 2.0604932525
710.0 2.063581165
711.0 2.0663948925
712.0 2.069191205
713.0 2.0721525549999997
714.0 2.07494583
715.0 2.07786425
716.0 2.0811068725
717.0 2.0843249925
718.0 2.0870129675
719.0 2.0901970674999997
720.0 2.0930016825
721.0 2.0958338375
722.0 2.0984594425
723.0 2.102134605
724.0 2.10453341
725.0 2.1078096475
726.0 2.11050147
727.0 2.11383461
728.0 2.1161187999999997
729.0 2.1197210625
730.0 2.12202206
731.0 2.1254639424999997
732.0 2.128229475
733.0 2.131205
734.0 2.1339101875
735.0 2.1368111924999997
736.0 2.1402065
737.0 2.1430429075000004
738.0 2.1458738475000003
739.0 2.148481835
740.0 2.1515136549999996
741.0 2.154978825
742.0 2.1576125299999998
743.0 2.1608517099999998
744.0 2.1632733975
745.0 2.166590945
746.0 2.1691333224999996
747.0 2.1723441525
748.0 2.1746793725
749.0 2.178531115
750.0 2.1811496325
751.0 2.18372441
752.0 2.1868595049999997
753.0 2.1899915625
754.0 2.19300212
755.0 2.195646355
756.0 2.1988614375
757.0 2.20164641
758.0 2.2043912875
759.0 2.2074777825000003
760.0 2.2110118025000003
761.0 2.21324881
762.0 2.21599794
763.0 2.219162195
764.0 2.2230277075
765.0 2.2251741975
766.0 2.22838037
767.0 2.2310138725
768.0 2.2336601325
769.0 2.2366879025
770.0 2.2397282275
771.0 2.2426806675
772.0 2.246190995
773.0 2.2486092400000004
774.0 2.251716795
775.0 2.2544319049999997
776.0 2.2573792825
777.0 2.26050567
778.0 2.2639135325
779.0 2.2661878
780.0 2.2690136775000003
781.0 2.271624905
782.0 2.2751899075
783.0 2.2784234175
784.0 2.281187735
785.0 2.2841849275
786.0 2.2871584275
787.0 2.2893365075
788.0 2.2925544249999996
789.0 2.295826005
790.0 2.2984910975000004
791.0 2.30129146
792.0 2.3045934150000003
793.0 2.307245345
794.0 2.3106730525000003
795.0 2.3138328525
796.0 2.3166388849999997
797.0 2.31878821
798.0 2.3224176075
799.0 2.3254603625
800.0 2.3280744249999996
801.0 2.33075106
802.0 2.3339920625
803.0 2.33677177
804.0 2.3393977799999996
805.0 2.3424403325
806.0 2.3458471825
807.0 2.3480345775
808.0 2.35167248
809.0 2.3549065975000003
810.0 2.3575686525
811.0 2.3608924775
812.0 2.3633123425
813.0 2.3658877275
814.0 2.369057045
815.0 2.3723446225
816.0 2.375121495
817.0 2.3780741375
818.0 2.3806754425
819.0 2.38376214
820.0 2.3865126875
821.0 2.3897326299999997
822.0 2.3923505400000002
823.0 2.3952675425
824.0 2.3985998725
825.0 2.4013720875
826.0 2.4045624649999997
827.0 2.4064969375
828.0 2.409951375
829.0 2.4138059525
830.0 2.4161879500000003
831.0 2.419027395
832.0 2.4220871600000002
833.0 2.4251932975
834.0 2.42798718
835.0 2.4305473775
836.0 2.4337211499999998
837.0 2.4365737574999997
838.0 2.4398771299999997
839.0 2.4425434375
840.0 2.4462779325
841.0 2.4483983
842.0 2.451579565
843.0 2.4543936974999996
844.0 2.4573759049999997
845.0 2.4606373599999998
846.0 2.4624495225
847.0 2.4663788225
848.0 2.4686277775
849.0 2.4722280150000002
850.0 2.4752798824999998
851.0 2.4778467625
852.0 2.480641455
853.0 2.4842587025
854.0 2.486815255
855.0 2.4896366775
856.0 2.49209846
857.0 2.4955913725
858.0 2.49894294
859.0 2.5016132975
860.0 2.503826005
861.0 2.507637045
862.0 2.51006096
863.0 2.512738405
864.0 2.5158716775000003
865.0 2.5187767325
866.0 2.5218691
867.0 2.5250965350000003
868.0 2.527896695
869.0 2.5304054575
870.0 2.5335362999999997
871.0 2.53677305
872.0 2.539948645
873.0 2.5427502225
874.0 2.545619435
875.0 2.5486368775
876.0 2.551074765
877.0 2.5543489775
878.0 2.5572151525
879.0 2.56004751
880.0 2.56341791
881.0 2.565999775
882.0 2.569085055
883.0 2.5720004375
884.0 2.574905695
885.0 2.5781307
886.0 2.580603215
887.0 2.5840544125
888.0 2.5866593625
889.0 2.5896053224999998
890.0 2.59235587
891.0 2.5954644375
892.0 2.598501725
893.0 2.6010675924999997
894.0 2.6042612099999998
895.0 2.60725901
896.0 2.6100419575
897.0 2.61352758
898.0 2.6160385699999997
899.0 2.61895618
900.0 2.621614185
901.0 2.6250159725
902.0 2.6276446150000003
903.0 2.630757435
904.0 2.6337208100000002
905.0 2.6369634325
906.0 2.6397218775
907.0 2.6422243625
908.0 2.6449520275
909.0 2.648541735
910.0 2.65101425
911.0 2.6541566349999997
912.0 2.6569310775000003
913.0 2.65984889
914.0 2.6629096675
915.0 2.66564928
916.0 2.66898242
917.0 2.6721019225
918.0 2.6742800024999998
919.0 2.6777087225000002
920.0 2.6804797225000003
921.0 2.683480155
922.0 2.6869852174999997
923.0 2.689297555
924.0 2.6928819975000002
925.0 2.69558921
926.0 2.6984025325000003
927.0 2.700958275
928.0 2.7040996475
929.0 2.7070057149999998
930.0 2.710061835
931.0 2.7127054624999998
932.0 2.71645798
933.0 2.7189533775
934.0 2.722048175
935.0 2.725092955
936.0 2.7276636825000002
937.0 2.73034862
938.0 2.733197785
939.0 2.7366376425
940.0 2.7393539674999996
941.0 2.7422250025
942.0 2.7449862825
943.0 2.7474381425
944.0 2.751353065
945.0 2.753833275
946.0 2.756244635
947.0 2.75986978
948.0 2.76322479
949.0 2.7661280225
950.0 2.7686195724999996
951.0 2.771474205
952.0 2.7747842599999997
953.0 2.776689775
954.0 2.780258625
955.0 2.783645225
956.0 2.7867592599999997
957.0 2.789685375
958.0 2.7921305525
959.0 2.7955617025
960.0 2.7980670225
961.0 2.8014568625
962.0 2.80405513
963.0 2.80732752
964.0 2.8097905175
965.0 2.8122780175
966.0 2.816305935
967.0 2.8185226924999998
968.0 2.82154702
969.0 2.8246314900000002
970.0 2.8273897325
971.0 2.830843765
972.0 2.83336488
973.0 2.8363724
974.0 2.8393473174999997
975.0 2.8419393075
976.0 2.8448605625
977.0 2.84823967
978.0 2.850999735
979.0 2.85418586
980.0 2.857207555
981.0 2.8596766275
982.0 2.8627610975
983.0 2.8662641349999998
984.0 2.868761355
985.0 2.87127437
986.0 2.8750953325
987.0 2.8774038225
988.0 2.88045812
989.0 2.88337006
990.0 2.88609651
991.0 2.8895059925
992.0 2.8923976825
993.0 2.895272565
994.0 2.89800266
995.0 2.9014477825
996.0 2.904042
997.0 2.907084755
998.0 2.9100949075
999.0 2.9122814925
1000.0 2.91593033
