1.0 0.0065645
2.0 0.0088217575
3.0 0.011086575000000001
4.0 0.013365094999999999
5.0 0.0156646075
6.0 0.0179428575
7.0 0.020270787499999998
8.0 0.022574822499999998
9.0 0.02492026875
10.0 0.027253294999999997
11.0 0.029581258750000002
12.0 0.03197898375
13.0 0.03437313125
14.0 0.036757525
15.0 0.039152448750000006
16.0 0.041554527499999994
17.0 0.043997072500000005
18.0 0.046411875
19.0 0.04885836875
20.0 0.05136784
21.0 0.05375965875
22.0 0.05631287
23.0 0.058769455000000005
24.0 0.06134025
25.0 0.06373757
26.0 0.06630272875
27.0 0.06882998625
28.0 0.071350865
29.0 0.07388875375000001
30.0 0.07646083125
31.0 0.07903864625000001
32.0 0.081488515
33.0 0.08416970625
34.0 0.08674515875
35.0 0.08932294
36.0 0.09197000999999999
37.0 0.09450125
38.0 0.09707349625
39.0 0.09972853125
40.0 0.102363215
41.0 0.1049775475
42.0 0.10763845500000001
43.0 0.11031377375
44.0 0.1128499075
45.0 0.1156280625
46.0 0.11818657249999999
47.0 0.1208723875
48.0 0.12362229375
49.0 0.12619173875
50.0 0.12887698
51.0 0.13146360375000002
52.0 0.13417317874999998
53.0 0.13708788625
54.0 0.13954008375
55.0 0.14241105124999998
56.0 0.14490374875
57.0 0.1477710375
58.0 0.15051473375000002
59.0 0.15306696625
60.0 0.155892405
61.0 0.158561345
62.0 0.16135192
63.0 0.16409446875
64.0 0.16665115625
65.0 0.16945523125
66.0 0.17214864000000002
67.0 0.174818255
68.0 0.17761912375
69.0 0.1802859375
70.0 0.18320591
71.0 0.18593009875
72.0 0.1885993425
73.0 0.1914023375
74.0 0.19416587875
75.0 0.19691187
76.0 0.19976491625
77.0 0.20243581375
78.0 0.205070565
79.0 0.20799961625
80.0 0.21078776125
81.0 0.21359173499999998
82.0 0.21639763250000002
83.0 0.21899563
84.0 0.22179909750000001
85.0 0.2245112375
86.0 0.2273331325
87.0 0.23017180125
88.0 0.23284749124999998
89.0 0.2356211575
90.0 0.23851470374999997
91.0 0.24121017125000002
92.0 0.24419696875
93.0 0.2468286825
94.0 0.24970329500000002
95.0 0.2524065925
96.0 0.25522474125
97.0 0.25797218375
98.0 0.2608239475
99.0 0.263598795
100.0 0.266431355
101.0 0.26925510625
102.0 0.27209387625
103.0 0.27480999875
104.0 0.2775462025
105.0 0.28037747999999996
106.0 0.28321891625
107.0 0.28587057625
108.0 0.28872979875000004
109.0 0.29152185875000003
110.0 0.29442245875
111.0 0.29723321625
112.0 0.299899895
113.0 0.30268348375000004
114.0 0.3057312675
115.0 0.3082988225
116.0 0.311182615
117.0 0.31418223749999996
118.0 0.3166625825
119.0 0.31958211625000005
120.0 0.3224301675
121.0 0.32535554
122.0 0.32797793875
123.0 0.33093172875
124.0 0.33360026374999996
125.0 0.33648840999999996
126.0 0.33922501875
127.0 0.34212730625000004
128.0 0.34490836375
129.0 0.34778425874999996
130.0 0.35069052875
131.0 0.35355471250000003
132.0 0.35616914625
133.0 0.35916714875
134.0 0.3619264375
135.0 0.36467600624999996
136.0 0.36739165625
137.0 0.37011716125
138.0 0.37316329125000003
139.0 0.3758822825
140.0 0.3787384675
141.0 0.38143639875
142.0 0.38445417875000004
143.0 0.38741077
144.0 0.3901815675
145.0 0.39285097999999996
146.0 0.39572053
147.0 0.3983993925
148.0 0.4012979675
149.0 0.40403751250000003
150.0 0.4068796575
151.0 0.40986915500000004
152.0 0.41249658250000004
153.0 0.41546613374999997
154.0 0.41803152875
155.0 0.4211373625
156.0 0.42387700875
157.0 0.4266102425
158.0 0.42951388
159.0 0.43219061625000005
160.0 0.43502607875
161.0 0.43792465375
162.0 0.44081661375000003
163.0 0.443797505
164.0 0.44636529625
165.0 0.44946853125
166.0 0.45200172875
167.0 0.45495346000000003
168.0 0.4576227375
169.0 0.46046825750000003
170.0 0.4631501575
171.0 0.46610772749999996
172.0 0.46888665875
173.0 0.47199529375
174.0 0.4745298075
175.0 0.47735504375
176.0 0.48009209125
177.0 0.48311517
178.0 0.4858906925
179.0 0.4887736075
180.0 0.491468535
181.0 0.49434986375
182.0 0.49722663624999996
183.0 0.49982551124999997
184.0 0.5028059975
185.0 0.50556852625
186.0 0.5085757425
187.0 0.51131187875
188.0 0.51407174125
189.0 0.5170753125
190.0 0.519798455
191.0 0.522346165
192.0 0.525436305
193.0 0.52798276625
194.0 0.53104577125
195.0 0.53377789125
196.0 0.53692027625
197.0 0.5393571850000001
198.0 0.54219538125
199.0 0.5452571374999999
200.0 0.5478587125000001
201.0 0.55073194125
202.0 0.55350402125
203.0 0.55626874375
204.0 0.5592160537499999
205.0 0.5617066587499999
206.0 0.56481866875
207.0 0.56775443625
208.0 0.57027649625
209.0 0.57332937625
210.0 0.5763475275
211.0 0.57896823875
212.0 0.5816816275
213.0 0.58449842625
214.0 0.58732801625
215.0 0.59021140375
216.0 0.59309749125
217.0 0.5958491524999999
218.0 0.5984822837499999
219.0 0.60134569125
220.0 0.6045574662500001
221.0 0.6071501650000001
222.0 0.6100119525000001
223.0 0.61273587125
224.0 0.61550677
225.0 0.61841489625
226.0 0.6214266012499999
227.0 0.6238442049999999
228.0 0.62680511625
229.0 0.62960001125
230.0 0.63262271875
231.0 0.63539196375
232.0 0.638206535
233.0 0.6406915712500001
234.0 0.6438084075
235.0 0.6467670912500001
236.0 0.64930255
237.0 0.65226984
238.0 0.6550242687500001
239.0 0.6578119075
240.0 0.66083444625
241.0 0.6638378825
242.0 0.666407395
243.0 0.6692211225000001
244.0 0.6719774749999999
245.0 0.6748463837500001
246.0 0.67754418
247.0 0.680608265
248.0 0.6833292475
249.0 0.68624419125
250.0 0.6891605187500001
251.0 0.69175109125
252.0 0.69445182375
253.0 0.697294475
254.0 0.7003165075
255.0 0.7031423175
256.0 0.70563862625
257.0 0.70885269625
258.0 0.711539355
259.0 0.71430775625
260.0 0.7171300899999999
261.0 0.72018010125
262.0 0.7226590287500001
263.0 0.7256723199999999
264.0 0.7285427475
265.0 0.73135596875
266.0 0.7340860975
267.0 0.7370290875000001
268.0 0.73974477125
269.0 0.7425913037499999
270.0 0.7453221075
271.0 0.74818372625
272.0 0.7513223649999999
273.0 0.75389035875
274.0 0.75667681625
275.0 0.7592840275
276.0 0.7623263100000001
277.0 0.76501931375
278.0 0.7680136375
279.0 0.77092115625
280.0 0.773718515
281.0 0.77652647125
282.0 0.7791683774999999
283.0 0.78199817
284.0 0.78501517375
285.0 0.7876983225
286.0 0.7904320287500001
287.0 0.7934206487500001
288.0 0.7960635675
289.0 0.79933011875
290.0 0.8016766787499999
291.0 0.80470752
292.0 0.80729171375
293.0 0.81035239
294.0 0.8133061800000001
295.0 0.8160404262500001
296.0 0.8188190875
297.0 0.82159218
298.0 0.82431447875
299.0 0.8273491675
300.0 0.8304121725
301.0 0.8330419287499999
302.0 0.83581205125
303.0 0.83858291625
304.0 0.84136039625
305.0 0.844048135
306.0 0.847122615
307.0 0.8500053275
308.0 0.8527530400000001
309.0 0.8555081437500001
310.0 0.85829088875
311.0 0.8612501125
312.0 0.86399212125
313.0 0.8668010225
314.0 0.86984995375
315.0 0.872673705
316.0 0.8751739625
317.0 0.87784779625
318.0 0.88125977625
319.0 0.88374545375
320.0 0.886464715
321.0 0.8896533375
322.0 0.8921984150000001
323.0 0.89495642125
324.0 0.8979965437499999
325.0 0.90047121875
326.0 0.903298615
327.0 0.90664204875
328.0 0.9092011999999999
329.0 0.9119228575
330.0 0.9148751625
331.0 0.91755443
332.0 0.9206067025
333.0 0.92322653625
334.0 0.92655555875
335.0 0.9291313149999999
336.0 0.93196485375
337.0 0.93459288875
338.0 0.93734478625
339.0 0.9401122425
340.0 0.9432924275
341.0 0.9460436837499999
342.0 0.9485452575
343.0 0.9513483199999999
344.0 0.9546600625
345.0 0.9569786775
346.0 0.96024860375
347.0 0.96285247375
348.0 0.9655206375
349.0 0.96853244375
350.0 0.9715344625
351.0 0.974293515
352.0 0.9770672825
353.0 0.97993234375
354.0 0.98253942
355.0 0.98559014
356.0 0.988122325
357.0 0.99137001
358.0 0.99395643125
359.0 0.99685885375
360.0 0.9995501025000001
361.0 1.00257054875
362.0 1.0054019275
363.0 1.007810655
364.0 1.01079627125
365.0 1.0134360175
366.0 1.0165985174999999
367.0 1.01913735125
368.0 1.0223815600000001
369.0 1.0250345024999998
370.0 1.02757374125
371.0 1.03072827625
372.0 1.0335203025
373.0 1.0364674775
374.0 1.0390390825
375.0 1.0414960387499999
376.0 1.04478186125
377.0 1.04745876625
378.0 1.05023759625
379.0 1.0534120775
380.0 1.0562438275
381.0 1.058904735
382.0 1.06177901
383.0 1.0641831474999999
384.0 1.0674556725000002
385.0 1.07038128125
386.0 1.073111545
387.0 1.0760272649999998
388.0 1.07841570875
389.0 1.0812964299999999
390.0 1.08442838625
391.0 1.087012445
392.0 1.0898509112499999
393.0 1.09256095875
394.0 1.0956070549999999
395.0 1.09868467375
396.0 1.10115367875
397.0 1.10408607125
398.0 1.107143035
399.0 1.109888385
400.0 1.1123784162500001
401.0 1.11506308375
402.0 1.11822717
403.0 1.1212033024999999
404.0 1.1238074087499998
405.0 1.1265777337499998
406.0 1.1296267325
407.0 1.13240930875
408.0 1.13554183875
409.0 1.1381463162499998
410.0 1.1406092462500002
411.0 1.14343201875
412.0 1.1465575962499999
413.0 1.1494125662499999
414.0 1.15215535125
415.0 1.1546741375
416.0 1.15759697875
417.0 1.160633085
418.0 1.16363908625
419.0 1.16601338875
420.0 1.16928726375
421.0 1.1719989987500001
422.0 1.17469466875
423.0 1.1772279675000001
424.0 1.18020086
425.0 1.18316501125
426.0 1.1859208575
427.0 1.18883985125
428.0 1.1915142925
429.0 1.1944159724999999
430.0 1.196902595
431.0 1.20003698125
432.0 1.2029378174999998
433.0 1.20580598375
434.0 1.20870192625
435.0 1.2110832150000002
436.0 1.2141665375000001
437.0 1.2170324424999999
438.0 1.21925854875
439.0 1.2228215262500002
440.0 1.22536414
441.0 1.22816575125
442.0 1.2310456625000001
443.0 1.2339330325
444.0 1.2367389637500001
445.0 1.2399028475
446.0 1.2425190362499998
447.0 1.2451564199999998
448.0 1.24792131125
449.0 1.2510230275
450.0 1.25380627875
451.0 1.2565324924999999
452.0 1.259664685
453.0 1.26207105
454.0 1.2649565975
455.0 1.2676834524999998
456.0 1.2710679599999999
457.0 1.2734740549999999
458.0 1.2764785375
459.0 1.27902540375
460.0 1.28198263625
461.0 1.2849619075
462.0 1.2872755275
463.0 1.2903846350000001
464.0 1.2931303225
465.0 1.2962137125
466.0 1.29905899625
467.0 1.30210262875
468.0 1.3043894512499998
469.0 1.3074972425
470.0 1.31031377125
471.0 1.31337681
472.0 1.31578435625
473.0 1.31866727125
474.0 1.32143226375
475.0 1.3244385349999999
476.0 1.32734942875
477.0 1.32981681375
478.0 1.33246165625
479.0 1.33581774625
480.0 1.3386015375
481.0 1.34086706375
482.0 1.34415751
483.0 1.34692624875
484.0 1.3495782462500001
485.0 1.3528504675
486.0 1.3557636899999999
487.0 1.3581973587499998
488.0 1.360981015
489.0 1.36359065625
490.0 1.366871855
491.0 1.3694544624999998
492.0 1.37224378875
493.0 1.3748690225
494.0 1.37806804
495.0 1.38047241375
496.0 1.3836115249999998
497.0 1.38649876
498.0 1.3890914250000002
499.0 1.39234802
500.0 1.3948675149999998
501.0 1.3977035175
502.0 1.40056236875
503.0 1.40325554125
504.0 1.4060396025
505.0 1.40921610875
506.0 1.4120465762499999
507.0 1.4147697525
508.0 1.41739451375
509.0 1.4200053025
510.0 1.42303182375
511.0 1.425805895
512.0 1.428873085
513.0 1.43173855125
514.0 1.4346734075
515.0 1.43725733125
516.0 1.4403407549999998
517.0 1.443042095
518.0 1.44554130625
519.0 1.448597325
520.0 1.45129097
521.0 1.45407746125
522.0 1.4570804924999998
523.0 1.4600167325
524.0 1.46256451
525.0 1.4655981525000001
526.0 1.46837296625
527.0 1.47083569375
528.0 1.4735913374999998
529.0 1.47704304125
530.0 1.47971434375
531.0 1.48252597875
532.0 1.4852925237499999
533.0 1.48833055375
534.0 1.4910141412500002
535.0 1.49331898625
536.0 1.4964491875
537.0 1.4989846125000001
538.0 1.50212801
539.0 1.5050474087499999
540.0 1.5079916812499998
541.0 1.51051198625
542.0 1.51300897
543.0 1.51610994375
544.0 1.5189319399999999
545.0 1.52213936125
546.0 1.5252058425000001
547.0 1.52794366625
548.0 1.5303636999999999
549.0 1.53344732625
550.0 1.53620297
551.0 1.53917994625
552.0 1.54166015625
553.0 1.54451134625
554.0 1.5475964575
555.0 1.5500777137500001
556.0 1.5531947525
557.0 1.55575835875
558.0 1.5590022975000002
559.0 1.5615774125000002
560.0 1.5645286375
561.0 1.5668323687499999
562.0 1.5700069175
563.0 1.57245935125
564.0 1.5751982549999999
565.0 1.57829288375
566.0 1.58122531
567.0 1.58400957375
568.0 1.58719333625
569.0 1.58985556
570.0 1.5923957775000002
571.0 1.5952865562499998
572.0 1.59786909625
573.0 1.60094364375
574.0 1.60387806125
575.0 1.60638463
576.0 1.60942053375
577.0 1.6124871162499999
578.0 1.6151504875
579.0 1.6179336712499999
580.0 1.6207477024999999
581.0 1.62356207125
582.0 1.62642669375
583.0 1.6289925275000001
584.0 1.63219373875
585.0 1.63506852
586.0 1.6378196412500001
587.0 1.6403868925
588.0 1.643051175
589.0 1.6461204575
590.0 1.6489906825
591.0 1.65223900875
592.0 1.6545093274999998
593.0 1.6572027024999998
594.0 1.6600898700000002
595.0 1.663271945
596.0 1.66600231
597.0 1.6691283262499998
598.0 1.671719135
599.0 1.6744213525
600.0 1.6771243462499998
601.0 1.68034145375
602.0 1.68284839375
603.0 1.6857345825
604.0 1.6885883375
605.0 1.6916331175
606.0 1.69427927625
607.0 1.696681355
608.0 1.6995955900000002
609.0 1.7027049675
610.0 1.7057534937499998
611.0 1.708514605
612.0 1.71094969125
613.0 1.71394546625
614.0 1.7169165362499998
615.0 1.7197052549999998
616.0 1.7228295500000002
617.0 1.7253985900000002
618.0 1.72815605625
619.0 1.73096944625
620.0 1.7334626499999999
621.0 1.73630968875
622.0 1.7393646612499998
623.0 1.742313625
624.0 1.74544612125
625.0 1.7478426312500002
626.0 1.7509582525
627.0 1.7539758975
628.0 1.7565566825
629.0 1.75922444125
630.0 1.762226055
631.0 1.7648893587499999
632.0 1.7676732175
633.0 1.77077250375
634.0 1.77348693875
635.0 1.77575877625
636.0 1.7791778775
637.0 1.78157340875
638.0 1.784514745
639.0 1.78735284
640.0 1.7902121637500001
641.0 1.79334601
642.0 1.7958112012499998
643.0 1.7985148700000002
644.0 1.8013915075
645.0 1.80455556
646.0 1.80707191625
647.0 1.8099084250000002
648.0 1.812641895
649.0 1.8160663962499999
650.0 1.81869483625
651.0 1.82089343625
652.0 1.8246457175
653.0 1.8267432024999999
654.0 1.82964410625
655.0 1.8330258799999999
656.0 1.8352437849999998
657.0 1.8385111125
658.0 1.84095267875
659.0 1.8438803125
660.0 1.84650669375
661.0 1.85001746
662.0 1.8524063425000001
663.0 1.8550292137500002
664.0 1.857835415
665.0 1.8611105049999999
666.0 1.86310015875
667.0 1.866598775
668.0 1.8690351775
669.0 1.8722631525000002
670.0 1.8750603087500002
671.0 1.8777372475
672.0 1.88078941875
673.0 1.883547425
674.0 1.8859436312500002
675.0 1.8891463275
676.0 1.89188624375
677.0 1.8947628475
678.0 1.8975446475
679.0 1.9001146325
680.0 1.9026667637499999
681.0 1.90623156375
682.0 1.9089192350000002
683.0 1.91199773125
684.0 1.9148538149999998
685.0 1.91720304125
686.0 1.92066470125
687.0 1.9230584775000001
688.0 1.92631598375
689.0 1.928578135
690.0 1.93121268375
691.0 1.93414413125
692.0 1.9369072675
693.0 1.9403284275
694.0 1.9428171425
695.0 1.9454381912499998
696.0 1.9486686299999998
697.0 1.951394405
698.0 1.95406945375
699.0 1.9565889825
700.0 1.95969339875
701.0 1.96267888
702.0 1.9653143062499998
703.0 1.9680706587499999
704.0 1.97088411625
705.0 1.97355892875
706.0 1.97689902125
707.0 1.9796050862499999
708.0 1.9826314724999998
709.0 1.98512575625
710.0 1.9877969575
711.0 1.9909848374999999
712.0 1.99325556125
713.0 1.9962478600000002
714.0 1.9990137637499998
715.0 2.00235466625
716.0 2.0048305225
717.0 2.00758042875
718.0 2.01004241375
719.0 2.01336441625
720.0 2.01633717375
721.0 2.01882977
722.0 2.0216232475
723.0 2.02442253
724.0 2.02737561125
725.0 2.0305504975
726.0 2.03279948625
727.0 2.0355091625
728.0 2.03868620875
729.0 2.04165059625
730.0 2.04475079375
731.0 2.04726812875
732.0 2.0501873925000003
733.0 2.05270415375
734.0 2.05600502875
735.0 2.05836657375
736.0 2.06102036
737.0 2.06423831125
738.0 2.06712993375
739.0 2.0694114575
740.0 2.07238465375
741.0 2.075736795
742.0 2.078160575
743.0 2.08087119625
744.0 2.0834719275
745.0 2.086985495
746.0 2.08940471875
747.0 2.09203707375
748.0 2.0949575525
749.0 2.09804533
750.0 2.10068156625
751.0 2.1035304275000004
752.0 2.106384925
753.0 2.10936284625
754.0 2.11201801625
755.0 2.1154392774999997
756.0 2.1180478725
757.0 2.12051627
758.0 2.1236407675
759.0 2.1259926262500004
760.0 2.12920176875
761.0 2.1317823849999997
762.0 2.13467795625
763.0 2.1374443325
764.0 2.14035077125
765.0 2.14326217125
766.0 2.1459636800000004
767.0 2.148704845
768.0 2.1517326825
769.0 2.15464398125
770.0 2.1577350325
771.0 2.16040974375
772.0 2.1631217487499996
773.0 2.16568748125
774.0 2.1681530099999997
775.0 2.1718164950000003
776.0 2.1741368650000004
777.0 2.17710135375
778.0 2.17991386625
779.0 2.18261864875
780.0 2.1854190449999997
781.0 2.18854388
782.0 2.19158936875
783.0 2.19418929
784.0 2.19688523
785.0 2.199873175
786.0 2.20244829
787.0 2.2051393362500002
788.0 2.2079922137500003
789.0 2.21040917625
790.0 2.2138566275
791.0 2.2161479725
792.0 2.2195928925
793.0 2.22239511125
794.0 2.22527026375
795.0 2.2280533125
796.0 2.2306584312499997
797.0 2.2335195775
798.0 2.236760985
799.0 2.23950998
800.0 2.2419417925
801.0 2.2449142125
802.0 2.2474567925
803.0 2.25055229875
804.0 2.253679935
805.0 2.2562690225
806.0 2.25891180625
807.0 2.26205594625
808.0 2.264600315
809.0 2.26737296875
810.0 2.2701881475
811.0 2.27287619
812.0 2.276226205
813.0 2.27901003
814.0 2.281413695
815.0 2.28429711625
816.0 2.28751780125
817.0 2.2902272412499998
818.0 2.2929760674999997
819.0 2.29577302125
820.0 2.2982757087500003
821.0 2.3010308462499998
822.0 2.3042497762500003
823.0 2.3069653587500003
824.0 2.31036620125
825.0 2.31254414625
826.0 2.315623385
827.0 2.31820649875
828.0 2.32141311
829.0 2.32360249625
830.0 2.326661755
831.0 2.3295855412499997
832.0 2.33242586375
833.0 2.3353808687499997
834.0 2.3381109975
835.0 2.3407606662499996
836.0 2.34330358375
837.0 2.34645552
838.0 2.34909681875
839.0 2.35214841625
840.0 2.35490136
841.0 2.3576229837500002
842.0 2.36078237875
843.0 2.36362729125
844.0 2.3665744325
845.0 2.368940635
846.0 2.37207319875
847.0 2.3751338075
848.0 2.377284145
849.0 2.38068853125
850.0 2.3833277712500003
851.0 2.38593373375
852.0 2.3886695325000002
853.0 2.3914779275000004
854.0 2.39426772625
855.0 2.3973448050000004
856.0 2.4003671074999997
857.0 2.4029277775
858.0 2.40561015
859.0 2.40898679375
860.0 2.4115996075
861.0 2.4141897075
862.0 2.41696776125
863.0 2.4195046375
864.0 2.4231249225
865.0 2.42564472125
866.0 2.4286995924999997
867.0 2.4309902625000004
868.0 2.43452559875
869.0 2.4371313587500003
870.0 2.43943856625
871.0 2.44258797125
872.0 2.44514945125
873.0 2.44850088375
874.0 2.45085885125
875.0 2.453863975
876.0 2.45679576
877.0 2.4588837275
878.0 2.46224957125
879.0 2.465137785
880.0 2.46841513625
881.0 2.4708796187499997
882.0 2.4736750874999998
883.0 2.47629586625
884.0 2.4791922475
885.0 2.4822135375000003
886.0 2.4851593962500003
887.0 2.4877846299999997
888.0 2.49056025375
889.0 2.49333624875
890.0 2.49633350875
891.0 2.4991154100000004
892.0 2.5018074012500002
893.0 2.50443341125
894.0 2.50774171125
895.0 2.51039397875
896.0 2.5134779425
897.0 2.5162695299999998
898.0 2.51906013875
899.0 2.52170342875
900.0 2.5242823574999997
901.0 2.526623585
902.0 2.530388455
903.0 2.5327054500000004
904.0 2.53561715375
905.0 2.5382895362499998
906.0 2.54155278
907.0 2.5445178425
908.0 2.5471226575
909.0 2.55007600875
910.0 2.55310911125
911.0 2.5555116625000003
912.0 2.5583372025
913.0 2.56142346125
914.0 2.5642727275
915.0 2.56688598
916.0 2.57008023875
917.0 2.57312002375
918.0 2.57526901125
919.0 2.57800977125
920.0 2.5808404412500003
921.0 2.58352875375
922.0 2.5866569637500003
923.0 2.58997792
924.0 2.5923961650000003
925.0 2.59499676125
926.0 2.59769951875
927.0 2.60036110125
928.0 2.6037185412499997
929.0 2.6066054387500004
930.0 2.6097359775
931.0 2.61185131625
932.0 2.61485077
933.0 2.6178069225
934.0 2.62053641
935.0 2.62351446625
936.0 2.6262858374999998
937.0 2.6289430325
938.0 2.6321958475000002
939.0 2.63455351125
940.0 2.6372002437499997
941.0 2.6399728975
942.0 2.6431925025
943.0 2.64575
944.0 2.6487880975
945.0 2.65176939375
946.0 2.6538536825000003
947.0 2.65668060625
948.0 2.6602692337500002
949.0 2.6627738450000003
950.0 2.66603175625
951.0 2.66806623
952.0 2.67157611875
953.0 2.67443081875
954.0 2.6767393425
955.0 2.6798321150000004
956.0 2.6827212062499997
957.0 2.68523314125
958.0 2.6884705325000002
959.0 2.69093106625
960.0 2.69341444875
961.0 2.6966437062499997
962.0 2.69981828875
963.0 2.702207745
964.0 2.704471145
965.0 2.707818865
966.0 2.7108000262500003
967.0 2.71355192375
968.0 2.71671908125
969.0 2.71936972875
970.0 2.72192736125
971.0 2.7252650912500003
972.0 2.7281305912500002
973.0 2.7303277062499998
974.0 2.73303694375
975.0 2.736510855
976.0 2.7394890800000002
977.0 2.741433745
978.0 2.7450490012500004
979.0 2.7480081912500003
980.0 2.75050460125
981.0 2.75273971875
982.0 2.7562459625
983.0 2.75865944875
984.0 2.7617408475
985.0 2.76499686875
986.0 2.7678232525
987.0 2.77012435125
988.0 2.7733234025
989.0 2.775645325
990.0 2.7782444025
991.0 2.7819571625
992.0 2.7842071975
993.0 2.78758606875
994.0 2.789847275
995.0 2.79305105125
996.0 2.79559396875
997.0 2.7983149175
998.0 2.8014263875000003
999.0 2.8045024874999998
1000.0 2.8065671675
