1.0 0.0065645
2.0 0.00883195
3.0 0.011124375
4.0 0.013431245000000001
5.0 0.01573771
6.0 0.018101415
7.0 0.020488745
8.0 0.022839759999999997
9.0 0.02523357
10.0 0.0276263
11.0 0.03002767
12.0 0.03240852
13.0 0.03484472
14.0 0.0372253
15.0 0.039639765
16.0 0.0420896
17.0 0.04445911
18.0 0.046935945
19.0 0.049334345
20.0 0.051784989999999996
21.0 0.054254805
22.0 0.05675837
23.0 0.059234125
24.0 0.06163158
25.0 0.064195625
26.0 0.066797065
27.0 0.06938675999999999
28.0 0.071897345
29.0 0.07441616499999999
30.0 0.07692242999999999
31.0 0.079407905
32.0 0.08192146
33.0 0.08446566
34.0 0.086901455
35.0 0.089510725
36.0 0.092132955
37.0 0.094788125
38.0 0.09741049
39.0 0.10017582000000001
40.0 0.102846515
41.0 0.10550398
42.0 0.10794585000000001
43.0 0.110520425
44.0 0.113047615
45.0 0.115549425
46.0 0.118113335
47.0 0.120679
48.0 0.12330771
49.0 0.125910095
50.0 0.12838531
51.0 0.13098162
52.0 0.13362491
53.0 0.13623971499999998
54.0 0.13884831
55.0 0.141513875
56.0 0.14407035999999998
57.0 0.14667504
58.0 0.149303885
59.0 0.152024935
60.0 0.154740315
61.0 0.157442465
62.0 0.16020388
63.0 0.162850545
64.0 0.165635045
65.0 0.16821448
66.0 0.1709925
67.0 0.17363417
68.0 0.17626504
69.0 0.17899581
70.0 0.18166285999999998
71.0 0.18422001999999998
72.0 0.18711913500000002
73.0 0.18971598499999998
74.0 0.19234321
75.0 0.194982855
76.0 0.19774886
77.0 0.2003287
78.0 0.20310537
79.0 0.205657265
80.0 0.20818013500000002
81.0 0.210770505
82.0 0.21342567499999998
83.0 0.21598810000000002
84.0 0.21865488
85.0 0.221323685
86.0 0.22386504999999998
87.0 0.22654074
88.0 0.22919861
89.0 0.23186485
90.0 0.23451084
91.0 0.23727927499999998
92.0 0.23975192499999998
93.0 0.24232002
94.0 0.24518282
95.0 0.24789334
96.0 0.25048587
97.0 0.25321556
98.0 0.256010185
99.0 0.25859204999999996
100.0 0.2613779
101.0 0.264196555
102.0 0.266803395
103.0 0.269597345
104.0 0.27249133000000003
105.0 0.27507603
106.0 0.27803252
107.0 0.280519615
108.0 0.28348177500000005
109.0 0.286213355
110.0 0.28886731
111.0 0.29168043
112.0 0.294367055
113.0 0.29709013
114.0 0.299857485
115.0 0.3026783
116.0 0.30536911
117.0 0.30806964000000003
118.0 0.31079663
119.0 0.313299385
120.0 0.315984795
121.0 0.31858704499999996
122.0 0.321250045
123.0 0.32396664000000003
124.0 0.32668323499999996
125.0 0.32936257
126.0 0.331870995
127.0 0.33449876
128.0 0.337224805
129.0 0.33963873
130.0 0.34249964
131.0 0.34518478
132.0 0.347714805
133.0 0.3501884
134.0 0.353006515
135.0 0.355354425
136.0 0.35824341499999995
137.0 0.360802465
138.0 0.363465195
139.0 0.36600102500000004
140.0 0.36867928000000005
141.0 0.37115652000000005
142.0 0.37380547999999997
143.0 0.37647360999999996
144.0 0.37921490999999996
145.0 0.38168324
146.0 0.38426443
147.0 0.38696307
148.0 0.389556815
149.0 0.39217971999999995
150.0 0.394811535
151.0 0.39745307
152.0 0.400041685
153.0 0.40267107
154.0 0.40522418
155.0 0.4077862
156.0 0.41040033000000004
157.0 0.413102615
158.0 0.415759
159.0 0.418286325
160.0 0.42084308000000004
161.0 0.42351471999999996
162.0 0.426145995
163.0 0.42880778
164.0 0.431575
165.0 0.43410624
166.0 0.43662776000000003
167.0 0.43950109000000004
168.0 0.442083495
169.0 0.44477160499999996
170.0 0.447571495
171.0 0.45017009999999996
172.0 0.452847005
173.0 0.45534328
174.0 0.45845745
175.0 0.46092929
176.0 0.463554625
177.0 0.46627959
178.0 0.469119845
179.0 0.471674035
180.0 0.474359445
181.0 0.47719754
182.0 0.47994909999999996
183.0 0.48250018499999997
184.0 0.485548475
185.0 0.48816733
186.0 0.49090079999999997
187.0 0.493482395
188.0 0.49656646000000004
189.0 0.499155345
190.0 0.501713045
191.0 0.504652525
192.0 0.507327135
193.0 0.50974862
194.0 0.512618575
195.0 0.51535002
196.0 0.518125205
197.0 0.52105753
198.0 0.523487115
199.0 0.526232735
200.0 0.5290785250000001
201.0 0.53189313
202.0 0.5345051
203.0 0.537005965
204.0 0.539860125
205.0 0.54245765
206.0 0.5452979050000001
207.0 0.547811325
208.0 0.55054709
209.0 0.55293712
210.0 0.555488745
211.0 0.558096395
212.0 0.560790715
213.0 0.563363805
214.0 0.56606987
215.0 0.568661725
216.0 0.5711389649999999
217.0 0.57393791
218.0 0.57649777
219.0 0.57907977
220.0 0.58177193
221.0 0.584420755
222.0 0.58710387
223.0 0.589661975
224.0 0.59247253
225.0 0.595105695
226.0 0.59769161
227.0 0.60021583
228.0 0.602966715
229.0 0.60553616
230.0 0.608298925
231.0 0.611057505
232.0 0.613572275
233.0 0.6163872850000001
234.0 0.6192162
235.0 0.6218003599999999
236.0 0.6242265699999999
237.0 0.62721978
238.0 0.6297242900000001
239.0 0.632324245
240.0 0.6348971999999999
241.0 0.637802255
242.0 0.6402805749999999
243.0 0.64286487
244.0 0.64555028
245.0 0.648496645
246.0 0.6511736850000001
247.0 0.6538318249999999
248.0 0.6565351899999999
249.0 0.659206425
250.0 0.6620742199999999
251.0 0.66473965
252.0 0.667139535
253.0 0.66992903
254.0 0.672711505
255.0 0.675194415
256.0 0.6782319050000001
257.0 0.68088613
258.0 0.6838469399999999
259.0 0.686072
260.0 0.689006485
261.0 0.69184269
262.0 0.694564145
263.0 0.6973189449999999
264.0 0.699926055
265.0 0.70276901
266.0 0.705564715
267.0 0.7083777
268.0 0.711199865
269.0 0.714042415
270.0 0.716650875
271.0 0.71945927
272.0 0.722305735
273.0 0.725097795
274.0 0.7278467900000001
275.0 0.730659775
276.0 0.73335477
277.0 0.73606124
278.0 0.73909576
279.0 0.741741345
280.0 0.7445303000000001
281.0 0.74722705
282.0 0.750065145
283.0 0.7528514000000001
284.0 0.75574228
285.0 0.75829107
286.0 0.7611499549999999
287.0 0.76430773
288.0 0.766601775
289.0 0.769567175
290.0 0.77227945
291.0 0.77522163
292.0 0.77763326
293.0 0.780840175
294.0 0.783286365
295.0 0.786002555
296.0 0.78884929
297.0 0.791545365
298.0 0.7940726899999999
299.0 0.79683937
300.0 0.79969245
301.0 0.8022974
302.0 0.8052979
303.0 0.8078658599999999
304.0 0.8105638249999999
305.0 0.8135392149999999
306.0 0.8159095350000001
307.0 0.818443475
308.0 0.8215500849999999
309.0 0.8240274599999999
310.0 0.826563965
311.0 0.829519105
312.0 0.83228835
313.0 0.8350134499999999
314.0 0.8378384499999999
315.0 0.840584475
316.0 0.84285584
317.0 0.8461391650000001
318.0 0.84868296
319.0 0.8517505550000001
320.0 0.854350915
321.0 0.857149185
322.0 0.859765475
323.0 0.86262841
324.0 0.8655144300000001
325.0 0.8680672700000001
326.0 0.8706735699999999
327.0 0.873567015
328.0 0.876426035
329.0 0.879369025
330.0 0.88186071
331.0 0.88460903
332.0 0.88758928
333.0 0.890341245
334.0 0.89326601
335.0 0.896281495
336.0 0.898771695
337.0 0.90147371
338.0 0.90444262
339.0 0.907072275
340.0 0.9100853299999999
341.0 0.912606985
342.0 0.915746805
343.0 0.91862621
344.0 0.921187555
345.0 0.92409612
346.0 0.927318965
347.0 0.929761375
348.0 0.9329882700000001
349.0 0.935794235
350.0 0.93852352
351.0 0.94154643
352.0 0.94422509
353.0 0.9471931899999999
354.0 0.949983225
355.0 0.95295929
356.0 0.955388605
357.0 0.95852019
358.0 0.9616802600000001
359.0 0.9641484549999999
360.0 0.967168665
361.0 0.9701556650000001
362.0 0.973279015
363.0 0.9757620600000001
364.0 0.979043765
365.0 0.98196907
366.0 0.984642735
367.0 0.987450455
368.0 0.9904713399999999
369.0 0.993501945
370.0 0.9963908
371.0 0.9991654449999999
372.0 1.001900535
373.0 1.004899955
374.0 1.008058945
375.0 1.01078634
376.0 1.013710025
377.0 1.0163222650000001
378.0 1.018950705
379.0 1.022306255
380.0 1.02529501
381.0 1.0276246949999999
382.0 1.03108406
383.0 1.033767985
384.0 1.036883505
385.0 1.039513565
386.0 1.042502995
387.0 1.04492961
388.0 1.048154885
389.0 1.050835165
390.0 1.05373671
391.0 1.0564523600000002
392.0 1.0593373000000001
393.0 1.0621677
394.0 1.0648658
395.0 1.067760595
396.0 1.070699535
397.0 1.073912255
398.0 1.07650951
399.0 1.079521215
400.0 1.082368085
401.0 1.085364265
402.0 1.08805899
403.0 1.091172215
404.0 1.09367551
405.0 1.0968358500000002
406.0 1.099555955
407.0 1.1027014450000001
408.0 1.105539
409.0 1.108476185
410.0 1.1112413799999998
411.0 1.1144848799999998
412.0 1.1174838950000001
413.0 1.12025719
414.0 1.123211115
415.0 1.126082555
416.0 1.1287276000000002
417.0 1.1319010349999998
418.0 1.1347823300000002
419.0 1.137744895
420.0 1.141225455
421.0 1.14384431
422.0 1.146828745
423.0 1.14983073
424.0 1.152640205
425.0 1.155593455
426.0 1.158670635
427.0 1.161537215
428.0 1.16452084
429.0 1.167708315
430.0 1.1705337199999999
431.0 1.1736568
432.0 1.176628545
433.0 1.17973826
434.0 1.182854185
435.0 1.185979965
436.0 1.188581
437.0 1.1919298
438.0 1.19495055
439.0 1.197695765
440.0 1.2012503049999999
441.0 1.204224885
442.0 1.2073751000000001
443.0 1.210015825
444.0 1.21293465
445.0 1.21630478
446.0 1.2192329199999998
447.0 1.222513815
448.0 1.22541347
449.0 1.228568275
450.0 1.2314146049999999
451.0 1.2344012
452.0 1.237525765
453.0 1.2407926200000001
454.0 1.24319615
455.0 1.24662055
456.0 1.24964751
457.0 1.2523218500000002
458.0 1.2556405449999999
459.0 1.2589237350000002
460.0 1.26135386
461.0 1.264710625
462.0 1.2677874
463.0 1.2707407849999999
464.0 1.27341094
465.0 1.276695615
466.0 1.27930745
467.0 1.2828115
468.0 1.2857553000000002
469.0 1.28874743
470.0 1.292158195
471.0 1.29541668
472.0 1.298218595
473.0 1.3009183149999999
474.0 1.304091615
475.0 1.307037305
476.0 1.310449555
477.0 1.313218935
478.0 1.316245895
479.0 1.319596855
480.0 1.3224943500000002
481.0 1.32588122
482.0 1.3285516450000001
483.0 1.331279715
484.0 1.33499747
485.0 1.3375616499999998
486.0 1.3411816650000001
487.0 1.343934575
488.0 1.34716471
489.0 1.349906955
490.0 1.35344894
491.0 1.357041685
492.0 1.35984657
493.0 1.362490805
494.0 1.36629226
495.0 1.3687754399999998
496.0 1.3725038600000001
497.0 1.3754348349999999
498.0 1.378336245
499.0 1.381933445
500.0 1.38533449
501.0 1.38812709
502.0 1.39182608
503.0 1.39429063
504.0 1.39765293
505.0 1.400726195
506.0 1.4041222450000002
507.0 1.407694065
508.0 1.4105478200000001
509.0 1.41405376
510.0 1.41698082
511.0 1.4199315049999999
512.0 1.423795195
513.0 1.42732773
514.0 1.42981928
515.0 1.43294155
516.0 1.436055855
517.0 1.438919195
518.0 1.44231106
519.0 1.44570252
520.0 1.4493601999999999
521.0 1.4523825700000002
522.0 1.455177195
523.0 1.458534905
524.0 1.4617221100000002
525.0 1.4651456999999999
526.0 1.46833844
527.0 1.47120664
528.0 1.4744290800000002
529.0 1.4781302299999999
530.0 1.481148415
531.0 1.484273115
532.0 1.48736096
533.0 1.49059825
534.0 1.493770335
535.0 1.49719838
536.0 1.500110725
537.0 1.503253245
538.0 1.5067524350000001
539.0 1.5103411299999998
540.0 1.513635795
541.0 1.5169669099999998
542.0 1.519655965
543.0 1.5228964950000001
544.0 1.52646953
545.0 1.529323555
546.0 1.532894295
547.0 1.5360302
548.0 1.5392533149999998
549.0 1.54251315
550.0 1.5463223000000001
551.0 1.54907953
552.0 1.5527758200000001
553.0 1.556012165
554.0 1.558691905
555.0 1.562188125
556.0 1.56583514
557.0 1.56924955
558.0 1.571944005
559.0 1.575766115
560.0 1.578740695
561.0 1.5827334450000001
562.0 1.585223375
563.0 1.58932291
564.0 1.59248784
565.0 1.595916695
566.0 1.5987437199999999
567.0 1.602166095
568.0 1.60656641
569.0 1.609298935
570.0 1.612393395
571.0 1.61620349
572.0 1.619714965
573.0 1.623149355
574.0 1.6264181000000002
575.0 1.629542665
576.0 1.633017825
577.0 1.636868015
578.0 1.64005171
579.0 1.643287515
580.0 1.646904965
581.0 1.650194095
582.0 1.653384135
583.0 1.657072325
584.0 1.6600547350000001
585.0 1.66350276
586.0 1.667059595
587.0 1.67014123
588.0 1.673941065
589.0 1.67776628
590.0 1.68084427
591.0 1.684299585
592.0 1.687283615
593.0 1.69060906
594.0 1.6936582949999999
595.0 1.697806025
596.0 1.7008702450000002
597.0 1.70475405
598.0 1.708185605
599.0 1.7109481000000002
600.0 1.714456065
601.0 1.718494715
602.0 1.72110655
603.0 1.7248943700000001
604.0 1.7282753
605.0 1.7319105700000001
606.0 1.7354524199999999
607.0 1.738815665
608.0 1.7422091499999999
609.0 1.74612846
610.0 1.74942434
611.0 1.75306852
612.0 1.7567460449999999
613.0 1.759608575
614.0 1.76377885
615.0 1.76671482
616.0 1.7704825249999998
617.0 1.773967405
618.0 1.77749778
619.0 1.781216885
620.0 1.784690425
621.0 1.78834122
622.0 1.7918855
623.0 1.795308955
624.0 1.79929725
625.0 1.8025146950000002
626.0 1.80610447
627.0 1.809874875
628.0 1.8136567549999998
629.0 1.817485885
630.0 1.8205112250000002
631.0 1.824060365
632.0 1.8274732900000001
633.0 1.831807455
634.0 1.835797505
635.0 1.83884134
636.0 1.842579075
637.0 1.8458651000000001
638.0 1.84955653
639.0 1.852890885
640.0 1.8567127250000002
641.0 1.86045424
642.0 1.863713805
643.0 1.86741428
644.0 1.870840705
645.0 1.874880705
646.0 1.878690665
647.0 1.88232796
648.0 1.886187195
649.0 1.888504325
650.0 1.8930061599999999
651.0 1.89542049
652.0 1.8999425749999999
653.0 1.903489015
654.0 1.907662395
655.0 1.9110224
656.0 1.9142069050000001
657.0 1.918582245
658.0 1.9224004399999999
659.0 1.9263624099999999
660.0 1.92939531
661.0 1.933275605
662.0 1.936982425
663.0 1.9410414599999999
664.0 1.94439674
665.0 1.94798935
666.0 1.95181983
667.0 1.955514905
668.0 1.9596178149999999
669.0 1.962936375
670.0 1.9665441049999999
671.0 1.970619745
672.0 1.97527224
673.0 1.97823818
674.0 1.981314685
675.0 1.9864822050000002
676.0 1.989667925
677.0 1.9934087649999999
678.0 1.99713354
679.0 2.000893955
680.0 2.004741445
681.0 2.00825994
682.0 2.01238742
683.0 2.016373285
684.0 2.01967254
685.0 2.0237395400000002
686.0 2.02738291
687.0 2.031538065
688.0 2.035272695
689.0 2.03893024
690.0 2.042610195
691.0 2.0471202649999998
692.0 2.05020298
693.0 2.05390197
694.0 2.057729615
695.0 2.0614206399999997
696.0 2.066189505
697.0 2.0706002150000002
698.0 2.07331627
699.0 2.076903615
700.0 2.081392355
701.0 2.085575185
702.0 2.088847845
703.0 2.09264066
704.0 2.096903545
705.0 2.10002028
706.0 2.1055263799999997
707.0 2.10897616
708.0 2.11220805
709.0 2.116457435
710.0 2.120124835
711.0 2.1244988250000003
712.0 2.12780267
713.0 2.13274447
714.0 2.1357987
715.0 2.1391637
716.0 2.14438495
717.0 2.1483953849999997
718.0 2.15280137
719.0 2.15648875
720.0 2.160122265
721.0 2.16479852
722.0 2.168876725
723.0 2.171875335
724.0 2.176209905
725.0 2.1808865649999998
726.0 2.1842901749999997
727.0 2.188775
728.0 2.191795615
729.0 2.19631473
730.0 2.1999973849999996
731.0 2.2044769449999997
732.0 2.2080219
733.0 2.2130916800000002
734.0 2.216344765
735.0 2.22013893
736.0 2.224735265
737.0 2.22812254
738.0 2.232561735
739.0 2.236283
740.0 2.241306205
741.0 2.245090245
742.0 2.249691035
743.0 2.25292819
744.0 2.257445415
745.0 2.26195994
746.0 2.2659541749999996
747.0 2.270034675
748.0 2.2743975950000004
749.0 2.2777805499999997
750.0 2.2825841099999997
751.0 2.286436595
752.0 2.2905562450000003
753.0 2.295260715
754.0 2.298842795
755.0 2.303167375
756.0 2.30782338
757.0 2.312140535
758.0 2.31544249
759.0 2.31952164
760.0 2.324879645
761.0 2.328268675
762.0 2.33242329
763.0 2.3370521600000003
764.0 2.34070795
765.0 2.346248205
766.0 2.34950858
767.0 2.354180785
768.0 2.35824927
769.0 2.3633714300000004
770.0 2.36666137
771.0 2.37022185
772.0 2.374099175
773.0 2.3787879849999998
774.0 2.383783245
775.0 2.3878335049999997
776.0 2.3915248
777.0 2.39619363
778.0 2.4007655299999997
779.0 2.405310025
780.0 2.410061205
781.0 2.41440428
782.0 2.418814585
783.0 2.422961235
784.0 2.426998265
785.0 2.431576375
786.0 2.435203545
787.0 2.4403146349999996
788.0 2.44492906
789.0 2.4489403050000003
790.0 2.4543378650000003
791.0 2.4568209100000002
792.0 2.46278331
793.0 2.4668509849999998
794.0 2.470936885
795.0 2.47531776
796.0 2.4796362650000003
797.0 2.484375025
798.0 2.489531475
799.0 2.4934682
800.0 2.497005865
801.0 2.502660735
802.0 2.50686017
803.0 2.511263455
804.0 2.5149804
805.0 2.52011957
806.0 2.52504814
807.0 2.528096025
808.0 2.53336871
809.0 2.538109495
810.0 2.54235969
811.0 2.5464416749999996
812.0 2.5513572850000004
813.0 2.556547755
814.0 2.56056818
815.0 2.566777495
816.0 2.56936827
817.0 2.5744608650000003
818.0 2.57926807
819.0 2.583705105
820.0 2.5887320899999997
821.0 2.593423735
822.0 2.59805004
823.0 2.601883355
824.0 2.60677372
825.0 2.61072786
826.0 2.616797315
827.0 2.6207895249999997
828.0 2.62520064
829.0 2.6300010950000003
830.0 2.63436874
831.0 2.6403177749999998
832.0 2.6445776899999998
833.0 2.649038755
834.0 2.653344435
835.0 2.657424395
836.0 2.662431805
837.0 2.66839677
838.0 2.672363195
839.0 2.676933205
840.0 2.681946555
841.0 2.68730456
842.0 2.690374855
843.0 2.6970086099999997
844.0 2.70154298
845.0 2.70652015
846.0 2.71149273
847.0 2.71533293
848.0 2.719761055
849.0 2.72540607
850.0 2.7301127000000003
851.0 2.734877515
852.0 2.738943975
853.0 2.7445169
854.0 2.74917736
855.0 2.754127395
856.0 2.76033644
857.0 2.763563605
858.0 2.768652555
859.0 2.7735183500000002
860.0 2.780098915
861.0 2.7841590299999996
862.0 2.78851196
863.0 2.79268831
864.0 2.79858159
865.0 2.804114825
866.0 2.807596195
867.0 2.81389434
868.0 2.818834655
869.0 2.82477073
870.0 2.827907985
871.0 2.832884345
872.0 2.83868731
873.0 2.8435379849999998
874.0 2.84896025
875.0 2.853160495
876.0 2.859728235
877.0 2.8637814649999997
878.0 2.86900447
879.0 2.873671545
880.0 2.87775488
881.0 2.884986685
882.0 2.88882108
883.0 2.89419434
884.0 2.89936078
885.0 2.903374995
886.0 2.90919713
887.0 2.9143201000000003
888.0 2.91922248
889.0 2.92604321
890.0 2.9294078050000003
891.0 2.93529258
892.0 2.9397293450000004
893.0 2.946378355
894.0 2.95117233
895.0 2.956495775
896.0 2.96125357
897.0 2.96579118
898.0 2.9717655950000004
899.0 2.9754869950000002
900.0 2.981109735
901.0 2.98746134
902.0 2.994136405
903.0 2.997152835
904.0 3.00323984
905.0 3.00797698
906.0 3.01476639
907.0 3.0192670099999996
908.0 3.0255404500000003
909.0 3.0295823399999997
910.0 3.03441641
911.0 3.040989415
912.0 3.04447821
913.0 3.051634415
914.0 3.0559782999999996
915.0 3.06230007
916.0 3.0686316949999997
917.0 3.0734946549999997
918.0 3.078712935
919.0 3.0841829900000004
920.0 3.088171555
921.0 3.0963381
922.0 3.100560215
923.0 3.105413995
924.0 3.1108854
925.0 3.117526715
926.0 3.1222729
927.0 3.12748875
928.0 3.1336104500000004
929.0 3.138054235
930.0 3.14332314
931.0 3.149984435
932.0 3.1565119449999997
933.0 3.16109208
934.0 3.164489075
935.0 3.17196955
936.0 3.1789548450000003
937.0 3.181797935
938.0 3.1899187149999997
939.0 3.19378173
940.0 3.2004574700000004
941.0 3.20617363
942.0 3.210452175
943.0 3.219260375
944.0 3.223327915
945.0 3.229863525
946.0 3.23449145
947.0 3.240575485
948.0 3.2452371600000003
949.0 3.250759325
950.0 3.2572051600000003
951.0 3.2628488250000003
952.0 3.269347985
953.0 3.2738924799999998
954.0 3.2811591150000003
955.0 3.287991725
956.0 3.29211637
957.0 3.29695692
958.0 3.303197555
959.0 3.3112156
960.0 3.315670995
961.0 3.32053544
962.0 3.326153185
963.0 3.33228852
964.0 3.340533095
965.0 3.34559221
966.0 3.350510115
967.0 3.357299255
968.0 3.362898775
969.0 3.36909297
970.0 3.376039385
971.0 3.3816502450000003
972.0 3.387302685
973.0 3.39144056
974.0 3.397958755
975.0 3.40483146
976.0 3.4099046150000003
977.0 3.41665069
978.0 3.4222877400000002
979.0 3.4297965649999997
980.0 3.43594648
981.0 3.440354085
982.0 3.44740472
983.0 3.454189
984.0 3.460623495
985.0 3.465086855
986.0 3.473745745
987.0 3.4798130400000002
988.0 3.4853713849999997
989.0 3.490919605
990.0 3.495860865
991.0 3.502503665
992.0 3.510355525
993.0 3.515200665
994.0 3.52127876
995.0 3.52845751
996.0 3.53186058
997.0 3.53910143
998.0 3.546920485
999.0 3.552970365
1000.0 3.560793875
