1.0 0.0065645
2.0 0.008817505
3.0 0.01108917375
4.0 0.0133659725
5.0 0.015641455
6.0 0.0179528475
7.0 0.02026359875
8.0 0.0225817075
9.0 0.024899546249999998
10.0 0.027256535
11.0 0.02960836
12.0 0.03197331375
13.0 0.03437795749999999
14.0 0.03675931375
15.0 0.03914178375
16.0 0.041551996249999994
17.0 0.043996465
18.0 0.046513192499999995
19.0 0.048875513749999995
20.0 0.05132194
21.0 0.053789325
22.0 0.056299302499999995
23.0 0.058812655
24.0 0.06124713375
25.0 0.06376504250000001
26.0 0.06630610375
27.0 0.06886258875
28.0 0.07137877625
29.0 0.073961215
30.0 0.076522425
31.0 0.0790685825
32.0 0.08161612375
33.0 0.08421094875
34.0 0.0867449225
35.0 0.08931588624999999
36.0 0.09191067750000001
37.0 0.094563755
38.0 0.09720370375
39.0 0.099728025
40.0 0.1024619675
41.0 0.1050544975
42.0 0.10769350125
43.0 0.11030830624999999
44.0 0.11294086375000001
45.0 0.11557261125
46.0 0.11826396125
47.0 0.12085072
48.0 0.12356721375
49.0 0.12619248125
50.0 0.12891008874999998
51.0 0.13149225750000001
52.0 0.1342295075
53.0 0.13697354125
54.0 0.1396953
55.0 0.14237352125
56.0 0.14494411375
57.0 0.1476334725
58.0 0.1503878
59.0 0.15311786125
60.0 0.155785755
61.0 0.158594555
62.0 0.161170345
63.0 0.16397283375
64.0 0.166516055
65.0 0.16937136249999998
66.0 0.17203382250000002
67.0 0.17482287875
68.0 0.17751092125
69.0 0.18018829874999998
70.0 0.1828999325
71.0 0.185753755
72.0 0.18852033375
73.0 0.19118195000000002
74.0 0.1938109975
75.0 0.19663026
76.0 0.199395725
77.0 0.20215363
78.0 0.2048709675
79.0 0.20766782
80.0 0.2103148225
81.0 0.2131286175
82.0 0.21562755875
83.0 0.218447395
84.0 0.22116669
85.0 0.22404234875
86.0 0.22668442374999997
87.0 0.229545165
88.0 0.23229358625
89.0 0.23489938
90.0 0.23774486625
91.0 0.240616205
92.0 0.24331784875
93.0 0.24611358749999998
94.0 0.24879204500000002
95.0 0.25159369
96.0 0.2543273625
97.0 0.25694733124999997
98.0 0.25983503875
99.0 0.26250185249999997
100.0 0.265375385
101.0 0.26812097125
102.0 0.27083759999999996
103.0 0.2735414375
104.0 0.27624790749999995
105.0 0.27912609749999995
106.0 0.28193540375
107.0 0.28454059000000004
108.0 0.28732012874999996
109.0 0.28997415125
110.0 0.29273627500000005
111.0 0.29561402625
112.0 0.29855971625
113.0 0.30103236625
114.0 0.30369594
115.0 0.30655425124999997
116.0 0.30916379125
117.0 0.3121220025
118.0 0.31483005875000003
119.0 0.3174165475
120.0 0.320255115
121.0 0.32303904125
122.0 0.3258290425
123.0 0.32854371375
124.0 0.33121717625
125.0 0.33402273625
126.0 0.33676626374999996
127.0 0.33952666625
128.0 0.342316735
129.0 0.34495533375
130.0 0.34798101124999997
131.0 0.35054940999999995
132.0 0.353310285
133.0 0.35604841249999997
134.0 0.3588562
135.0 0.36143323875
136.0 0.3641620175
137.0 0.36689822125
138.0 0.36979186875000003
139.0 0.37257353375
140.0 0.37525246375
141.0 0.377792715
142.0 0.38063013500000004
143.0 0.38324605375000004
144.0 0.38616741
145.0 0.38875828625000003
146.0 0.39163539625
147.0 0.39429238875
148.0 0.39693507125
149.0 0.3998344225
150.0 0.4024438275
151.0 0.40517608250000003
152.0 0.407972935
153.0 0.41072871375
154.0 0.41336181125000004
155.0 0.41603925625
156.0 0.41910273375
157.0 0.42165273875000003
158.0 0.4242231625
159.0 0.42690047249999996
160.0 0.42968817875000004
161.0 0.43243042375
162.0 0.43521391125000003
163.0 0.43780634
164.0 0.44064133
165.0 0.4433936325
166.0 0.4460450225
167.0 0.44876752375
168.0 0.45153906374999997
169.0 0.45419953249999995
170.0 0.457005565
171.0 0.45978098625
172.0 0.46257203375
173.0 0.46497374125
174.0 0.46791970125
175.0 0.47046747875
176.0 0.4730518075
177.0 0.47593097625
178.0 0.47850865625
179.0 0.48119305375000004
180.0 0.48401164125
181.0 0.48688240625
182.0 0.489368995
183.0 0.49213213125
184.0 0.49468449875000003
185.0 0.4976415625
186.0 0.5002049325
187.0 0.50277242
188.0 0.50558041
189.0 0.50835357
190.0 0.5109392487500001
191.0 0.5135550999999999
192.0 0.51657439875
193.0 0.51918434375
194.0 0.5222056675
195.0 0.5246657287500001
196.0 0.5270930862500001
197.0 0.52993550125
198.0 0.5325858787500001
199.0 0.5354233325000001
200.0 0.53795865625
201.0 0.5408510550000001
202.0 0.54329549
203.0 0.5461534975000001
204.0 0.54892716375
205.0 0.55139859875
206.0 0.55384678
207.0 0.5567660775000001
208.0 0.5597113625000001
209.0 0.5624527975
210.0 0.564755955
211.0 0.56763944375
212.0 0.570113275
213.0 0.57309403125
214.0 0.57549135125
215.0 0.57827693125
216.0 0.58084907625
217.0 0.5835958775
218.0 0.5863591825
219.0 0.5890864425
220.0 0.5917037112500001
221.0 0.5944089662500001
222.0 0.59702768625
223.0 0.5995696925
224.0 0.602564725
225.0 0.60493609125
226.0 0.6075249762499999
227.0 0.61003508875
228.0 0.61302040125
229.0 0.6155548475
230.0 0.61836003625
231.0 0.62095654875
232.0 0.6236989625
233.0 0.6268661875
234.0 0.62932084875
235.0 0.63147105125
236.0 0.6343917325
237.0 0.6368792325
238.0 0.63966761375
239.0 0.64233351625
240.0 0.6449410649999999
241.0 0.64775999
242.0 0.65058164875
243.0 0.65316472875
244.0 0.6558802775
245.0 0.6586229612500001
246.0 0.66092625375
247.0 0.6633740300000001
248.0 0.6663584987500001
249.0 0.66886361625
250.0 0.6717303987500001
251.0 0.674289145
252.0 0.676970505
253.0 0.6794095400000001
254.0 0.6823584025
255.0 0.6849460725000001
256.0 0.68779004
257.0 0.690375415
258.0 0.69311526375
259.0 0.6956774525
260.0 0.6982288412500001
261.0 0.70107861375
262.0 0.7037339525
263.0 0.7061837537500001
264.0 0.70880679375
265.0 0.7116250775
266.0 0.71421561625
267.0 0.7168534725
268.0 0.71919173
269.0 0.7222909150000001
270.0 0.724786245
271.0 0.7275131675
272.0 0.73003816375
273.0 0.73260497625
274.0 0.7352717225000001
275.0 0.738266755
276.0 0.7405508774999999
277.0 0.7435685224999999
278.0 0.7460314862499999
279.0 0.7489444725000001
280.0 0.7512956225
281.0 0.75379652125
282.0 0.75688686375
283.0 0.759132005
284.0 0.76200732625
285.0 0.76456549875
286.0 0.76722350375
287.0 0.76972335625
288.0 0.77279274
289.0 0.77535843875
290.0 0.7780615675
291.0 0.7807808625
292.0 0.78350792
293.0 0.7859807725
294.0 0.7889217375
295.0 0.7910043050000001
296.0 0.7939668025
297.0 0.79675342875
298.0 0.7994386025
299.0 0.8017798975
300.0 0.80478859875
301.0 0.8075356025
302.0 0.81014402875
303.0 0.8125109399999999
304.0 0.8155964225
305.0 0.81812702125
306.0 0.8205392925
307.0 0.8237342262499999
308.0 0.82613397625
309.0 0.82900973625
310.0 0.8319151625
311.0 0.83427329875
312.0 0.8370703199999999
313.0 0.8394907925
314.0 0.8424740125
315.0 0.8455229437499999
316.0 0.84767638625
317.0 0.8508722987499999
318.0 0.8531944912499999
319.0 0.8562354575
320.0 0.8585020637499999
321.0 0.86198890125
322.0 0.8639793987500001
323.0 0.86699427625
324.0 0.8694010799999999
325.0 0.87260516
326.0 0.875148955
327.0 0.87794003625
328.0 0.88078170875
329.0 0.8833119024999999
330.0 0.88615583625
331.0 0.888881915
332.0 0.891666685
333.0 0.89462550375
334.0 0.89704671875
335.0 0.8996458975
336.0 0.90245317875
337.0 0.90508566875
338.0 0.9085362925
339.0 0.9109586550000001
340.0 0.9131349125
341.0 0.9164537425
342.0 0.91934546625
343.0 0.9218890925000001
344.0 0.92498918875
345.0 0.9271841775
346.0 0.93079828625
347.0 0.93267342625
348.0 0.9358581
349.0 0.9383550500000001
350.0 0.9410599000000001
351.0 0.94404274875
352.0 0.94721814125
353.0 0.9499965324999999
354.0 0.95206749
355.0 0.9553137574999999
356.0 0.95836619875
357.0 0.9609500550000001
358.0 0.96353114375
359.0 0.9661696750000001
360.0 0.96927854625
361.0 0.9722401325
362.0 0.974873365
363.0 0.9779990437499999
364.0 0.97986412625
365.0 0.983195275
366.0 0.98655490875
367.0 0.98865209
368.0 0.9923801725
369.0 0.995232375
370.0 0.99790337375
371.0 1.00032546625
372.0 1.00338158625
373.0 1.006459475
374.0 1.0086869649999999
375.0 1.0118583075
376.0 1.0148517537500001
377.0 1.0169379325
378.0 1.0196732587500001
379.0 1.02283110125
380.0 1.02583447
381.0 1.02840948375
382.0 1.031619875
383.0 1.0341582025
384.0 1.036933725
385.0 1.03953243125
386.0 1.04294569375
387.0 1.0456722787500001
388.0 1.04837672375
389.0 1.05100833625
390.0 1.05399162375
391.0 1.0570926312500002
392.0 1.0592676399999998
393.0 1.0632463162499999
394.0 1.0652590549999998
395.0 1.0682725825000001
396.0 1.0706883974999999
397.0 1.07411289875
398.0 1.0769433662499999
399.0 1.07993202
400.0 1.08250322
401.0 1.08571658125
402.0 1.0880473125
403.0 1.091772965
404.0 1.09455679
405.0 1.09643338125
406.0 1.0997667575
407.0 1.10261177125
408.0 1.1045971725000001
409.0 1.10811246125
410.0 1.1106213925000001
411.0 1.11372904875
412.0 1.11622579625
413.0 1.1187651699999999
414.0 1.1226224475
415.0 1.124644805
416.0 1.1273823925000002
417.0 1.1309728425
418.0 1.1332547375
419.0 1.13643752125
420.0 1.1398384312499998
421.0 1.142569505
422.0 1.1450463062499998
423.0 1.14738183
424.0 1.150911935
425.0 1.1537353825
426.0 1.1565957862499998
427.0 1.15925406125
428.0 1.1625283075000001
429.0 1.16485134375
430.0 1.1670055625
431.0 1.1698325875
432.0 1.17300160125
433.0 1.175909525
434.0 1.1790266312500002
435.0 1.18165716375
436.0 1.18403625875
437.0 1.1870600462499998
438.0 1.18964798625
439.0 1.1923211787499999
440.0 1.1956613725
441.0 1.19852454375
442.0 1.2006889212499998
443.0 1.2042780549999998
444.0 1.20718095
445.0 1.2102059525
446.0 1.2124639524999998
447.0 1.215510285
448.0 1.2176850575
449.0 1.22074910875
450.0 1.2235524750000002
451.0 1.22564958875
452.0 1.229520535
453.0 1.23144167625
454.0 1.2349258137499999
455.0 1.2377241512500001
456.0 1.24095631125
457.0 1.2433450925
458.0 1.2460434624999999
459.0 1.248849765
460.0 1.2519551937500002
461.0 1.2550855300000001
462.0 1.25737323
463.0 1.2601504737499998
464.0 1.2623025325
465.0 1.26561680625
466.0 1.2682731912499998
467.0 1.27147727125
468.0 1.27441945125
469.0 1.27636141625
470.0 1.27930805125
471.0 1.2818162737499998
472.0 1.2847501512500001
473.0 1.28775726625
474.0 1.2902256975
475.0 1.29337733
476.0 1.2960147475000001
477.0 1.2987970875
478.0 1.3019034275
479.0 1.304380735
480.0 1.3070523075
481.0 1.3097876000000002
482.0 1.31221219
483.0 1.31522511
484.0 1.31816307125
485.0 1.3209777437499999
486.0 1.32352866
487.0 1.3265227137500002
488.0 1.32931652875
489.0 1.3317590400000001
490.0 1.3345598075
491.0 1.33725514
492.0 1.3404444712499999
493.0 1.3425108725000001
494.0 1.34489854
495.0 1.34871312375
496.0 1.3509326825
497.0 1.3537289275
498.0 1.35664420875
499.0 1.3597087325
500.0 1.36200996625
501.0 1.36452855
502.0 1.36674905375
503.0 1.3701209724999999
504.0 1.3731240712500001
505.0 1.3750083912500002
506.0 1.378592665
507.0 1.3810231275
508.0 1.3839052324999999
509.0 1.38627646375
510.0 1.389641025
511.0 1.3922821887499999
512.0 1.39451933125
513.0 1.39744200375
514.0 1.39997121875
515.0 1.40303064625
516.0 1.40578085625
517.0 1.4080727075
518.0 1.41053769625
519.0 1.41367393875
520.0 1.4167199675
521.0 1.41944489875
522.0 1.42181667
523.0 1.4244342424999998
524.0 1.4273395674999998
525.0 1.429509345
526.0 1.4327016125
527.0 1.43559650875
528.0 1.4386151999999999
529.0 1.44081538625
530.0 1.44363323125
531.0 1.44653126625
532.0 1.449257885
533.0 1.45137720625
534.0 1.4541794925
535.0 1.4568889325
536.0 1.459660675
537.0 1.4623757849999999
538.0 1.4652668
539.0 1.4680368212500001
540.0 1.4706946912499999
541.0 1.47302187875
542.0 1.47567799375
543.0 1.4782409250000001
544.0 1.481521415
545.0 1.48424405125
546.0 1.48638075375
547.0 1.488932885
548.0 1.49147117875
549.0 1.4949009112499998
550.0 1.49703255125
551.0 1.5002750725
552.0 1.5028461712499999
553.0 1.5049344087499998
554.0 1.50838186
555.0 1.51116882375
556.0 1.5131856799999999
557.0 1.51683110875
558.0 1.5187620375000002
559.0 1.52149581125
560.0 1.52397554875
561.0 1.5273682575
562.0 1.5295428274999998
563.0 1.5322147375000001
564.0 1.53498968625
565.0 1.5373441775
566.0 1.5404434299999998
567.0 1.5426161100000002
568.0 1.54526760125
569.0 1.5486240625
570.0 1.5511818975
571.0 1.553253665
572.0 1.55601504625
573.0 1.5592670175
574.0 1.561719485
575.0 1.5641873425000001
576.0 1.5670976625000002
577.0 1.5702373475
578.0 1.57222855375
579.0 1.5750627
580.0 1.57735823
581.0 1.5803787437499999
582.0 1.58317114125
583.0 1.58575975625
584.0 1.58824894375
585.0 1.59089709375
586.0 1.59367295375
587.0 1.59671867875
588.0 1.59883114875
589.0 1.60185500375
590.0 1.60425175
591.0 1.60690101375
592.0 1.60969601
593.0 1.612521955
594.0 1.6148343600000001
595.0 1.61770293125
596.0 1.6200204325
597.0 1.62259996875
598.0 1.6253302662500002
599.0 1.62855895
600.0 1.631089785
601.0 1.63351420625
602.0 1.63641376
603.0 1.6388099325
604.0 1.6413821450000001
605.0 1.64401855
606.0 1.64692509
607.0 1.6497111425000002
608.0 1.65211848625
609.0 1.65426079125
610.0 1.6576837737499999
611.0 1.65956563
612.0 1.6626172275
613.0 1.6657352787500002
614.0 1.6682021575
615.0 1.6709569237500002
616.0 1.67322761375
617.0 1.6758244637500002
618.0 1.6788996525000002
619.0 1.6816879662500002
620.0 1.6839043525000001
621.0 1.6869559837499999
622.0 1.6894187450000002
623.0 1.69214090875
624.0 1.69475922375
625.0 1.6972144925
626.0 1.7002761475
627.0 1.70250195
628.0 1.70527575125
629.0 1.70814563875
630.0 1.71046978875
631.0 1.7131217525
632.0 1.71591371125
633.0 1.71843955125
634.0 1.72110673625
635.0 1.72402380625
636.0 1.72600910625
637.0 1.7294974625
638.0 1.7316966699999998
639.0 1.73381545125
640.0 1.736562455
641.0 1.7396221525000002
642.0 1.7425644337500001
643.0 1.74539186375
644.0 1.74702697375
645.0 1.75054287
646.0 1.75323371375
647.0 1.7558013700000001
648.0 1.7582299424999999
649.0 1.7609927075
650.0 1.763394685
651.0 1.76609173875
652.0 1.769036855
653.0 1.771548925
654.0 1.7741556975
655.0 1.7771734099999998
656.0 1.77913680625
657.0 1.78189498125
658.0 1.78484796125
659.0 1.7876288500000002
660.0 1.7901030525
661.0 1.7930037537499999
662.0 1.794757765
663.0 1.79763652875
664.0 1.8003463400000002
665.0 1.80284784625
666.0 1.805993235
667.0 1.80880956125
668.0 1.8110693500000001
669.0 1.81394916
670.0 1.81643480375
671.0 1.81958863
672.0 1.82191521
673.0 1.82463008375
674.0 1.82747999125
675.0 1.8298851075
676.0 1.83293552375
677.0 1.8354315625
678.0 1.8377408625
679.0 1.8407621187499998
680.0 1.8433140475
681.0 1.8455364075
682.0 1.8480606275
683.0 1.85087560375
684.0 1.85366881125
685.0 1.85649050375
686.0 1.8596193887499999
687.0 1.86173314125
688.0 1.8644198674999999
689.0 1.867807615
690.0 1.87009923
691.0 1.87269503375
692.0 1.8749860075
693.0 1.87781175
694.0 1.8804234837499998
695.0 1.88366401375
696.0 1.88585674125
697.0 1.8885676325
698.0 1.8913229724999998
699.0 1.8934203225
700.0 1.8968092175
701.0 1.8990171325
702.0 1.90188381375
703.0 1.9047647375
704.0 1.90729094875
705.0 1.9100721075
706.0 1.91295964625
707.0 1.91491582
708.0 1.9179756525
709.0 1.92071799875
710.0 1.9239547825
711.0 1.92521273625
712.0 1.9287529325000001
713.0 1.9309006375
714.0 1.93437897
715.0 1.93648020125
716.0 1.93907239375
717.0 1.9415102137500002
718.0 1.94486745125
719.0 1.94751874
720.0 1.9501093462499999
721.0 1.95378788375
722.0 1.9560501025
723.0 1.95858954375
724.0 1.96174610375
725.0 1.9642832162500001
726.0 1.9667852962499999
727.0 1.96962136625
728.0 1.97145465625
729.0 1.97540677125
730.0 1.9770162649999998
731.0 1.9801959775
732.0 1.9820611275
733.0 1.98506507
734.0 1.98774551875
735.0 1.99118865
736.0 1.9934144525
737.0 1.9964820812500002
738.0 1.9987401825000002
739.0 2.00234592125
740.0 2.00475593125
741.0 2.0063563125
742.0 2.00952114125
743.0 2.01254044
744.0 2.01556581375
745.0 2.01815010875
746.0 2.02052971
747.0 2.0233458
748.0 2.02553849375
749.0 2.0284088875
750.0 2.03180854875
751.0 2.03366100875
752.0 2.036897995
753.0 2.04027015
754.0 2.04205284875
755.0 2.04578059375
756.0 2.04771996
757.0 2.0504605175
758.0 2.05357921
759.0 2.0560868925
760.0 2.05886231375
761.0 2.06235097375
762.0 2.0646009412499997
763.0 2.0676200375000002
764.0 2.069911045
765.0 2.0732527575
766.0 2.07566961875
767.0 2.07872499625
768.0 2.08112643375
769.0 2.08380819875
770.0 2.086326985
771.0 2.088595785
772.0 2.09171565875
773.0 2.09411952625
774.0 2.099133045
775.0 2.1003746975
776.0 2.10354202375
777.0 2.1059895975000003
778.0 2.1089952949999997
779.0 2.1126288774999997
780.0 2.114167125
781.0 2.11692796625
782.0 2.120427325
783.0 2.12182459875
784.0 2.1259345625
785.0 2.12816721625
786.0 2.1303401324999998
787.0 2.13187800875
788.0 2.13686915125
789.0 2.13880207125
790.0 2.1415716875
791.0 2.14512794875
792.0 2.14759044
793.0 2.14977246875
794.0 2.15297506375
795.0 2.15585811375
796.0 2.15897194625
797.0 2.160741685
798.0 2.1639451912500003
799.0 2.1668849075
800.0 2.1696063624999997
801.0 2.1732453787500003
802.0 2.17474967375
803.0 2.1779806862499997
804.0 2.1809090962499997
805.0 2.18319659375
806.0 2.18689342375
807.0 2.18958943125
808.0 2.192447675
809.0 2.19512515375
810.0 2.1981496837499996
811.0 2.20060323125
812.0 2.20468633
813.0 2.2068336974999996
814.0 2.20827747875
815.0 2.21203377625
816.0 2.2147847287499998
817.0 2.21627171
818.0 2.2208668300000003
819.0 2.22362298
820.0 2.2269287149999997
821.0 2.2287608574999997
822.0 2.23149733125
823.0 2.2342098425
824.0 2.2372300187499996
825.0 2.2400799937499998
826.0 2.2440258312499997
827.0 2.2455557425
828.0 2.2493260125
829.0 2.25161334125
830.0 2.25349428625
831.0 2.25710032875
832.0 2.25939430625
833.0 2.26328027125
834.0 2.26484950125
835.0 2.2674347412499998
836.0 2.2705714224999998
837.0 2.2729357012499998
838.0 2.27660492375
839.0 2.2801447825000003
840.0 2.282189415
841.0 2.28534935
842.0 2.28523293625
843.0 2.2911783937499997
844.0 2.2932407450000003
845.0 2.29597111
846.0 2.29834612125
847.0 2.3017753475
848.0 2.3047994725
849.0 2.30739412875
850.0 2.31153200375
851.0 2.3142655075
852.0 2.31624240375
853.0 2.3199875975
854.0 2.32084666
855.0 2.3247591862499997
856.0 2.327780915
857.0 2.3298045550000004
858.0 2.3324930025
859.0 2.3349779375
860.0 2.3387232662499997
861.0 2.3425516875
862.0 2.34478667
863.0 2.34775014625
864.0 2.3505926625
865.0 2.3535593112499997
866.0 2.3563250125
867.0 2.35848544125
868.0 2.3618718725
869.0 2.3643863725000003
870.0 2.36649300375
871.0 2.3707659125
872.0 2.37222771625
873.0 2.37670963875
874.0 2.37924870875
875.0 2.38112152
876.0 2.38431885
877.0 2.3883349212500002
878.0 2.38933782625
879.0 2.3929698900000003
880.0 2.396053955
881.0 2.39955884875
882.0 2.4007424175
883.0 2.4038212850000003
884.0 2.4060789812500003
885.0 2.41064433375
886.0 2.41364588
887.0 2.41532662
888.0 2.4190582462499997
889.0 2.4212484762499997
890.0 2.4255792662499998
891.0 2.42675051625
892.0 2.4280926425000002
893.0 2.4333471025
894.0 2.4342848362500003
895.0 2.4383059025
896.0 2.44236271
897.0 2.44463286
898.0 2.447832215
899.0 2.4500997662499997
900.0 2.4535556887500003
901.0 2.45550028625
902.0 2.457305395
903.0 2.460379335
904.0 2.46438332375
905.0 2.4666479725
906.0 2.4688645612499998
907.0 2.47131007625
908.0 2.4741995387499998
909.0 2.479627305
910.0 2.48129876375
911.0 2.48270673625
912.0 2.4867853125
913.0 2.4901569612500003
914.0 2.49186719875
915.0 2.49483381375
916.0 2.498408435
917.0 2.5018155550000003
918.0 2.50284886875
919.0 2.5069542087500003
920.0 2.50870157125
921.0 2.511998565
922.0 2.5149436475
923.0 2.51862016
924.0 2.5223984625
925.0 2.5235439950000003
926.0 2.52590820625
927.0 2.5295103675000004
928.0 2.53234437875
929.0 2.53473353125
930.0 2.53851028125
931.0 2.5402075587499997
932.0 2.54485519375
933.0 2.5466790675
934.0 2.54965358
935.0 2.55250952875
936.0 2.5537090275
937.0 2.5596383187500003
938.0 2.5610864875
939.0 2.56400426625
940.0 2.5677203675
941.0 2.5696005025
942.0 2.5721199300000004
943.0 2.574070535
944.0 2.57860028125
945.0 2.5804518975
946.0 2.5827098975
947.0 2.5872149049999997
948.0 2.58796066875
949.0 2.5921112675
950.0 2.5944627212499998
951.0 2.5966324312499998
952.0 2.59938257375
953.0 2.603505565
954.0 2.60551638
955.0 2.6088775662500003
956.0 2.6111536225000003
957.0 2.61295738125
958.0 2.6161221425
959.0 2.61939838
960.0 2.6256366525
961.0 2.6265779975
962.0 2.6282357537500003
963.0 2.63079284625
964.0 2.6341988525
965.0 2.6367219587500004
966.0 2.6407543650000003
967.0 2.6427865775000003
968.0 2.645078665
969.0 2.64736731
970.0 2.65122077375
971.0 2.654034805
972.0 2.65742265375
973.0 2.65983155
974.0 2.661717085
975.0 2.66613295875
976.0 2.6686974425
977.0 2.67199079125
978.0 2.67508045875
979.0 2.67672771875
980.0 2.68053535
981.0 2.68190400375
982.0 2.6857025224999997
983.0 2.68694717875
984.0 2.6907050625
985.0 2.6928213125
986.0 2.69604679
987.0 2.70049972125
988.0 2.70133306625
989.0 2.7043516899999998
990.0 2.70824869125
991.0 2.71102661
992.0 2.71240788625
993.0 2.7162230775
994.0 2.71965821
995.0 2.7206028625
996.0 2.724529665
997.0 2.72712870875
998.0 2.7295507000000003
999.0 2.7330047325
1000.0 2.7355898712499997
