1.0 0.0
2.0 4.0
3.0 8.0
4.0 18.0
5.0 33.0
6.0 39.0
7.0 65.0
8.0 86.0
9.0 105.0
10.0 130.0
11.0 173.0
12.0 196.0
13.0 244.0
14.0 274.0
15.0 316.0
16.0 354.0
17.0 400.0
18.0 438.0
19.0 478.0
20.0 561.0
21.0 598.0
22.0 644.0
23.0 692.0
24.0 756.0
25.0 790.0
26.0 817.0
27.0 907.0
28.0 937.0
29.0 1009.0
30.0 1045.0
31.0 1120.0
32.0 1149.0
33.0 1227.0
34.0 1293.0
35.0 1335.0
36.0 1376.0
37.0 1477.0
38.0 1466.0
39.0 1504.0
40.0 1647.0
41.0 1636.0
42.0 1671.0
43.0 1765.0
44.0 1753.0
45.0 1850.0
46.0 1821.0
47.0 1835.0
48.0 1890.0
49.0 1923.0
50.0 1951.0
51.0 1971.0
52.0 2039.0
53.0 2037.0
54.0 2070.0
55.0 2247.0
56.0 2125.0
57.0 2190.0
58.0 2187.0
59.0 2274.0
60.0 2253.0
61.0 2264.0
62.0 2302.0
63.0 2335.0
64.0 2356.0
65.0 2410.0
66.0 2451.0
67.0 2440.0
68.0 2445.0
69.0 2478.0
70.0 2497.0
71.0 2563.0
72.0 2528.0
73.0 2561.0
74.0 2580.0
75.0 2586.0
76.0 2592.0
77.0 2631.0
78.0 2698.0
79.0 2741.0
80.0 2695.0
81.0 2690.0
82.0 2746.0
83.0 2733.0
84.0 2791.0
85.0 2809.0
86.0 2836.0
87.0 2835.0
88.0 2922.0
89.0 2979.0
90.0 2926.0
91.0 2960.0
92.0 2997.0
93.0 3053.0
94.0 3046.0
95.0 3115.0
96.0 3067.0
97.0 3070.0
98.0 3149.0
99.0 3117.0
100.0 3193.0
101.0 3137.0
102.0 3160.0
103.0 3170.0
104.0 3218.0
105.0 3206.0
106.0 3213.0
107.0 3225.0
108.0 3239.0
109.0 3249.0
110.0 3262.0
111.0 3341.0
112.0 3291.0
113.0 3315.0
114.0 3304.0
115.0 3348.0
116.0 3314.0
117.0 3421.0
118.0 3362.0
119.0 3367.0
120.0 3463.0
121.0 3407.0
122.0 3417.0
123.0 3436.0
124.0 3454.0
125.0 3548.0
126.0 3456.0
127.0 3467.0
128.0 3486.0
129.0 3530.0
130.0 3544.0
131.0 3517.0
132.0 3536.0
133.0 3569.0
134.0 3626.0
135.0 3612.0
136.0 3587.0
137.0 3619.0
138.0 3616.0
139.0 3641.0
140.0 3648.0
141.0 3685.0
142.0 3676.0
143.0 3803.0
144.0 3794.0
145.0 3744.0
146.0 3758.0
147.0 3752.0
148.0 3786.0
149.0 3862.0
150.0 3853.0
151.0 3852.0
152.0 3826.0
153.0 3844.0
154.0 3824.0
155.0 3881.0
156.0 3930.0
157.0 3874.0
158.0 3960.0
159.0 3907.0
160.0 3909.0
161.0 3911.0
162.0 3900.0
163.0 3914.0
164.0 3917.0
165.0 3922.0
166.0 3944.0
167.0 3954.0
168.0 3965.0
169.0 3942.0
170.0 4045.0
171.0 3992.0
172.0 4013.0
173.0 4028.0
174.0 4073.0
175.0 4030.0
176.0 4040.0
177.0 4045.0
178.0 4049.0
179.0 4125.0
180.0 4061.0
181.0 4095.0
182.0 4079.0
183.0 4119.0
184.0 4114.0
185.0 4149.0
186.0 4260.0
187.0 4152.0
188.0 4167.0
189.0 4166.0
190.0 4185.0
191.0 4215.0
192.0 4283.0
193.0 4247.0
194.0 4266.0
195.0 4301.0
196.0 4270.0
197.0 4233.0
198.0 4277.0
199.0 4314.0
200.0 4279.0
201.0 4373.0
202.0 4317.0
203.0 4321.0
204.0 4285.0
205.0 4383.0
206.0 4427.0
207.0 4328.0
208.0 4325.0
209.0 4381.0
210.0 4363.0
211.0 4360.0
212.0 4405.0
213.0 4391.0
214.0 4510.0
215.0 4461.0
216.0 4376.0
217.0 4415.0
218.0 4433.0
219.0 4424.0
220.0 4449.0
221.0 4455.0
222.0 4463.0
223.0 4534.0
224.0 4468.0
225.0 4493.0
226.0 4516.0
227.0 4485.0
228.0 4494.0
229.0 4520.0
230.0 4523.0
231.0 4559.0
232.0 4646.0
233.0 4555.0
234.0 4646.0
235.0 4573.0
236.0 4630.0
237.0 4594.0
238.0 4597.0
239.0 4601.0
240.0 4611.0
241.0 4573.0
242.0 4625.0
243.0 4645.0
244.0 4747.0
245.0 4630.0
246.0 4646.0
247.0 4665.0
248.0 4678.0
249.0 4661.0
250.0 4661.0
251.0 4724.0
252.0 4706.0
253.0 4781.0
254.0 4713.0
255.0 4707.0
256.0 4723.0
257.0 4741.0
258.0 4769.0
259.0 4757.0
260.0 4794.0
261.0 4775.0
262.0 4810.0
263.0 4785.0
264.0 4818.0
265.0 4867.0
266.0 4835.0
267.0 4807.0
268.0 4940.0
269.0 4834.0
270.0 4857.0
271.0 4913.0
272.0 4852.0
273.0 4868.0
274.0 4925.0
275.0 4910.0
276.0 4864.0
277.0 4968.0
278.0 5047.0
279.0 4907.0
280.0 4913.0
281.0 4909.0
282.0 4988.0
283.0 4958.0
284.0 4935.0
285.0 4948.0
286.0 4957.0
287.0 4972.0
288.0 4984.0
289.0 5002.0
290.0 5006.0
291.0 5060.0
292.0 4976.0
293.0 5003.0
294.0 5046.0
295.0 5034.0
296.0 5033.0
297.0 5061.0
298.0 5035.0
299.0 5144.0
300.0 5134.0
301.0 5137.0
302.0 5143.0
303.0 5092.0
304.0 5070.0
305.0 5109.0
306.0 5126.0
307.0 5125.0
308.0 5220.0
309.0 5196.0
310.0 5151.0
311.0 5209.0
312.0 5161.0
313.0 5170.0
314.0 5176.0
315.0 5186.0
316.0 5283.0
317.0 5186.0
318.0 5278.0
319.0 5215.0
320.0 5204.0
321.0 5290.0
322.0 5227.0
323.0 5293.0
324.0 5236.0
325.0 5306.0
326.0 5279.0
327.0 5264.0
328.0 5349.0
329.0 5274.0
330.0 5314.0
331.0 5269.0
332.0 5341.0
333.0 5291.0
334.0 5391.0
335.0 5419.0
336.0 5352.0
337.0 5396.0
338.0 5471.0
339.0 5346.0
340.0 5375.0
341.0 5373.0
342.0 5444.0
343.0 5375.0
344.0 5401.0
345.0 5408.0
346.0 5400.0
347.0 5436.0
348.0 5441.0
349.0 5440.0
350.0 5443.0
351.0 5503.0
352.0 5546.0
353.0 5489.0
354.0 5476.0
355.0 5483.0
356.0 5503.0
357.0 5509.0
358.0 5504.0
359.0 5516.0
360.0 5591.0
361.0 5519.0
362.0 5519.0
363.0 5551.0
364.0 5527.0
365.0 5533.0
366.0 5643.0
367.0 5645.0
368.0 5575.0
369.0 5738.0
370.0 5590.0
371.0 5600.0
372.0 5628.0
373.0 5643.0
374.0 5624.0
375.0 5649.0
376.0 5689.0
377.0 5691.0
378.0 5681.0
379.0 5668.0
380.0 5792.0
381.0 5674.0
382.0 5677.0
383.0 5689.0
384.0 5694.0
385.0 5674.0
386.0 5794.0
387.0 5703.0
388.0 5768.0
389.0 5764.0
390.0 5745.0
391.0 5771.0
392.0 5767.0
393.0 5807.0
394.0 5807.0
395.0 5803.0
396.0 5780.0
397.0 5809.0
398.0 5832.0
399.0 5856.0
400.0 5848.0
401.0 6022.0
402.0 5867.0
403.0 5849.0
404.0 5871.0
405.0 5874.0
406.0 5887.0
407.0 5899.0
408.0 5892.0
409.0 5981.0
410.0 5932.0
411.0 5918.0
412.0 5934.0
413.0 5952.0
414.0 5966.0
415.0 6028.0
416.0 5935.0
417.0 5996.0
418.0 5984.0
419.0 5988.0
420.0 6027.0
421.0 6022.0
422.0 6038.0
423.0 6031.0
424.0 6062.0
425.0 6057.0
426.0 6146.0
427.0 6106.0
428.0 6168.0
429.0 6103.0
430.0 6112.0
431.0 6110.0
432.0 6105.0
433.0 6243.0
434.0 6123.0
435.0 6142.0
436.0 6148.0
437.0 6151.0
438.0 6194.0
439.0 6158.0
440.0 6267.0
441.0 6184.0
442.0 6200.0
443.0 6220.0
444.0 6293.0
445.0 6237.0
446.0 6246.0
447.0 6256.0
448.0 6250.0
449.0 6285.0
450.0 6294.0
451.0 6285.0
452.0 6306.0
453.0 6323.0
454.0 6329.0
455.0 6323.0
456.0 6348.0
457.0 6366.0
458.0 6371.0
459.0 6362.0
460.0 6367.0
461.0 6378.0
462.0 6438.0
463.0 6393.0
464.0 6415.0
465.0 6439.0
466.0 6442.0
467.0 6573.0
468.0 6464.0
469.0 6455.0
470.0 6498.0
471.0 6479.0
472.0 6492.0
473.0 6533.0
474.0 6518.0
475.0 6587.0
476.0 6535.0
477.0 6545.0
478.0 6564.0
479.0 6544.0
480.0 6596.0
481.0 6580.0
482.0 6583.0
483.0 6671.0
484.0 6618.0
485.0 6734.0
486.0 6625.0
487.0 6640.0
488.0 6678.0
489.0 6651.0
490.0 6740.0
491.0 6682.0
492.0 6699.0
493.0 6773.0
494.0 6715.0
495.0 6738.0
496.0 6771.0
497.0 6876.0
498.0 6757.0
499.0 6808.0
500.0 6842.0
501.0 6777.0
502.0 6858.0
503.0 6831.0
504.0 6835.0
505.0 6839.0
506.0 6842.0
507.0 6949.0
508.0 6931.0
509.0 6910.0
510.0 6890.0
511.0 6996.0
512.0 6933.0
513.0 6940.0
514.0 6981.0
515.0 6938.0
516.0 6954.0
517.0 7022.0
518.0 7017.0
519.0 7017.0
520.0 7033.0
521.0 7045.0
522.0 7077.0
523.0 7066.0
524.0 7116.0
525.0 7094.0
526.0 7069.0
527.0 7149.0
528.0 7097.0
529.0 7130.0
530.0 7178.0
531.0 7196.0
532.0 7170.0
533.0 7180.0
534.0 7164.0
535.0 7277.0
536.0 7212.0
537.0 7197.0
538.0 7271.0
539.0 7257.0
540.0 7341.0
541.0 7307.0
542.0 7365.0
543.0 7314.0
544.0 7304.0
545.0 7396.0
546.0 7447.0
547.0 7334.0
548.0 7407.0
549.0 7394.0
550.0 7416.0
551.0 7409.0
552.0 7469.0
553.0 7576.0
554.0 7461.0
555.0 7503.0
556.0 7448.0
557.0 7578.0
558.0 7517.0
559.0 7552.0
560.0 7573.0
561.0 7554.0
562.0 7600.0
563.0 7587.0
564.0 7621.0
565.0 7649.0
566.0 7717.0
567.0 7660.0
568.0 7776.0
569.0 7750.0
570.0 7744.0
571.0 7726.0
572.0 7794.0
573.0 7871.0
574.0 7779.0
575.0 7798.0
576.0 7757.0
577.0 7931.0
578.0 7800.0
579.0 7980.0
580.0 7854.0
581.0 7941.0
582.0 8031.0
583.0 7996.0
584.0 7966.0
585.0 7948.0
586.0 7970.0
587.0 7972.0
588.0 8005.0
589.0 7986.0
590.0 8027.0
591.0 8014.0
592.0 8023.0
593.0 8089.0
594.0 8113.0
595.0 8165.0
596.0 8220.0
597.0 8181.0
598.0 8322.0
599.0 8342.0
600.0 8363.0
601.0 8291.0
602.0 8379.0
603.0 8383.0
604.0 8291.0
605.0 8331.0
606.0 8422.0
607.0 8486.0
608.0 8608.0
609.0 8601.0
610.0 8447.0
611.0 8385.0
612.0 8607.0
613.0 8664.0
614.0 8567.0
615.0 8655.0
616.0 8764.0
617.0 8467.0
618.0 8577.0
619.0 8683.0
620.0 8658.0
621.0 8619.0
622.0 8797.0
623.0 9025.0
624.0 8754.0
625.0 9056.0
626.0 8880.0
627.0 9077.0
628.0 9016.0
629.0 8995.0
630.0 9143.0
631.0 8933.0
632.0 9314.0
633.0 9164.0
634.0 9044.0
635.0 9269.0
636.0 9344.0
637.0 9637.0
638.0 9328.0
639.0 9411.0
640.0 9208.0
641.0 9389.0
642.0 9631.0
643.0 9975.0
644.0 9743.0
645.0 9299.0
646.0 9709.0
647.0 10026.0
648.0 9580.0
649.0 9635.0
650.0 10035.0
651.0 9858.0
652.0 9710.0
653.0 10185.0
654.0 9923.0
655.0 10001.0
656.0 9586.0
657.0 10529.0
658.0 10834.0
659.0 10392.0
660.0 10095.0
661.0 10537.0
662.0 10374.0
663.0 10445.0
664.0 10688.0
665.0 10826.0
666.0 10789.0
667.0 10436.0
668.0 10655.0
669.0 10889.0
670.0 10829.0
671.0 10949.0
672.0 10819.0
673.0 11289.0
674.0 11012.0
675.0 11374.0
676.0 11706.0
677.0 11562.0
678.0 10951.0
679.0 11651.0
680.0 12035.0
681.0 11942.0
682.0 11823.0
683.0 11554.0
684.0 12426.0
685.0 11942.0
686.0 12247.0
687.0 12187.0
688.0 11640.0
689.0 11458.0
690.0 12146.0
691.0 12727.0
692.0 12702.0
693.0 12844.0
694.0 13303.0
695.0 12658.0
696.0 12571.0
697.0 12459.0
698.0 12530.0
699.0 12914.0
700.0 13362.0
701.0 12969.0
702.0 13721.0
703.0 13485.0
704.0 13963.0
705.0 13981.0
706.0 13740.0
707.0 14495.0
708.0 13136.0
709.0 13523.0
710.0 14737.0
711.0 14148.0
712.0 14177.0
713.0 14908.0
714.0 14491.0
715.0 14269.0
716.0 14554.0
717.0 15990.0
718.0 15344.0
719.0 15008.0
720.0 14932.0
721.0 14955.0
722.0 17015.0
723.0 15786.0
724.0 15065.0
725.0 17517.0
726.0 16510.0
727.0 16712.0
728.0 16726.0
729.0 17880.0
730.0 16467.0
731.0 17650.0
732.0 17545.0
733.0 16706.0
734.0 16124.0
735.0 17486.0
736.0 18057.0
737.0 18217.0
738.0 17650.0
739.0 17808.0
740.0 18675.0
741.0 17952.0
742.0 18848.0
743.0 19349.0
744.0 19099.0
745.0 19075.0
746.0 19406.0
747.0 19468.0
748.0 19070.0
749.0 19748.0
750.0 19740.0
751.0 19756.0
752.0 20610.0
753.0 21516.0
754.0 20761.0
755.0 20283.0
756.0 20980.0
757.0 20696.0
758.0 21363.0
759.0 21157.0
760.0 22587.0
761.0 21695.0
762.0 22298.0
763.0 23470.0
764.0 23158.0
765.0 24353.0
766.0 22481.0
767.0 22450.0
768.0 23114.0
769.0 23524.0
770.0 24343.0
771.0 24104.0
772.0 24926.0
773.0 24284.0
774.0 24935.0
775.0 25989.0
776.0 25908.0
777.0 26481.0
778.0 25564.0
779.0 26322.0
780.0 26812.0
781.0 27464.0
782.0 26794.0
783.0 26578.0
784.0 26322.0
785.0 24924.0
786.0 26431.0
787.0 26631.0
788.0 26489.0
789.0 27924.0
790.0 27782.0
791.0 28657.0
792.0 28603.0
793.0 28992.0
794.0 29097.0
795.0 30388.0
796.0 29416.0
797.0 29822.0
798.0 30752.0
799.0 29512.0
800.0 31262.0
801.0 32004.0
802.0 33330.0
803.0 30972.0
804.0 31995.0
805.0 33842.0
806.0 31191.0
807.0 31693.0
808.0 32324.0
809.0 34465.0
810.0 33575.0
811.0 35604.0
812.0 34093.0
813.0 35070.0
814.0 34870.0
815.0 35942.0
816.0 36771.0
817.0 35313.0
818.0 37641.0
819.0 35990.0
820.0 38633.0
821.0 37648.0
822.0 36846.0
823.0 37943.0
824.0 38397.0
825.0 38253.0
826.0 38753.0
827.0 39642.0
828.0 37659.0
829.0 39206.0
830.0 38140.0
831.0 40915.0
832.0 40553.0
833.0 39698.0
834.0 40109.0
835.0 41202.0
836.0 41896.0
837.0 40888.0
838.0 40032.0
839.0 41382.0
840.0 42668.0
841.0 44686.0
842.0 43642.0
843.0 42731.0
844.0 44236.0
845.0 44582.0
846.0 43325.0
847.0 45009.0
848.0 42728.0
849.0 42832.0
850.0 45874.0
851.0 44577.0
852.0 46586.0
853.0 45934.0
854.0 46982.0
855.0 48033.0
856.0 49126.0
857.0 45738.0
858.0 50307.0
859.0 47732.0
860.0 49667.0
861.0 49449.0
862.0 50886.0
863.0 48647.0
864.0 48997.0
865.0 50757.0
866.0 49458.0
867.0 52048.0
868.0 53330.0
869.0 52345.0
870.0 52945.0
871.0 52818.0
872.0 51473.0
873.0 52094.0
874.0 54985.0
875.0 51308.0
876.0 51518.0
877.0 53269.0
878.0 53645.0
879.0 55749.0
880.0 54388.0
881.0 55873.0
882.0 55876.0
883.0 55927.0
884.0 56308.0
885.0 57106.0
886.0 56415.0
887.0 54893.0
888.0 55821.0
889.0 56359.0
890.0 56944.0
891.0 55759.0
892.0 59087.0
893.0 56380.0
894.0 58262.0
895.0 58214.0
896.0 59481.0
897.0 63191.0
898.0 60219.0
899.0 60682.0
900.0 61727.0
901.0 59869.0
902.0 61924.0
903.0 60608.0
904.0 60918.0
905.0 59118.0
906.0 61481.0
907.0 60801.0
908.0 60677.0
909.0 63467.0
910.0 63279.0
911.0 64378.0
912.0 65788.0
913.0 65930.0
914.0 63121.0
915.0 64003.0
916.0 64270.0
917.0 65969.0
918.0 65407.0
919.0 66711.0
920.0 66611.0
921.0 67787.0
922.0 65168.0
923.0 69547.0
924.0 66212.0
925.0 69702.0
926.0 66908.0
927.0 67486.0
928.0 67541.0
929.0 70170.0
930.0 69718.0
931.0 66062.0
932.0 68272.0
933.0 71484.0
934.0 69505.0
935.0 71330.0
936.0 72386.0
937.0 73232.0
938.0 72731.0
939.0 72449.0
940.0 73432.0
941.0 73009.0
942.0 74245.0
943.0 73667.0
944.0 73806.0
945.0 75095.0
946.0 76897.0
947.0 74198.0
948.0 76402.0
949.0 73198.0
950.0 74456.0
951.0 73126.0
952.0 75076.0
953.0 74787.0
954.0 75895.0
955.0 76801.0
956.0 75398.0
957.0 77796.0
958.0 74744.0
959.0 76688.0
960.0 77919.0
961.0 78429.0
962.0 75024.0
963.0 79045.0
964.0 78180.0
965.0 79065.0
966.0 78106.0
967.0 78317.0
968.0 82060.0
969.0 80098.0
970.0 79493.0
971.0 81903.0
972.0 83404.0
973.0 80035.0
974.0 82460.0
975.0 79769.0
976.0 82409.0
977.0 83458.0
978.0 82308.0
979.0 82667.0
980.0 85112.0
981.0 84337.0
982.0 84126.0
983.0 84134.0
984.0 85663.0
985.0 84543.0
986.0 82939.0
987.0 85824.0
988.0 84532.0
989.0 85376.0
990.0 84937.0
991.0 85168.0
992.0 85902.0
993.0 86328.0
994.0 86953.0
995.0 86413.0
996.0 86398.0
997.0 88873.0
998.0 88111.0
999.0 87003.0
1000.0 89059.0
