1.0 0.0
2.0 7.0
3.0 23.0
4.0 33.0
5.0 74.0
6.0 123.0
7.0 138.0
8.0 180.0
9.0 236.0
10.0 308.0
11.0 359.0
12.0 418.0
13.0 527.0
14.0 591.0
15.0 678.0
16.0 708.0
17.0 820.0
18.0 874.0
19.0 987.0
20.0 1179.0
21.0 1250.0
22.0 1316.0
23.0 1424.0
24.0 1559.0
25.0 1635.0
26.0 1794.0
27.0 1926.0
28.0 1982.0
29.0 2114.0
30.0 2207.0
31.0 2390.0
32.0 2516.0
33.0 2561.0
34.0 2630.0
35.0 2793.0
36.0 2866.0
37.0 2949.0
38.0 3058.0
39.0 3135.0
40.0 3318.0
41.0 3368.0
42.0 3462.0
43.0 3523.0
44.0 3604.0
45.0 3774.0
46.0 3873.0
47.0 3958.0
48.0 4081.0
49.0 4178.0
50.0 4296.0
51.0 4378.0
52.0 4499.0
53.0 4582.0
54.0 4648.0
55.0 4831.0
56.0 4912.0
57.0 5020.0
58.0 5113.0
59.0 5262.0
60.0 5363.0
61.0 5482.0
62.0 5510.0
63.0 5658.0
64.0 5753.0
65.0 5856.0
66.0 5993.0
67.0 6120.0
68.0 6240.0
69.0 6336.0
70.0 6440.0
71.0 6543.0
72.0 6678.0
73.0 6797.0
74.0 6918.0
75.0 7048.0
76.0 7171.0
77.0 7293.0
78.0 7392.0
79.0 7495.0
80.0 7670.0
81.0 7795.0
82.0 7896.0
83.0 8071.0
84.0 8161.0
85.0 8311.0
86.0 8402.0
87.0 8558.0
88.0 8702.0
89.0 8795.0
90.0 8956.0
91.0 9130.0
92.0 9266.0
93.0 9382.0
94.0 9556.0
95.0 9666.0
96.0 9816.0
97.0 9998.0
98.0 10156.0
99.0 10271.0
100.0 10458.0
101.0 10624.0
102.0 10708.0
103.0 10921.0
104.0 11059.0
105.0 11189.0
106.0 11344.0
107.0 11521.0
108.0 11706.0
109.0 11902.0
110.0 11956.0
111.0 12181.0
112.0 12278.0
113.0 12517.0
114.0 12735.0
115.0 12873.0
116.0 13020.0
117.0 13213.0
118.0 13364.0
119.0 13565.0
120.0 13700.0
121.0 13899.0
122.0 14029.0
123.0 14242.0
124.0 14403.0
125.0 14640.0
126.0 14802.0
127.0 15013.0
128.0 15132.0
129.0 15315.0
130.0 15536.0
131.0 15685.0
132.0 15908.0
133.0 16101.0
134.0 16218.0
135.0 16453.0
136.0 16660.0
137.0 16889.0
138.0 17076.0
139.0 17135.0
140.0 17430.0
141.0 17638.0
142.0 17801.0
143.0 18044.0
144.0 18238.0
145.0 18417.0
146.0 18616.0
147.0 18812.0
148.0 19080.0
149.0 19268.0
150.0 19397.0
151.0 19652.0
152.0 19804.0
153.0 20117.0
154.0 20328.0
155.0 20488.0
156.0 20694.0
157.0 20942.0
158.0 21087.0
159.0 21334.0
160.0 21561.0
161.0 21810.0
162.0 21950.0
163.0 22271.0
164.0 22440.0
165.0 22609.0
166.0 22834.0
167.0 23110.0
168.0 23256.0
169.0 23568.0
170.0 23705.0
171.0 24070.0
172.0 24260.0
173.0 24432.0
174.0 24639.0
175.0 24887.0
176.0 25192.0
177.0 25402.0
178.0 25496.0
179.0 25865.0
180.0 26155.0
181.0 26372.0
182.0 26574.0
183.0 26756.0
184.0 27105.0
185.0 27219.0
186.0 27401.0
187.0 27733.0
188.0 28020.0
189.0 28202.0
190.0 28570.0
191.0 28750.0
192.0 28910.0
193.0 29089.0
194.0 29469.0
195.0 29684.0
196.0 29884.0
197.0 30178.0
198.0 30376.0
199.0 30704.0
200.0 30930.0
201.0 31208.0
202.0 31407.0
203.0 31748.0
204.0 31922.0
205.0 32258.0
206.0 32430.0
207.0 32592.0
208.0 32989.0
209.0 33219.0
210.0 33405.0
211.0 33808.0
212.0 34000.0
213.0 34294.0
214.0 34508.0
215.0 34739.0
216.0 34955.0
217.0 35365.0
218.0 35654.0
219.0 35820.0
220.0 36160.0
221.0 36436.0
222.0 36755.0
223.0 36883.0
224.0 37110.0
225.0 37525.0
226.0 37654.0
227.0 37992.0
228.0 38289.0
229.0 38621.0
230.0 38807.0
231.0 39062.0
232.0 39353.0
233.0 39633.0
234.0 39922.0
235.0 40130.0
236.0 40485.0
237.0 40733.0
238.0 40937.0
239.0 41312.0
240.0 41700.0
241.0 41980.0
242.0 42057.0
243.0 42393.0
244.0 42751.0
245.0 43001.0
246.0 43183.0
247.0 43537.0
248.0 43988.0
249.0 44071.0
250.0 44421.0
251.0 44812.0
252.0 44941.0
253.0 45272.0
254.0 45540.0
255.0 45817.0
256.0 46207.0
257.0 46454.0
258.0 46772.0
259.0 46974.0
260.0 47315.0
261.0 47669.0
262.0 47901.0
263.0 48186.0
264.0 48425.0
265.0 48853.0
266.0 49191.0
267.0 49460.0
268.0 49660.0
269.0 49970.0
270.0 50291.0
271.0 50639.0
272.0 50925.0
273.0 51269.0
274.0 51408.0
275.0 51807.0
276.0 52244.0
277.0 52366.0
278.0 52685.0
279.0 53035.0
280.0 53324.0
281.0 53643.0
282.0 53901.0
283.0 54206.0
284.0 54603.0
285.0 54959.0
286.0 55135.0
287.0 55455.0
288.0 55718.0
289.0 56090.0
290.0 56524.0
291.0 56719.0
292.0 57190.0
293.0 57343.0
294.0 57621.0
295.0 58048.0
296.0 58472.0
297.0 58660.0
298.0 59049.0
299.0 59268.0
300.0 59533.0
301.0 60028.0
302.0 60199.0
303.0 60533.0
304.0 60843.0
305.0 61196.0
306.0 61567.0
307.0 61667.0
308.0 62179.0
309.0 62417.0
310.0 62665.0
311.0 63240.0
312.0 63423.0
313.0 63788.0
314.0 64265.0
315.0 64592.0
316.0 64818.0
317.0 65020.0
318.0 65561.0
319.0 65681.0
320.0 66006.0
321.0 66398.0
322.0 66802.0
323.0 67014.0
324.0 67371.0
325.0 67732.0
326.0 68017.0
327.0 68193.0
328.0 68702.0
329.0 69015.0
330.0 69207.0
331.0 69797.0
332.0 69876.0
333.0 70418.0
334.0 70584.0
335.0 70934.0
336.0 71561.0
337.0 71592.0
338.0 71997.0
339.0 72299.0
340.0 72697.0
341.0 72953.0
342.0 73302.0
343.0 73683.0
344.0 74013.0
345.0 74387.0
346.0 74675.0
347.0 75152.0
348.0 75360.0
349.0 75785.0
350.0 76145.0
351.0 76455.0
352.0 76667.0
353.0 77139.0
354.0 77705.0
355.0 77947.0
356.0 77964.0
357.0 78498.0
358.0 78730.0
359.0 79235.0
360.0 79420.0
361.0 79820.0
362.0 80220.0
363.0 80651.0
364.0 80927.0
365.0 81293.0
366.0 81577.0
367.0 81927.0
368.0 82270.0
369.0 82709.0
370.0 82809.0
371.0 83314.0
372.0 83522.0
373.0 83962.0
374.0 84334.0
375.0 84834.0
376.0 85252.0
377.0 85380.0
378.0 85800.0
379.0 86360.0
380.0 86485.0
381.0 86986.0
382.0 87122.0
383.0 87482.0
384.0 87882.0
385.0 88067.0
386.0 88771.0
387.0 89210.0
388.0 89238.0
389.0 89703.0
390.0 90111.0
391.0 90219.0
392.0 90711.0
393.0 91240.0
394.0 91474.0
395.0 91651.0
396.0 92091.0
397.0 92592.0
398.0 92751.0
399.0 93215.0
400.0 93697.0
401.0 93876.0
402.0 94380.0
403.0 94639.0
404.0 95179.0
405.0 95762.0
406.0 95809.0
407.0 96029.0
408.0 96460.0
409.0 96797.0
410.0 97126.0
411.0 97596.0
412.0 97806.0
413.0 98255.0
414.0 98871.0
415.0 99197.0
416.0 99139.0
417.0 99760.0
418.0 100081.0
419.0 100440.0
420.0 101051.0
421.0 100956.0
422.0 101716.0
423.0 101875.0
424.0 102172.0
425.0 102688.0
426.0 103144.0
427.0 103416.0
428.0 103805.0
429.0 104083.0
430.0 104372.0
431.0 104803.0
432.0 105080.0
433.0 105772.0
434.0 106400.0
435.0 106182.0
436.0 106705.0
437.0 107155.0
438.0 107545.0
439.0 107711.0
440.0 108285.0
441.0 108722.0
442.0 109391.0
443.0 109461.0
444.0 109828.0
445.0 109842.0
446.0 110339.0
447.0 110692.0
448.0 111418.0
449.0 111821.0
450.0 111746.0
451.0 112416.0
452.0 112690.0
453.0 112734.0
454.0 113028.0
455.0 113606.0
456.0 114007.0
457.0 114782.0
458.0 114779.0
459.0 115308.0
460.0 115783.0
461.0 116053.0
462.0 116534.0
463.0 116505.0
464.0 117359.0
465.0 117708.0
466.0 118075.0
467.0 118362.0
468.0 118689.0
469.0 119165.0
470.0 119086.0
471.0 119826.0
472.0 120355.0
473.0 120673.0
474.0 121032.0
475.0 121461.0
476.0 121725.0
477.0 122230.0
478.0 122645.0
479.0 122963.0
480.0 123402.0
481.0 123683.0
482.0 123890.0
483.0 124263.0
484.0 124728.0
485.0 125180.0
486.0 125590.0
487.0 125498.0
488.0 126497.0
489.0 126729.0
490.0 126840.0
491.0 127603.0
492.0 127696.0
493.0 128128.0
494.0 128556.0
495.0 129045.0
496.0 129369.0
497.0 129594.0
498.0 130231.0
499.0 130271.0
500.0 130906.0
501.0 131174.0
502.0 131492.0
503.0 132063.0
504.0 132366.0
505.0 132886.0
506.0 133412.0
507.0 133719.0
508.0 134570.0
509.0 134736.0
510.0 135044.0
511.0 134897.0
512.0 135661.0
513.0 136008.0
514.0 136275.0
515.0 137076.0
516.0 137193.0
517.0 137261.0
518.0 138265.0
519.0 138196.0
520.0 138339.0
521.0 139463.0
522.0 139569.0
523.0 139879.0
524.0 140315.0
525.0 140814.0
526.0 140725.0
527.0 141543.0
528.0 142133.0
529.0 142259.0
530.0 142668.0
531.0 143076.0
532.0 143650.0
533.0 143588.0
534.0 144513.0
535.0 144637.0
536.0 144918.0
537.0 145541.0
538.0 145430.0
539.0 146234.0
540.0 146849.0
541.0 146910.0
542.0 147739.0
543.0 147689.0
544.0 147830.0
545.0 148633.0
546.0 148923.0
547.0 149577.0
548.0 149548.0
549.0 150494.0
550.0 150701.0
551.0 151198.0
552.0 151048.0
553.0 151663.0
554.0 152295.0
555.0 152707.0
556.0 152815.0
557.0 153752.0
558.0 153858.0
559.0 154387.0
560.0 154189.0
561.0 155028.0
562.0 155126.0
563.0 156150.0
564.0 156253.0
565.0 156261.0
566.0 157090.0
567.0 157231.0
568.0 157933.0
569.0 158176.0
570.0 158221.0
571.0 158607.0
572.0 159362.0
573.0 159690.0
574.0 159885.0
575.0 160864.0
576.0 161431.0
577.0 161305.0
578.0 161335.0
579.0 162716.0
580.0 162385.0
581.0 163180.0
582.0 163865.0
583.0 164087.0
584.0 164298.0
585.0 164754.0
586.0 165636.0
587.0 165210.0
588.0 165632.0
589.0 166510.0
590.0 166777.0
591.0 167120.0
592.0 167845.0
593.0 167362.0
594.0 168382.0
595.0 168744.0
596.0 168726.0
597.0 169685.0
598.0 170130.0
599.0 170395.0
600.0 170992.0
601.0 171223.0
602.0 171642.0
603.0 171893.0
604.0 171970.0
605.0 172745.0
606.0 173177.0
607.0 173595.0
608.0 174045.0
609.0 174644.0
610.0 174586.0
611.0 175116.0
612.0 175957.0
613.0 175694.0
614.0 175936.0
615.0 176683.0
616.0 177306.0
617.0 178148.0
618.0 177958.0
619.0 178635.0
620.0 178472.0
621.0 179005.0
622.0 178986.0
623.0 179497.0
624.0 180195.0
625.0 181774.0
626.0 181372.0
627.0 181458.0
628.0 181506.0
629.0 182620.0
630.0 182794.0
631.0 183223.0
632.0 183932.0
633.0 184525.0
634.0 183739.0
635.0 184457.0
636.0 184428.0
637.0 185865.0
638.0 185682.0
639.0 186199.0
640.0 186949.0
641.0 187547.0
642.0 186892.0
643.0 188073.0
644.0 188647.0
645.0 188928.0
646.0 189327.0
647.0 190194.0
648.0 189383.0
649.0 190466.0
650.0 190315.0
651.0 190598.0
652.0 191392.0
653.0 191529.0
654.0 192746.0
655.0 192894.0
656.0 192911.0
657.0 193192.0
658.0 194411.0
659.0 193355.0
660.0 193921.0
661.0 195296.0
662.0 195065.0
663.0 195473.0
664.0 195966.0
665.0 196243.0
666.0 196127.0
667.0 196927.0
668.0 197850.0
669.0 197986.0
670.0 197793.0
671.0 197794.0
672.0 198210.0
673.0 199679.0
674.0 199673.0
675.0 199475.0
676.0 200039.0
677.0 199876.0
678.0 200307.0
679.0 200746.0
680.0 200751.0
681.0 201967.0
682.0 201308.0
683.0 202364.0
684.0 203205.0
685.0 203711.0
686.0 203731.0
687.0 202900.0
688.0 202831.0
689.0 205411.0
690.0 205243.0
691.0 205127.0
692.0 206043.0
693.0 205029.0
694.0 205588.0
695.0 204728.0
696.0 204584.0
697.0 206530.0
698.0 207057.0
699.0 207812.0
700.0 206531.0
701.0 208450.0
702.0 207879.0
703.0 208454.0
704.0 210617.0
705.0 208848.0
706.0 210807.0
707.0 210032.0
708.0 209111.0
709.0 209632.0
710.0 209357.0
711.0 211225.0
712.0 209915.0
713.0 209718.0
714.0 211324.0
715.0 211761.0
716.0 212449.0
717.0 211610.0
718.0 211787.0
719.0 213621.0
720.0 213095.0
721.0 213239.0
722.0 213285.0
723.0 213221.0
724.0 214179.0
725.0 214262.0
726.0 213695.0
727.0 214657.0
728.0 212792.0
729.0 214579.0
730.0 214491.0
731.0 213233.0
732.0 214467.0
733.0 215532.0
734.0 215548.0
735.0 215399.0
736.0 214823.0
737.0 214881.0
738.0 215718.0
739.0 217101.0
740.0 217184.0
741.0 215700.0
742.0 217659.0
743.0 217382.0
744.0 217499.0
745.0 218179.0
746.0 216426.0
747.0 216812.0
748.0 218058.0
749.0 217424.0
750.0 216114.0
751.0 217606.0
752.0 217386.0
753.0 217284.0
754.0 218351.0
755.0 217713.0
756.0 217202.0
757.0 217342.0
758.0 218176.0
759.0 220848.0
760.0 217663.0
761.0 216193.0
762.0 221751.0
763.0 217664.0
764.0 215786.0
765.0 218539.0
766.0 218953.0
767.0 219764.0
768.0 220032.0
769.0 218561.0
770.0 219043.0
771.0 217122.0
772.0 219704.0
773.0 219210.0
774.0 221179.0
775.0 220498.0
776.0 219127.0
777.0 220381.0
778.0 218025.0
779.0 219562.0
780.0 217538.0
781.0 218914.0
782.0 219359.0
783.0 217317.0
784.0 220822.0
785.0 219140.0
786.0 216741.0
787.0 218690.0
788.0 216654.0
789.0 219224.0
790.0 219390.0
791.0 216697.0
792.0 218831.0
793.0 219035.0
794.0 217134.0
795.0 221054.0
796.0 220163.0
797.0 217190.0
798.0 217127.0
799.0 218134.0
800.0 216103.0
801.0 217210.0
802.0 219153.0
803.0 214260.0
804.0 218249.0
805.0 217299.0
806.0 221313.0
807.0 219691.0
808.0 217040.0
809.0 218109.0
810.0 218051.0
811.0 216718.0
812.0 215776.0
813.0 215944.0
814.0 215631.0
815.0 216439.0
816.0 218911.0
817.0 214939.0
818.0 215335.0
819.0 216056.0
820.0 213453.0
821.0 215638.0
822.0 215137.0
823.0 218840.0
824.0 213407.0
825.0 215950.0
826.0 217395.0
827.0 214964.0
828.0 215854.0
829.0 215074.0
830.0 211031.0
831.0 213441.0
832.0 214089.0
833.0 216117.0
834.0 210263.0
835.0 213264.0
836.0 217446.0
837.0 212716.0
838.0 214668.0
839.0 213140.0
840.0 215443.0
841.0 213274.0
842.0 212332.0
843.0 213274.0
844.0 214609.0
845.0 210633.0
846.0 211671.0
847.0 214320.0
848.0 210366.0
849.0 208227.0
850.0 212077.0
851.0 211082.0
852.0 209853.0
853.0 210410.0
854.0 210652.0
855.0 210731.0
856.0 209739.0
857.0 210746.0
858.0 208028.0
859.0 208660.0
860.0 210256.0
861.0 207939.0
862.0 208188.0
863.0 210707.0
864.0 211521.0
865.0 204739.0
866.0 203705.0
867.0 209075.0
868.0 205527.0
869.0 206622.0
870.0 208251.0
871.0 206639.0
872.0 207673.0
873.0 205707.0
874.0 207069.0
875.0 206473.0
876.0 203822.0
877.0 205451.0
878.0 203786.0
879.0 202473.0
880.0 206876.0
881.0 203185.0
882.0 202303.0
883.0 204048.0
884.0 203560.0
885.0 204345.0
886.0 204437.0
887.0 201694.0
888.0 202158.0
889.0 197967.0
890.0 199244.0
891.0 200464.0
892.0 201227.0
893.0 198979.0
894.0 200240.0
895.0 195734.0
896.0 200387.0
897.0 198199.0
898.0 196377.0
899.0 201253.0
900.0 198852.0
901.0 196410.0
902.0 197269.0
903.0 196139.0
904.0 197572.0
905.0 198884.0
906.0 194470.0
907.0 197426.0
908.0 193744.0
909.0 198228.0
910.0 197444.0
911.0 192537.0
912.0 190947.0
913.0 194577.0
914.0 197285.0
915.0 196805.0
916.0 192089.0
917.0 193830.0
918.0 198444.0
919.0 193788.0
920.0 195623.0
921.0 190185.0
922.0 189773.0
923.0 196545.0
924.0 192077.0
925.0 194175.0
926.0 191332.0
927.0 191143.0
928.0 192316.0
929.0 191451.0
930.0 190367.0
931.0 190527.0
932.0 188941.0
933.0 188179.0
934.0 187810.0
935.0 188336.0
936.0 194430.0
937.0 190499.0
938.0 188658.0
939.0 188970.0
940.0 187232.0
941.0 188969.0
942.0 187650.0
943.0 191279.0
944.0 182021.0
945.0 186916.0
946.0 183959.0
947.0 187351.0
948.0 186854.0
949.0 184744.0
950.0 185896.0
951.0 184685.0
952.0 185830.0
953.0 183284.0
954.0 183124.0
955.0 180248.0
956.0 186148.0
957.0 184140.0
958.0 180690.0
959.0 184041.0
960.0 185941.0
961.0 184859.0
962.0 185787.0
963.0 179252.0
964.0 181972.0
965.0 184323.0
966.0 182937.0
967.0 180205.0
968.0 183557.0
969.0 183878.0
970.0 181888.0
971.0 181155.0
972.0 180488.0
973.0 179173.0
974.0 182648.0
975.0 179277.0
976.0 178140.0
977.0 178935.0
978.0 179194.0
979.0 178129.0
980.0 178683.0
981.0 177399.0
982.0 175651.0
983.0 174904.0
984.0 176681.0
985.0 178514.0
986.0 177720.0
987.0 175622.0
988.0 181118.0
989.0 172687.0
990.0 176060.0
991.0 179244.0
992.0 177230.0
993.0 179287.0
994.0 177882.0
995.0 178174.0
996.0 174519.0
997.0 174057.0
998.0 175966.0
999.0 173573.0
1000.0 176252.0
