1.0 0.0
2.0 0.0
3.0 0.0
4.0 0.0
5.0 0.0
6.0 0.0
7.0 0.0
8.0 0.0
9.0 0.0
10.0 0.0
11.0 0.0
12.0 0.0
13.0 0.0
14.0 0.0
15.0 0.0
16.0 2.0
17.0 2.0
18.0 2.0
19.0 2.0
20.0 2.0
21.0 4.0
22.0 4.0
23.0 4.0
24.0 4.0
25.0 4.0
26.0 4.0
27.0 6.0
28.0 6.0
29.0 6.0
30.0 6.0
31.0 6.0
32.0 6.0
33.0 8.0
34.0 8.0
35.0 8.0
36.0 8.0
37.0 8.0
38.0 8.0
39.0 8.0
40.0 10.0
41.0 10.0
42.0 10.0
43.0 10.0
44.0 10.0
45.0 10.0
46.0 10.0
47.0 12.0
48.0 10.0
49.0 12.0
50.0 12.0
51.0 12.0
52.0 12.0
53.0 12.0
54.0 12.0
55.0 12.0
56.0 12.0
57.0 12.0
58.0 12.0
59.0 14.0
60.0 14.0
61.0 14.0
62.0 14.0
63.0 14.0
64.0 14.0
65.0 14.0
66.0 14.0
67.0 14.0
68.0 16.0
69.0 16.0
70.0 16.0
71.0 16.0
72.0 16.0
73.0 16.0
74.0 16.0
75.0 16.0
76.0 16.0
77.0 16.0
78.0 16.0
79.0 16.0
80.0 16.0
81.0 16.0
82.0 16.0
83.0 16.0
84.0 18.0
85.0 18.0
86.0 18.0
87.0 18.0
88.0 18.0
89.0 18.0
90.0 18.0
91.0 18.0
92.0 18.0
93.0 18.0
94.0 18.0
95.0 18.0
96.0 18.0
97.0 18.0
98.0 18.0
99.0 18.0
100.0 18.0
101.0 18.0
102.0 20.0
103.0 20.0
104.0 20.0
105.0 20.0
106.0 20.0
107.0 20.0
108.0 20.0
109.0 20.0
110.0 20.0
111.0 20.0
112.0 20.0
113.0 20.0
114.0 20.0
115.0 20.0
116.0 20.0
117.0 20.0
118.0 20.0
119.0 20.0
120.0 20.0
121.0 20.0
122.0 22.0
123.0 22.0
124.0 22.0
125.0 20.0
126.0 22.0
127.0 22.0
128.0 22.0
129.0 22.0
130.0 22.0
131.0 22.0
132.0 22.0
133.0 22.0
134.0 22.0
135.0 22.0
136.0 22.0
137.0 22.0
138.0 22.0
139.0 22.0
140.0 22.0
141.0 22.0
142.0 22.0
143.0 22.0
144.0 22.0
145.0 22.0
146.0 22.0
147.0 22.0
148.0 22.0
149.0 22.0
150.0 24.0
151.0 24.0
152.0 24.0
153.0 24.0
154.0 24.0
155.0 24.0
156.0 24.0
157.0 24.0
158.0 24.0
159.0 24.0
160.0 24.0
161.0 24.0
162.0 24.0
163.0 24.0
164.0 24.0
165.0 24.0
166.0 24.0
167.0 24.0
168.0 24.0
169.0 24.0
170.0 24.0
171.0 24.0
172.0 24.0
173.0 24.0
174.0 24.0
175.0 24.0
176.0 24.0
177.0 24.0
178.0 24.0
179.0 24.0
180.0 24.0
181.0 24.0
182.0 24.0
183.0 26.0
184.0 26.0
185.0 26.0
186.0 26.0
187.0 26.0
188.0 26.0
189.0 26.0
190.0 26.0
191.0 26.0
192.0 26.0
193.0 26.0
194.0 26.0
195.0 26.0
196.0 26.0
197.0 26.0
198.0 26.0
199.0 26.0
200.0 26.0
201.0 26.0
202.0 26.0
203.0 26.0
204.0 26.0
205.0 26.0
206.0 26.0
207.0 26.0
208.0 26.0
209.0 26.0
210.0 26.0
211.0 26.0
212.0 26.0
213.0 26.0
214.0 26.0
215.0 26.0
216.0 26.0
217.0 26.0
218.0 26.0
219.0 26.0
220.0 26.0
221.0 26.0
222.0 26.0
223.0 26.0
224.0 28.0
225.0 26.0
226.0 26.0
227.0 26.0
228.0 28.0
229.0 28.0
230.0 28.0
231.0 28.0
232.0 28.0
233.0 28.0
234.0 28.0
235.0 28.0
236.0 28.0
237.0 28.0
238.0 28.0
239.0 28.0
240.0 28.0
241.0 28.0
242.0 28.0
243.0 28.0
244.0 28.0
245.0 28.0
246.0 28.0
247.0 28.0
248.0 28.0
249.0 28.0
250.0 28.0
251.0 28.0
252.0 28.0
253.0 28.0
254.0 28.0
255.0 28.0
256.0 28.0
257.0 28.0
258.0 28.0
259.0 28.0
260.0 28.0
261.0 28.0
262.0 28.0
263.0 28.0
264.0 28.0
265.0 28.0
266.0 28.0
267.0 28.0
268.0 28.0
269.0 28.0
270.0 28.0
271.0 28.0
272.0 28.0
273.0 28.0
274.0 28.0
275.0 28.0
276.0 28.0
277.0 28.0
278.0 30.0
279.0 30.0
280.0 28.0
281.0 30.0
282.0 30.0
283.0 30.0
284.0 30.0
285.0 30.0
286.0 30.0
287.0 30.0
288.0 30.0
289.0 30.0
290.0 30.0
291.0 30.0
292.0 30.0
293.0 30.0
294.0 30.0
295.0 30.0
296.0 30.0
297.0 30.0
298.0 30.0
299.0 30.0
300.0 30.0
301.0 30.0
302.0 30.0
303.0 30.0
304.0 30.0
305.0 30.0
306.0 30.0
307.0 30.0
308.0 30.0
309.0 30.0
310.0 30.0
311.0 30.0
312.0 30.0
313.0 30.0
314.0 30.0
315.0 30.0
316.0 30.0
317.0 30.0
318.0 30.0
319.0 30.0
320.0 30.0
321.0 30.0
322.0 30.0
323.0 30.0
324.0 30.0
325.0 30.0
326.0 30.0
327.0 30.0
328.0 30.0
329.0 30.0
330.0 30.0
331.0 30.0
332.0 30.0
333.0 30.0
334.0 30.0
335.0 30.0
336.0 30.0
337.0 30.0
338.0 30.0
339.0 32.0
340.0 30.0
341.0 30.0
342.0 30.0
343.0 30.0
344.0 30.0
345.0 30.0
346.0 32.0
347.0 32.0
348.0 32.0
349.0 32.0
350.0 32.0
351.0 32.0
352.0 32.0
353.0 32.0
354.0 32.0
355.0 32.0
356.0 32.0
357.0 32.0
358.0 32.0
359.0 32.0
360.0 32.0
361.0 32.0
362.0 32.0
363.0 32.0
364.0 32.0
365.0 32.0
366.0 32.0
367.0 32.0
368.0 32.0
369.0 32.0
370.0 32.0
371.0 32.0
372.0 32.0
373.0 32.0
374.0 32.0
375.0 32.0
376.0 32.0
377.0 32.0
378.0 32.0
379.0 32.0
380.0 32.0
381.0 32.0
382.0 32.0
383.0 32.0
384.0 32.0
385.0 32.0
386.0 32.0
387.0 32.0
388.0 32.0
389.0 32.0
390.0 32.0
391.0 32.0
392.0 32.0
393.0 32.0
394.0 32.0
395.0 32.0
396.0 32.0
397.0 32.0
398.0 32.0
399.0 32.0
400.0 32.0
401.0 32.0
402.0 32.0
403.0 32.0
404.0 32.0
405.0 32.0
406.0 32.0
407.0 32.0
408.0 32.0
409.0 32.0
410.0 32.0
411.0 32.0
412.0 32.0
413.0 32.0
414.0 32.0
415.0 32.0
416.0 32.0
417.0 32.0
418.0 32.0
419.0 32.0
420.0 32.0
421.0 32.0
422.0 32.0
423.0 32.0
424.0 32.0
425.0 32.0
426.0 32.0
427.0 32.0
428.0 32.0
429.0 32.0
430.0 32.0
431.0 32.0
432.0 32.0
433.0 34.0
434.0 32.0
435.0 32.0
436.0 34.0
437.0 34.0
438.0 32.0
439.0 34.0
440.0 34.0
441.0 34.0
442.0 34.0
443.0 34.0
444.0 34.0
445.0 34.0
446.0 34.0
447.0 34.0
448.0 34.0
449.0 34.0
450.0 34.0
451.0 34.0
452.0 34.0
453.0 34.0
454.0 34.0
455.0 34.0
456.0 34.0
457.0 34.0
458.0 34.0
459.0 34.0
460.0 34.0
461.0 34.0
462.0 34.0
463.0 34.0
464.0 34.0
465.0 34.0
466.0 34.0
467.0 34.0
468.0 34.0
469.0 34.0
470.0 34.0
471.0 34.0
472.0 34.0
473.0 34.0
474.0 34.0
475.0 34.0
476.0 34.0
477.0 34.0
478.0 34.0
479.0 34.0
480.0 34.0
481.0 34.0
482.0 34.0
483.0 34.0
484.0 34.0
485.0 34.0
486.0 34.0
487.0 34.0
488.0 34.0
489.0 34.0
490.0 34.0
491.0 34.0
492.0 34.0
493.0 34.0
494.0 34.0
495.0 34.0
496.0 34.0
497.0 34.0
498.0 34.0
499.0 34.0
500.0 34.0
501.0 34.0
502.0 34.0
503.0 34.0
504.0 34.0
505.0 34.0
506.0 34.0
507.0 34.0
508.0 34.0
509.0 34.0
510.0 34.0
511.0 34.0
512.0 34.0
513.0 34.0
514.0 34.0
515.0 34.0
516.0 34.0
517.0 34.0
518.0 34.0
519.0 34.0
520.0 34.0
521.0 34.0
522.0 34.0
523.0 34.0
524.0 34.0
525.0 34.0
526.0 34.0
527.0 34.0
528.0 34.0
529.0 34.0
530.0 34.0
531.0 34.0
532.0 34.0
533.0 34.0
534.0 34.0
535.0 34.0
536.0 34.0
537.0 34.0
538.0 34.0
539.0 34.0
540.0 34.0
541.0 34.0
542.0 36.0
543.0 36.0
544.0 36.0
545.0 34.0
546.0 36.0
547.0 34.0
548.0 36.0
549.0 36.0
550.0 36.0
551.0 36.0
552.0 36.0
553.0 34.0
554.0 36.0
555.0 36.0
556.0 36.0
557.0 36.0
558.0 36.0
559.0 36.0
560.0 36.0
561.0 36.0
562.0 36.0
563.0 36.0
564.0 36.0
565.0 36.0
566.0 36.0
567.0 36.0
568.0 36.0
569.0 36.0
570.0 36.0
571.0 36.0
572.0 36.0
573.0 36.0
574.0 36.0
575.0 36.0
576.0 36.0
577.0 36.0
578.0 36.0
579.0 36.0
580.0 36.0
581.0 36.0
582.0 36.0
583.0 36.0
584.0 36.0
585.0 36.0
586.0 36.0
587.0 36.0
588.0 36.0
589.0 36.0
590.0 36.0
591.0 36.0
592.0 36.0
593.0 36.0
594.0 36.0
595.0 36.0
596.0 36.0
597.0 36.0
598.0 36.0
599.0 36.0
600.0 36.0
601.0 36.0
602.0 36.0
603.0 36.0
604.0 36.0
605.0 36.0
606.0 36.0
607.0 36.0
608.0 36.0
609.0 36.0
610.0 36.0
611.0 36.0
612.0 36.0
613.0 36.0
614.0 36.0
615.0 36.0
616.0 36.0
617.0 36.0
618.0 36.0
619.0 36.0
620.0 36.0
621.0 36.0
622.0 36.0
623.0 36.0
624.0 36.0
625.0 36.0
626.0 36.0
627.0 36.0
628.0 36.0
629.0 36.0
630.0 36.0
631.0 36.0
632.0 36.0
633.0 36.0
634.0 36.0
635.0 36.0
636.0 36.0
637.0 36.0
638.0 36.0
639.0 36.0
640.0 36.0
641.0 36.0
642.0 36.0
643.0 36.0
644.0 36.0
645.0 36.0
646.0 36.0
647.0 36.0
648.0 36.0
649.0 36.0
650.0 36.0
651.0 36.0
652.0 36.0
653.0 36.0
654.0 36.0
655.0 36.0
656.0 36.0
657.0 36.0
658.0 36.0
659.0 36.0
660.0 36.0
661.0 36.0
662.0 36.0
663.0 36.0
664.0 36.0
665.0 36.0
666.0 36.0
667.0 36.0
668.0 36.0
669.0 36.0
670.0 36.0
671.0 36.0
672.0 36.0
673.0 38.0
674.0 36.0
675.0 36.0
676.0 36.0
677.0 36.0
678.0 36.0
679.0 38.0
680.0 38.0
681.0 36.0
682.0 38.0
683.0 38.0
684.0 36.0
685.0 36.0
686.0 38.0
687.0 38.0
688.0 38.0
689.0 38.0
690.0 38.0
691.0 38.0
692.0 38.0
693.0 38.0
694.0 38.0
695.0 38.0
696.0 38.0
697.0 38.0
698.0 38.0
699.0 38.0
700.0 38.0
701.0 38.0
702.0 38.0
703.0 38.0
704.0 38.0
705.0 38.0
706.0 38.0
707.0 38.0
708.0 38.0
709.0 38.0
710.0 38.0
711.0 38.0
712.0 38.0
713.0 38.0
714.0 38.0
715.0 38.0
716.0 38.0
717.0 38.0
718.0 38.0
719.0 38.0
720.0 38.0
721.0 38.0
722.0 38.0
723.0 38.0
724.0 38.0
725.0 38.0
726.0 38.0
727.0 38.0
728.0 38.0
729.0 38.0
730.0 38.0
731.0 38.0
732.0 38.0
733.0 38.0
734.0 38.0
735.0 38.0
736.0 38.0
737.0 38.0
738.0 38.0
739.0 38.0
740.0 38.0
741.0 38.0
742.0 38.0
743.0 38.0
744.0 38.0
745.0 38.0
746.0 38.0
747.0 38.0
748.0 38.0
749.0 38.0
750.0 38.0
751.0 38.0
752.0 38.0
753.0 38.0
754.0 38.0
755.0 38.0
756.0 38.0
757.0 38.0
758.0 38.0
759.0 38.0
760.0 38.0
761.0 38.0
762.0 38.0
763.0 38.0
764.0 38.0
765.0 38.0
766.0 38.0
767.0 38.0
768.0 38.0
769.0 38.0
770.0 38.0
771.0 38.0
772.0 38.0
773.0 38.0
774.0 38.0
775.0 38.0
776.0 38.0
777.0 38.0
778.0 38.0
779.0 38.0
780.0 38.0
781.0 38.0
782.0 38.0
783.0 38.0
784.0 38.0
785.0 38.0
786.0 38.0
787.0 38.0
788.0 38.0
789.0 38.0
790.0 38.0
791.0 38.0
792.0 38.0
793.0 38.0
794.0 38.0
795.0 38.0
796.0 38.0
797.0 38.0
798.0 38.0
799.0 38.0
800.0 38.0
801.0 38.0
802.0 38.0
803.0 38.0
804.0 38.0
805.0 38.0
806.0 38.0
807.0 38.0
808.0 38.0
809.0 38.0
810.0 38.0
811.0 38.0
812.0 38.0
813.0 38.0
814.0 38.0
815.0 38.0
816.0 38.0
817.0 38.0
818.0 38.0
819.0 38.0
820.0 38.0
821.0 38.0
822.0 38.0
823.0 38.0
824.0 38.0
825.0 38.0
826.0 38.0
827.0 38.0
828.0 38.0
829.0 38.0
830.0 38.0
831.0 38.0
832.0 38.0
833.0 38.0
834.0 38.0
835.0 38.0
836.0 38.0
837.0 38.0
838.0 38.0
839.0 38.0
840.0 38.0
841.0 38.0
842.0 38.0
843.0 40.0
844.0 38.0
845.0 38.0
846.0 38.0
847.0 38.0
848.0 40.0
849.0 40.0
850.0 38.0
851.0 38.0
852.0 40.0
853.0 38.0
854.0 40.0
855.0 40.0
856.0 38.0
857.0 40.0
858.0 38.0
859.0 38.0
860.0 40.0
861.0 40.0
862.0 38.0
863.0 40.0
864.0 40.0
865.0 38.0
866.0 40.0
867.0 38.0
868.0 40.0
869.0 40.0
870.0 40.0
871.0 40.0
872.0 40.0
873.0 40.0
874.0 40.0
875.0 40.0
876.0 40.0
877.0 40.0
878.0 40.0
879.0 40.0
880.0 40.0
881.0 40.0
882.0 40.0
883.0 40.0
884.0 40.0
885.0 40.0
886.0 40.0
887.0 40.0
888.0 40.0
889.0 40.0
890.0 40.0
891.0 40.0
892.0 40.0
893.0 40.0
894.0 40.0
895.0 40.0
896.0 40.0
897.0 40.0
898.0 40.0
899.0 40.0
900.0 40.0
901.0 40.0
902.0 40.0
903.0 40.0
904.0 40.0
905.0 40.0
906.0 40.0
907.0 40.0
908.0 40.0
909.0 40.0
910.0 40.0
911.0 40.0
912.0 40.0
913.0 40.0
914.0 40.0
915.0 40.0
916.0 40.0
917.0 40.0
918.0 40.0
919.0 40.0
920.0 40.0
921.0 40.0
922.0 40.0
923.0 40.0
924.0 40.0
925.0 40.0
926.0 40.0
927.0 40.0
928.0 40.0
929.0 40.0
930.0 40.0
931.0 40.0
932.0 40.0
933.0 40.0
934.0 40.0
935.0 40.0
936.0 40.0
937.0 40.0
938.0 40.0
939.0 40.0
940.0 40.0
941.0 40.0
942.0 40.0
943.0 40.0
944.0 40.0
945.0 40.0
946.0 40.0
947.0 40.0
948.0 40.0
949.0 40.0
950.0 40.0
951.0 40.0
952.0 40.0
953.0 40.0
954.0 40.0
955.0 40.0
956.0 40.0
957.0 40.0
958.0 40.0
959.0 40.0
960.0 40.0
961.0 40.0
962.0 40.0
963.0 40.0
964.0 40.0
965.0 40.0
966.0 40.0
967.0 40.0
968.0 40.0
969.0 40.0
970.0 40.0
971.0 40.0
972.0 40.0
973.0 40.0
974.0 40.0
975.0 40.0
976.0 40.0
977.0 40.0
978.0 40.0
979.0 40.0
980.0 40.0
981.0 40.0
982.0 40.0
983.0 40.0
984.0 40.0
985.0 40.0
986.0 40.0
987.0 40.0
988.0 40.0
989.0 40.0
990.0 40.0
991.0 40.0
992.0 40.0
993.0 40.0
994.0 40.0
995.0 40.0
996.0 40.0
997.0 40.0
998.0 40.0
999.0 40.0
1000.0 40.0
