1.0 0.0
2.0 4.0
3.0 15.0
4.0 25.0
5.0 53.0
6.0 83.0
7.0 110.0
8.0 133.0
9.0 170.0
10.0 221.0
11.0 255.0
12.0 305.0
13.0 349.0
14.0 386.0
15.0 422.0
16.0 474.0
17.0 514.0
18.0 563.0
19.0 615.0
20.0 749.0
21.0 816.0
22.0 849.0
23.0 875.0
24.0 1025.0
25.0 1046.0
26.0 1149.0
27.0 1243.0
28.0 1266.0
29.0 1339.0
30.0 1390.0
31.0 1470.0
32.0 1536.0
33.0 1567.0
34.0 1607.0
35.0 1660.0
36.0 1661.0
37.0 1646.0
38.0 1700.0
39.0 1741.0
40.0 1848.0
41.0 1897.0
42.0 1954.0
43.0 1991.0
44.0 2050.0
45.0 2075.0
46.0 2158.0
47.0 2265.0
48.0 2327.0
49.0 2368.0
50.0 2331.0
51.0 2381.0
52.0 2324.0
53.0 2326.0
54.0 2392.0
55.0 2441.0
56.0 2492.0
57.0 2565.0
58.0 2630.0
59.0 2687.0
60.0 2790.0
61.0 2824.0
62.0 2873.0
63.0 2915.0
64.0 3014.0
65.0 3094.0
66.0 3110.0
67.0 3206.0
68.0 3256.0
69.0 3327.0
70.0 3415.0
71.0 3421.0
72.0 3513.0
73.0 3590.0
74.0 3648.0
75.0 3763.0
76.0 3845.0
77.0 3889.0
78.0 4013.0
79.0 4042.0
80.0 4113.0
81.0 4196.0
82.0 4314.0
83.0 4348.0
84.0 4496.0
85.0 4564.0
86.0 4629.0
87.0 4735.0
88.0 4809.0
89.0 4907.0
90.0 5044.0
91.0 5132.0
92.0 5185.0
93.0 5273.0
94.0 5294.0
95.0 5309.0
96.0 5306.0
97.0 5297.0
98.0 5281.0
99.0 5310.0
100.0 5350.0
101.0 5384.0
102.0 5461.0
103.0 5492.0
104.0 5609.0
105.0 5697.0
106.0 5820.0
107.0 5937.0
108.0 6041.0
109.0 6172.0
110.0 6293.0
111.0 6381.0
112.0 6534.0
113.0 6685.0
114.0 6823.0
115.0 6941.0
116.0 7077.0
117.0 7246.0
118.0 7355.0
119.0 7482.0
120.0 7619.0
121.0 7807.0
122.0 7945.0
123.0 8110.0
124.0 8238.0
125.0 8410.0
126.0 8590.0
127.0 8771.0
128.0 8923.0
129.0 9086.0
130.0 9228.0
131.0 9365.0
132.0 9592.0
133.0 9725.0
134.0 9870.0
135.0 10041.0
136.0 10216.0
137.0 10430.0
138.0 10578.0
139.0 10734.0
140.0 10928.0
141.0 11031.0
142.0 11188.0
143.0 11229.0
144.0 11390.0
145.0 11524.0
146.0 11585.0
147.0 11801.0
148.0 11875.0
149.0 11989.0
150.0 12014.0
151.0 12181.0
152.0 12268.0
153.0 12338.0
154.0 12448.0
155.0 12544.0
156.0 12622.0
157.0 12704.0
158.0 12765.0
159.0 12935.0
160.0 12948.0
161.0 13063.0
162.0 13126.0
163.0 13257.0
164.0 13298.0
165.0 13518.0
166.0 13597.0
167.0 13698.0
168.0 13740.0
169.0 13867.0
170.0 14060.0
171.0 14042.0
172.0 14167.0
173.0 14273.0
174.0 14410.0
175.0 14565.0
176.0 14686.0
177.0 14804.0
178.0 14990.0
179.0 15097.0
180.0 15208.0
181.0 15441.0
182.0 15514.0
183.0 15747.0
184.0 15869.0
185.0 16185.0
186.0 16287.0
187.0 16499.0
188.0 16761.0
189.0 17025.0
190.0 17231.0
191.0 17426.0
192.0 17619.0
193.0 17826.0
194.0 18193.0
195.0 18447.0
196.0 18568.0
197.0 18926.0
198.0 19092.0
199.0 19232.0
200.0 19477.0
201.0 19701.0
202.0 20069.0
203.0 20128.0
204.0 20613.0
205.0 20754.0
206.0 21045.0
207.0 21364.0
208.0 21654.0
209.0 21863.0
210.0 22097.0
211.0 22384.0
212.0 22665.0
213.0 23026.0
214.0 23208.0
215.0 23374.0
216.0 23792.0
217.0 24134.0
218.0 24295.0
219.0 24404.0
220.0 24781.0
221.0 25135.0
222.0 25407.0
223.0 25815.0
224.0 26041.0
225.0 26354.0
226.0 26561.0
227.0 26805.0
228.0 27048.0
229.0 27361.0
230.0 27625.0
231.0 27999.0
232.0 28128.0
233.0 28543.0
234.0 28549.0
235.0 28807.0
236.0 29148.0
237.0 29307.0
238.0 29382.0
239.0 29677.0
240.0 29877.0
241.0 29933.0
242.0 30192.0
243.0 30492.0
244.0 30376.0
245.0 30672.0
246.0 30899.0
247.0 31268.0
248.0 31220.0
249.0 31657.0
250.0 31775.0
251.0 32042.0
252.0 32331.0
253.0 32539.0
254.0 32717.0
255.0 33040.0
256.0 33470.0
257.0 33706.0
258.0 33984.0
259.0 34260.0
260.0 34505.0
261.0 34820.0
262.0 35134.0
263.0 35616.0
264.0 35868.0
265.0 35975.0
266.0 36556.0
267.0 36692.0
268.0 37111.0
269.0 37318.0
270.0 37798.0
271.0 38186.0
272.0 38567.0
273.0 38938.0
274.0 39146.0
275.0 39674.0
276.0 39729.0
277.0 40356.0
278.0 40611.0
279.0 41185.0
280.0 41467.0
281.0 41933.0
282.0 42185.0
283.0 42619.0
284.0 42884.0
285.0 43337.0
286.0 43968.0
287.0 44462.0
288.0 44643.0
289.0 45201.0
290.0 45575.0
291.0 46001.0
292.0 46397.0
293.0 46924.0
294.0 46969.0
295.0 47583.0
296.0 47904.0
297.0 48427.0
298.0 48784.0
299.0 49354.0
300.0 49895.0
301.0 50297.0
302.0 50802.0
303.0 50942.0
304.0 51533.0
305.0 51961.0
306.0 52574.0
307.0 52797.0
308.0 53117.0
309.0 53683.0
310.0 54085.0
311.0 54737.0
312.0 54922.0
313.0 55268.0
314.0 56003.0
315.0 56109.0
316.0 56533.0
317.0 56837.0
318.0 57177.0
319.0 57626.0
320.0 58004.0
321.0 58550.0
322.0 58653.0
323.0 59127.0
324.0 59846.0
325.0 59860.0
326.0 60237.0
327.0 60849.0
328.0 61217.0
329.0 61609.0
330.0 61915.0
331.0 62077.0
332.0 62589.0
333.0 63177.0
334.0 63493.0
335.0 63839.0
336.0 64289.0
337.0 64833.0
338.0 65248.0
339.0 65495.0
340.0 66171.0
341.0 66551.0
342.0 67041.0
343.0 67657.0
344.0 68009.0
345.0 68528.0
346.0 68940.0
347.0 69479.0
348.0 70064.0
349.0 70451.0
350.0 71027.0
351.0 71959.0
352.0 72261.0
353.0 72542.0
354.0 73313.0
355.0 73764.0
356.0 74390.0
357.0 74909.0
358.0 75431.0
359.0 76097.0
360.0 76342.0
361.0 77208.0
362.0 77797.0
363.0 78214.0
364.0 79016.0
365.0 79333.0
366.0 80357.0
367.0 80748.0
368.0 81428.0
369.0 81632.0
370.0 82559.0
371.0 83062.0
372.0 83789.0
373.0 84634.0
374.0 84934.0
375.0 85338.0
376.0 86023.0
377.0 86920.0
378.0 87978.0
379.0 88395.0
380.0 88480.0
381.0 89224.0
382.0 89935.0
383.0 90595.0
384.0 91390.0
385.0 91830.0
386.0 92486.0
387.0 93230.0
388.0 93689.0
389.0 94164.0
390.0 95372.0
391.0 95706.0
392.0 95910.0
393.0 96380.0
394.0 96900.0
395.0 98113.0
396.0 98348.0
397.0 98869.0
398.0 99697.0
399.0 100368.0
400.0 100966.0
401.0 101491.0
402.0 101978.0
403.0 102867.0
404.0 102940.0
405.0 103814.0
406.0 104177.0
407.0 105063.0
408.0 105225.0
409.0 105958.0
410.0 107317.0
411.0 107355.0
412.0 108116.0
413.0 109292.0
414.0 109525.0
415.0 110092.0
416.0 110960.0
417.0 111339.0
418.0 112030.0
419.0 112845.0
420.0 113455.0
421.0 114133.0
422.0 114472.0
423.0 115388.0
424.0 116517.0
425.0 116977.0
426.0 117690.0
427.0 118474.0
428.0 119621.0
429.0 120233.0
430.0 120576.0
431.0 121506.0
432.0 122865.0
433.0 123266.0
434.0 123954.0
435.0 124941.0
436.0 125507.0
437.0 126347.0
438.0 127122.0
439.0 128199.0
440.0 128928.0
441.0 129430.0
442.0 130533.0
443.0 131419.0
444.0 131988.0
445.0 132546.0
446.0 133422.0
447.0 134768.0
448.0 135253.0
449.0 135534.0
450.0 137435.0
451.0 138172.0
452.0 138668.0
453.0 140096.0
454.0 140330.0
455.0 141288.0
456.0 142278.0
457.0 143361.0
458.0 144038.0
459.0 144590.0
460.0 145682.0
461.0 146087.0
462.0 147341.0
463.0 148381.0
464.0 149225.0
465.0 149683.0
466.0 151121.0
467.0 151614.0
468.0 152672.0
469.0 153363.0
470.0 154236.0
471.0 154611.0
472.0 155532.0
473.0 156802.0
474.0 157470.0
475.0 158229.0
476.0 159342.0
477.0 160299.0
478.0 161133.0
479.0 161599.0
480.0 161934.0
481.0 163150.0
482.0 164161.0
483.0 166136.0
484.0 166175.0
485.0 167204.0
486.0 167923.0
487.0 168775.0
488.0 170431.0
489.0 170328.0
490.0 172002.0
491.0 173511.0
492.0 174101.0
493.0 175362.0
494.0 176170.0
495.0 176526.0
496.0 177527.0
497.0 178135.0
498.0 179567.0
499.0 180393.0
500.0 182140.0
501.0 183461.0
502.0 184227.0
503.0 184918.0
504.0 186122.0
505.0 187651.0
506.0 189069.0
507.0 189869.0
508.0 190312.0
509.0 191199.0
510.0 193397.0
511.0 194610.0
512.0 194579.0
513.0 196414.0
514.0 196886.0
515.0 198898.0
516.0 198972.0
517.0 200284.0
518.0 201191.0
519.0 202379.0
520.0 203757.0
521.0 205284.0
522.0 205914.0
523.0 207408.0
524.0 207923.0
525.0 209427.0
526.0 210540.0
527.0 210876.0
528.0 213103.0
529.0 213680.0
530.0 215495.0
531.0 216154.0
532.0 217585.0
533.0 218462.0
534.0 219203.0
535.0 221620.0
536.0 222158.0
537.0 223137.0
538.0 223450.0
539.0 225406.0
540.0 226838.0
541.0 226889.0
542.0 228430.0
543.0 230188.0
544.0 231784.0
545.0 232351.0
546.0 233034.0
547.0 234015.0
548.0 235840.0
549.0 237224.0
550.0 238853.0
551.0 239805.0
552.0 241215.0
553.0 241833.0
554.0 243414.0
555.0 245161.0
556.0 246274.0
557.0 247332.0
558.0 249300.0
559.0 249689.0
560.0 251678.0
561.0 253548.0
562.0 254293.0
563.0 255232.0
564.0 257042.0
565.0 258327.0
566.0 258992.0
567.0 260849.0
568.0 262818.0
569.0 263531.0
570.0 265546.0
571.0 267732.0
572.0 268114.0
573.0 268975.0
574.0 271583.0
575.0 271891.0
576.0 274402.0
577.0 274237.0
578.0 276754.0
579.0 278745.0
580.0 279883.0
581.0 281036.0
582.0 282342.0
583.0 284900.0
584.0 285749.0
585.0 286440.0
586.0 287587.0
587.0 290143.0
588.0 291930.0
589.0 293240.0
590.0 294560.0
591.0 295514.0
592.0 297558.0
593.0 299119.0
594.0 300620.0
595.0 301646.0
596.0 303071.0
597.0 305498.0
598.0 306486.0
599.0 307374.0
600.0 307981.0
601.0 311280.0
602.0 312208.0
603.0 314003.0
604.0 315157.0
605.0 317040.0
606.0 318762.0
607.0 320403.0
608.0 320931.0
609.0 323280.0
610.0 325534.0
611.0 327700.0
612.0 327363.0
613.0 330118.0
614.0 330935.0
615.0 332856.0
616.0 334665.0
617.0 336410.0
618.0 337187.0
619.0 339594.0
620.0 341102.0
621.0 343113.0
622.0 344708.0
623.0 348126.0
624.0 349893.0
625.0 350146.0
626.0 353634.0
627.0 353883.0
628.0 356308.0
629.0 358390.0
630.0 359693.0
631.0 361464.0
632.0 363468.0
633.0 364691.0
634.0 366695.0
635.0 368768.0
636.0 371439.0
637.0 371985.0
638.0 375118.0
639.0 376229.0
640.0 378382.0
641.0 379546.0
642.0 381689.0
643.0 384038.0
644.0 385450.0
645.0 387215.0
646.0 389442.0
647.0 390309.0
648.0 392357.0
649.0 393771.0
650.0 395846.0
651.0 398280.0
652.0 398730.0
653.0 401221.0
654.0 404002.0
655.0 406565.0
656.0 407649.0
657.0 408729.0
658.0 411554.0
659.0 412594.0
660.0 415552.0
661.0 417513.0
662.0 417719.0
663.0 421838.0
664.0 423631.0
665.0 424813.0
666.0 427694.0
667.0 429765.0
668.0 431686.0
669.0 433474.0
670.0 437024.0
671.0 437377.0
672.0 439038.0
673.0 441616.0
674.0 445022.0
675.0 446051.0
676.0 450295.0
677.0 450899.0
678.0 452856.0
679.0 454434.0
680.0 458668.0
681.0 458293.0
682.0 461793.0
683.0 466052.0
684.0 465197.0
685.0 468075.0
686.0 467329.0
687.0 470612.0
688.0 474156.0
689.0 475772.0
690.0 478129.0
691.0 480677.0
692.0 482024.0
693.0 485480.0
694.0 487600.0
695.0 489797.0
696.0 491664.0
697.0 494043.0
698.0 497527.0
699.0 498714.0
700.0 501874.0
701.0 503082.0
702.0 503910.0
703.0 508594.0
704.0 509601.0
705.0 512359.0
706.0 514876.0
707.0 516246.0
708.0 518901.0
709.0 521452.0
710.0 525742.0
711.0 525675.0
712.0 528065.0
713.0 530319.0
714.0 534057.0
715.0 536068.0
716.0 537707.0
717.0 540164.0
718.0 544107.0
719.0 545433.0
720.0 547472.0
721.0 548815.0
722.0 551310.0
723.0 553620.0
724.0 557836.0
725.0 560801.0
726.0 561366.0
727.0 564227.0
728.0 566386.0
729.0 568340.0
730.0 572990.0
731.0 574139.0
732.0 575880.0
733.0 580369.0
734.0 581461.0
735.0 585338.0
736.0 589247.0
737.0 590665.0
738.0 595286.0
739.0 593378.0
740.0 599572.0
741.0 601592.0
742.0 600352.0
743.0 606381.0
744.0 608369.0
745.0 609624.0
746.0 613879.0
747.0 615673.0
748.0 622230.0
749.0 622206.0
750.0 622141.0
751.0 627999.0
752.0 629301.0
753.0 633383.0
754.0 635890.0
755.0 637720.0
756.0 640474.0
757.0 645640.0
758.0 647322.0
759.0 649733.0
760.0 651925.0
761.0 654485.0
762.0 656816.0
763.0 660470.0
764.0 663592.0
765.0 665354.0
766.0 666425.0
767.0 670863.0
768.0 676517.0
769.0 676572.0
770.0 680500.0
771.0 682942.0
772.0 686145.0
773.0 685706.0
774.0 688959.0
775.0 692523.0
776.0 698479.0
777.0 700290.0
778.0 703394.0
779.0 708471.0
780.0 711866.0
781.0 711271.0
782.0 714497.0
783.0 717187.0
784.0 721767.0
785.0 726432.0
786.0 725026.0
787.0 727268.0
788.0 733343.0
789.0 737149.0
790.0 737094.0
791.0 742826.0
792.0 747436.0
793.0 748408.0
794.0 752795.0
795.0 754359.0
796.0 759454.0
797.0 764715.0
798.0 764441.0
799.0 767148.0
800.0 768785.0
801.0 772789.0
802.0 776917.0
803.0 783108.0
804.0 781833.0
805.0 785798.0
806.0 791119.0
807.0 792830.0
808.0 796396.0
809.0 799104.0
810.0 802300.0
811.0 808061.0
812.0 808664.0
813.0 814254.0
814.0 814587.0
815.0 821783.0
816.0 822250.0
817.0 826688.0
818.0 830717.0
819.0 835682.0
820.0 836949.0
821.0 840856.0
822.0 843773.0
823.0 850866.0
824.0 850210.0
825.0 854546.0
826.0 859463.0
827.0 861304.0
828.0 866752.0
829.0 867416.0
830.0 875637.0
831.0 875054.0
832.0 879038.0
833.0 883461.0
834.0 887811.0
835.0 888358.0
836.0 895914.0
837.0 900027.0
838.0 901195.0
839.0 905868.0
840.0 905387.0
841.0 906058.0
842.0 916336.0
843.0 919902.0
844.0 926921.0
845.0 927681.0
846.0 932711.0
847.0 936778.0
848.0 942287.0
849.0 943745.0
850.0 950152.0
851.0 950768.0
852.0 955525.0
853.0 964103.0
854.0 961863.0
855.0 966973.0
856.0 974880.0
857.0 975227.0
858.0 979345.0
859.0 987447.0
860.0 987005.0
861.0 993561.0
862.0 997244.0
863.0 1000160.0
864.0 1002773.0
865.0 1010570.0
866.0 1014675.0
867.0 1018437.0
868.0 1021764.0
869.0 1028513.0
870.0 1030095.0
871.0 1028609.0
872.0 1041343.0
873.0 1043180.0
874.0 1050347.0
875.0 1052787.0
876.0 1056828.0
877.0 1060153.0
878.0 1068982.0
879.0 1073119.0
880.0 1072449.0
881.0 1079142.0
882.0 1080437.0
883.0 1088873.0
884.0 1096028.0
885.0 1097782.0
886.0 1106082.0
887.0 1109185.0
888.0 1109212.0
889.0 1116188.0
890.0 1123092.0
891.0 1129643.0
892.0 1129435.0
893.0 1136525.0
894.0 1143532.0
895.0 1151851.0
896.0 1148527.0
897.0 1157548.0
898.0 1160169.0
899.0 1168982.0
900.0 1169010.0
901.0 1181551.0
902.0 1177588.0
903.0 1187016.0
904.0 1189044.0
905.0 1196985.0
906.0 1198657.0
907.0 1205184.0
908.0 1213340.0
909.0 1220420.0
910.0 1218438.0
911.0 1227309.0
912.0 1229096.0
913.0 1241054.0
914.0 1242291.0
915.0 1243847.0
916.0 1250499.0
917.0 1256415.0
918.0 1262361.0
919.0 1271481.0
920.0 1275146.0
921.0 1279128.0
922.0 1288703.0
923.0 1294596.0
924.0 1296060.0
925.0 1304881.0
926.0 1308963.0
927.0 1312137.0
928.0 1316003.0
929.0 1325307.0
930.0 1334800.0
931.0 1336282.0
932.0 1342299.0
933.0 1344969.0
934.0 1358531.0
935.0 1364888.0
936.0 1368147.0
937.0 1375566.0
938.0 1378343.0
939.0 1391995.0
940.0 1393613.0
941.0 1399696.0
942.0 1405180.0
943.0 1410749.0
944.0 1423524.0
945.0 1419869.0
946.0 1431929.0
947.0 1437671.0
948.0 1441656.0
949.0 1448143.0
950.0 1456601.0
951.0 1456880.0
952.0 1470823.0
953.0 1474465.0
954.0 1470826.0
955.0 1489201.0
956.0 1493835.0
957.0 1501198.0
958.0 1510738.0
959.0 1516481.0
960.0 1513056.0
961.0 1529000.0
962.0 1537054.0
963.0 1540853.0
964.0 1547048.0
965.0 1551685.0
966.0 1559000.0
967.0 1570849.0
968.0 1576106.0
969.0 1580533.0
970.0 1589671.0
971.0 1592055.0
972.0 1606536.0
973.0 1612190.0
974.0 1623719.0
975.0 1630009.0
976.0 1629704.0
977.0 1640458.0
978.0 1644782.0
979.0 1653205.0
980.0 1663182.0
981.0 1673745.0
982.0 1677327.0
983.0 1682574.0
984.0 1690088.0
985.0 1698345.0
986.0 1710925.0
987.0 1721747.0
988.0 1723555.0
989.0 1730467.0
990.0 1739429.0
991.0 1753752.0
992.0 1754183.0
993.0 1762324.0
994.0 1769760.0
995.0 1784944.0
996.0 1790125.0
997.0 1790927.0
998.0 1804958.0
999.0 1815858.0
1000.0 1816757.0
