1.0 0.0
2.0 7.0
3.0 18.0
4.0 35.0
5.0 76.0
6.0 119.0
7.0 139.0
8.0 196.0
9.0 238.0
10.0 294.0
11.0 391.0
12.0 423.0
13.0 513.0
14.0 591.0
15.0 675.0
16.0 735.0
17.0 843.0
18.0 919.0
19.0 964.0
20.0 1145.0
21.0 1260.0
22.0 1334.0
23.0 1424.0
24.0 1550.0
25.0 1659.0
26.0 1779.0
27.0 1909.0
28.0 2007.0
29.0 2102.0
30.0 2211.0
31.0 2339.0
32.0 2474.0
33.0 2554.0
34.0 2623.0
35.0 2739.0
36.0 2893.0
37.0 2962.0
38.0 3057.0
39.0 3111.0
40.0 3284.0
41.0 3364.0
42.0 3414.0
43.0 3575.0
44.0 3642.0
45.0 3752.0
46.0 3863.0
47.0 4003.0
48.0 4066.0
49.0 4214.0
50.0 4299.0
51.0 4389.0
52.0 4490.0
53.0 4617.0
54.0 4678.0
55.0 4783.0
56.0 4937.0
57.0 4988.0
58.0 5136.0
59.0 5259.0
60.0 5341.0
61.0 5455.0
62.0 5568.0
63.0 5653.0
64.0 5760.0
65.0 5894.0
66.0 5967.0
67.0 6158.0
68.0 6247.0
69.0 6356.0
70.0 6442.0
71.0 6515.0
72.0 6673.0
73.0 6816.0
74.0 6916.0
75.0 7054.0
76.0 7187.0
77.0 7260.0
78.0 7377.0
79.0 7541.0
80.0 7667.0
81.0 7770.0
82.0 7969.0
83.0 8022.0
84.0 8174.0
85.0 8290.0
86.0 8377.0
87.0 8571.0
88.0 8689.0
89.0 8818.0
90.0 8930.0
91.0 9117.0
92.0 9248.0
93.0 9427.0
94.0 9549.0
95.0 9701.0
96.0 9831.0
97.0 10006.0
98.0 10165.0
99.0 10235.0
100.0 10380.0
101.0 10565.0
102.0 10751.0
103.0 10833.0
104.0 11047.0
105.0 11206.0
106.0 11389.0
107.0 11503.0
108.0 11657.0
109.0 11867.0
110.0 12014.0
111.0 12127.0
112.0 12330.0
113.0 12532.0
114.0 12659.0
115.0 12837.0
116.0 13037.0
117.0 13125.0
118.0 13403.0
119.0 13570.0
120.0 13666.0
121.0 13887.0
122.0 14089.0
123.0 14238.0
124.0 14439.0
125.0 14580.0
126.0 14741.0
127.0 14980.0
128.0 15121.0
129.0 15351.0
130.0 15523.0
131.0 15710.0
132.0 15902.0
133.0 16089.0
134.0 16215.0
135.0 16480.0
136.0 16722.0
137.0 16868.0
138.0 16995.0
139.0 17297.0
140.0 17488.0
141.0 17672.0
142.0 17797.0
143.0 18040.0
144.0 18216.0
145.0 18450.0
146.0 18662.0
147.0 18864.0
148.0 19028.0
149.0 19190.0
150.0 19444.0
151.0 19590.0
152.0 19906.0
153.0 20029.0
154.0 20244.0
155.0 20591.0
156.0 20702.0
157.0 20945.0
158.0 21078.0
159.0 21379.0
160.0 21556.0
161.0 21689.0
162.0 21969.0
163.0 22192.0
164.0 22379.0
165.0 22658.0
166.0 22815.0
167.0 23069.0
168.0 23240.0
169.0 23509.0
170.0 23769.0
171.0 23910.0
172.0 24151.0
173.0 24478.0
174.0 24682.0
175.0 24935.0
176.0 25223.0
177.0 25416.0
178.0 25605.0
179.0 25821.0
180.0 26163.0
181.0 26313.0
182.0 26520.0
183.0 26809.0
184.0 27043.0
185.0 27212.0
186.0 27526.0
187.0 27687.0
188.0 27958.0
189.0 28173.0
190.0 28392.0
191.0 28675.0
192.0 28969.0
193.0 29248.0
194.0 29445.0
195.0 29613.0
196.0 29943.0
197.0 30188.0
198.0 30457.0
199.0 30668.0
200.0 30928.0
201.0 31199.0
202.0 31379.0
203.0 31783.0
204.0 31917.0
205.0 32162.0
206.0 32442.0
207.0 32741.0
208.0 32908.0
209.0 33202.0
210.0 33467.0
211.0 33760.0
212.0 34000.0
213.0 34151.0
214.0 34481.0
215.0 34785.0
216.0 35061.0
217.0 35360.0
218.0 35632.0
219.0 35766.0
220.0 36050.0
221.0 36395.0
222.0 36675.0
223.0 36840.0
224.0 37189.0
225.0 37490.0
226.0 37738.0
227.0 37890.0
228.0 38146.0
229.0 38496.0
230.0 38753.0
231.0 39092.0
232.0 39360.0
233.0 39640.0
234.0 39892.0
235.0 40159.0
236.0 40399.0
237.0 40740.0
238.0 41063.0
239.0 41338.0
240.0 41629.0
241.0 41848.0
242.0 42077.0
243.0 42417.0
244.0 42643.0
245.0 43115.0
246.0 43247.0
247.0 43456.0
248.0 43832.0
249.0 44064.0
250.0 44422.0
251.0 44742.0
252.0 44987.0
253.0 45259.0
254.0 45594.0
255.0 45772.0
256.0 46188.0
257.0 46445.0
258.0 46674.0
259.0 47052.0
260.0 47437.0
261.0 47614.0
262.0 47991.0
263.0 48206.0
264.0 48630.0
265.0 48705.0
266.0 49102.0
267.0 49419.0
268.0 49708.0
269.0 50069.0
270.0 50259.0
271.0 50628.0
272.0 50877.0
273.0 51254.0
274.0 51562.0
275.0 51879.0
276.0 52112.0
277.0 52559.0
278.0 52777.0
279.0 52946.0
280.0 53440.0
281.0 53624.0
282.0 54098.0
283.0 54321.0
284.0 54589.0
285.0 54854.0
286.0 55249.0
287.0 55534.0
288.0 55944.0
289.0 56146.0
290.0 56549.0
291.0 56882.0
292.0 57113.0
293.0 57396.0
294.0 57690.0
295.0 57970.0
296.0 58227.0
297.0 58583.0
298.0 59168.0
299.0 59360.0
300.0 59588.0
301.0 59789.0
302.0 60272.0
303.0 60518.0
304.0 60953.0
305.0 61199.0
306.0 61679.0
307.0 61943.0
308.0 62203.0
309.0 62579.0
310.0 62805.0
311.0 63109.0
312.0 63590.0
313.0 63622.0
314.0 64078.0
315.0 64461.0
316.0 64639.0
317.0 65076.0
318.0 65323.0
319.0 65582.0
320.0 66168.0
321.0 66345.0
322.0 66667.0
323.0 67031.0
324.0 67334.0
325.0 67544.0
326.0 68048.0
327.0 68450.0
328.0 68664.0
329.0 69027.0
330.0 69339.0
331.0 69573.0
332.0 70088.0
333.0 70197.0
334.0 70637.0
335.0 71003.0
336.0 71333.0
337.0 71621.0
338.0 72031.0
339.0 72375.0
340.0 72606.0
341.0 73050.0
342.0 73448.0
343.0 73704.0
344.0 74201.0
345.0 74455.0
346.0 74861.0
347.0 75118.0
348.0 75406.0
349.0 75741.0
350.0 76150.0
351.0 76407.0
352.0 76882.0
353.0 77197.0
354.0 77367.0
355.0 77715.0
356.0 78251.0
357.0 78604.0
358.0 78834.0
359.0 79064.0
360.0 79621.0
361.0 79853.0
362.0 80331.0
363.0 80514.0
364.0 80842.0
365.0 81357.0
366.0 81742.0
367.0 81934.0
368.0 82358.0
369.0 82542.0
370.0 82879.0
371.0 83185.0
372.0 83760.0
373.0 84011.0
374.0 84445.0
375.0 84956.0
376.0 85253.0
377.0 85464.0
378.0 85663.0
379.0 86211.0
380.0 86748.0
381.0 86820.0
382.0 87322.0
383.0 87708.0
384.0 87922.0
385.0 88354.0
386.0 88610.0
387.0 88940.0
388.0 89333.0
389.0 89610.0
390.0 90005.0
391.0 90308.0
392.0 90643.0
393.0 91380.0
394.0 91628.0
395.0 91917.0
396.0 92114.0
397.0 92502.0
398.0 92940.0
399.0 93091.0
400.0 93756.0
401.0 93778.0
402.0 94570.0
403.0 94518.0
404.0 95007.0
405.0 95433.0
406.0 95993.0
407.0 96136.0
408.0 96320.0
409.0 96872.0
410.0 97079.0
411.0 97504.0
412.0 97827.0
413.0 98593.0
414.0 98615.0
415.0 99158.0
416.0 99150.0
417.0 99876.0
418.0 100137.0
419.0 100513.0
420.0 100753.0
421.0 101356.0
422.0 101610.0
423.0 101898.0
424.0 102220.0
425.0 102849.0
426.0 103008.0
427.0 103361.0
428.0 103962.0
429.0 104227.0
430.0 104279.0
431.0 104923.0
432.0 105210.0
433.0 105698.0
434.0 106017.0
435.0 106455.0
436.0 106692.0
437.0 107034.0
438.0 107253.0
439.0 107962.0
440.0 108248.0
441.0 108720.0
442.0 108966.0
443.0 109187.0
444.0 109927.0
445.0 110075.0
446.0 110735.0
447.0 110787.0
448.0 111270.0
449.0 111607.0
450.0 112140.0
451.0 112354.0
452.0 112555.0
453.0 113132.0
454.0 113524.0
455.0 113763.0
456.0 114218.0
457.0 114412.0
458.0 114870.0
459.0 115697.0
460.0 115989.0
461.0 116088.0
462.0 116758.0
463.0 116957.0
464.0 116858.0
465.0 117524.0
466.0 118068.0
467.0 118667.0
468.0 118546.0
469.0 119143.0
470.0 119350.0
471.0 119937.0
472.0 120248.0
473.0 120352.0
474.0 120735.0
475.0 121454.0
476.0 121791.0
477.0 122179.0
478.0 122623.0
479.0 122835.0
480.0 123326.0
481.0 123264.0
482.0 124092.0
483.0 124635.0
484.0 124762.0
485.0 125231.0
486.0 125586.0
487.0 125735.0
488.0 126471.0
489.0 126696.0
490.0 127180.0
491.0 127654.0
492.0 127916.0
493.0 128258.0
494.0 128805.0
495.0 129129.0
496.0 129196.0
497.0 129777.0
498.0 130145.0
499.0 130430.0
500.0 131135.0
501.0 131541.0
502.0 131771.0
503.0 132355.0
504.0 132427.0
505.0 133064.0
506.0 133890.0
507.0 133674.0
508.0 133984.0
509.0 134350.0
510.0 134843.0
511.0 135083.0
512.0 135754.0
513.0 135939.0
514.0 136284.0
515.0 136928.0
516.0 137226.0
517.0 137300.0
518.0 138116.0
519.0 138152.0
520.0 138698.0
521.0 138517.0
522.0 140091.0
523.0 140146.0
524.0 140306.0
525.0 140644.0
526.0 140722.0
527.0 141035.0
528.0 141939.0
529.0 142159.0
530.0 142842.0
531.0 143288.0
532.0 143530.0
533.0 143787.0
534.0 144094.0
535.0 144495.0
536.0 144902.0
537.0 145409.0
538.0 145848.0
539.0 146516.0
540.0 146592.0
541.0 146704.0
542.0 146930.0
543.0 147835.0
544.0 148385.0
545.0 148580.0
546.0 149197.0
547.0 149354.0
548.0 149804.0
549.0 149997.0
550.0 150519.0
551.0 151105.0
552.0 151639.0
553.0 151866.0
554.0 151751.0
555.0 152766.0
556.0 152966.0
557.0 153158.0
558.0 153919.0
559.0 154297.0
560.0 154696.0
561.0 155133.0
562.0 154969.0
563.0 156013.0
564.0 156569.0
565.0 156507.0
566.0 156776.0
567.0 156982.0
568.0 157472.0
569.0 158084.0
570.0 158825.0
571.0 159116.0
572.0 159778.0
573.0 160013.0
574.0 160114.0
575.0 160699.0
576.0 161651.0
577.0 161710.0
578.0 162398.0
579.0 162457.0
580.0 162531.0
581.0 163052.0
582.0 163210.0
583.0 163717.0
584.0 164017.0
585.0 164785.0
586.0 165301.0
587.0 165047.0
588.0 166078.0
589.0 167278.0
590.0 167371.0
591.0 167162.0
592.0 167662.0
593.0 168035.0
594.0 168505.0
595.0 169116.0
596.0 169117.0
597.0 169379.0
598.0 169997.0
599.0 170454.0
600.0 170747.0
601.0 171450.0
602.0 171857.0
603.0 172316.0
604.0 172648.0
605.0 172679.0
606.0 173208.0
607.0 173611.0
608.0 174422.0
609.0 174739.0
610.0 174866.0
611.0 175336.0
612.0 175170.0
613.0 175635.0
614.0 176170.0
615.0 177553.0
616.0 177309.0
617.0 177721.0
618.0 177753.0
619.0 178211.0
620.0 179495.0
621.0 179361.0
622.0 179254.0
623.0 180163.0
624.0 180551.0
625.0 181059.0
626.0 181011.0
627.0 182223.0
628.0 182290.0
629.0 182848.0
630.0 183169.0
631.0 182617.0
632.0 183501.0
633.0 184613.0
634.0 184349.0
635.0 185346.0
636.0 185001.0
637.0 185772.0
638.0 185674.0
639.0 187029.0
640.0 186947.0
641.0 187875.0
642.0 187560.0
643.0 188668.0
644.0 188604.0
645.0 189224.0
646.0 189748.0
647.0 189328.0
648.0 190001.0
649.0 189975.0
650.0 192061.0
651.0 190959.0
652.0 191481.0
653.0 192375.0
654.0 192972.0
655.0 192900.0
656.0 193127.0
657.0 193264.0
658.0 194322.0
659.0 194703.0
660.0 195443.0
661.0 194341.0
662.0 195834.0
663.0 195769.0
664.0 196345.0
665.0 197189.0
666.0 197827.0
667.0 197758.0
668.0 198693.0
669.0 198682.0
670.0 198626.0
671.0 199121.0
672.0 199608.0
673.0 199825.0
674.0 200429.0
675.0 200653.0
676.0 201124.0
677.0 199981.0
678.0 201792.0
679.0 202737.0
680.0 202911.0
681.0 202396.0
682.0 203306.0
683.0 203942.0
684.0 204293.0
685.0 204774.0
686.0 204673.0
687.0 204784.0
688.0 206529.0
689.0 206349.0
690.0 206338.0
691.0 206597.0
692.0 207198.0
693.0 207544.0
694.0 207813.0
695.0 207358.0
696.0 208461.0
697.0 208641.0
698.0 208856.0
699.0 209095.0
700.0 210658.0
701.0 209532.0
702.0 210739.0
703.0 210651.0
704.0 211108.0
705.0 211715.0
706.0 211206.0
707.0 212087.0
708.0 212500.0
709.0 212811.0
710.0 213243.0
711.0 214423.0
712.0 213694.0
713.0 213773.0
714.0 215055.0
715.0 214092.0
716.0 215185.0
717.0 215710.0
718.0 215915.0
719.0 216717.0
720.0 215811.0
721.0 217078.0
722.0 216691.0
723.0 215768.0
724.0 217570.0
725.0 217578.0
726.0 217713.0
727.0 218147.0
728.0 218850.0
729.0 219417.0
730.0 219210.0
731.0 220055.0
732.0 219629.0
733.0 221216.0
734.0 220178.0
735.0 220639.0
736.0 221361.0
737.0 220848.0
738.0 222140.0
739.0 222038.0
740.0 222044.0
741.0 222884.0
742.0 223091.0
743.0 223005.0
744.0 222871.0
745.0 223561.0
746.0 223836.0
747.0 225047.0
748.0 225405.0
749.0 224245.0
750.0 225733.0
751.0 223968.0
752.0 226688.0
753.0 226226.0
754.0 226603.0
755.0 226482.0
756.0 226582.0
757.0 227187.0
758.0 226395.0
759.0 227205.0
760.0 227361.0
761.0 228666.0
762.0 228537.0
763.0 229112.0
764.0 228037.0
765.0 229719.0
766.0 228990.0
767.0 230404.0
768.0 229643.0
769.0 230077.0
770.0 229343.0
771.0 230157.0
772.0 230580.0
773.0 229529.0
774.0 231614.0
775.0 231401.0
776.0 231263.0
777.0 231185.0
778.0 232321.0
779.0 232217.0
780.0 232416.0
781.0 231871.0
782.0 232880.0
783.0 232382.0
784.0 232353.0
785.0 233426.0
786.0 232944.0
787.0 233108.0
788.0 233780.0
789.0 234115.0
790.0 235251.0
791.0 234278.0
792.0 234798.0
793.0 234259.0
794.0 234660.0
795.0 234521.0
796.0 236788.0
797.0 235843.0
798.0 235236.0
799.0 234491.0
800.0 235809.0
801.0 235256.0
802.0 237245.0
803.0 235978.0
804.0 235824.0
805.0 236227.0
806.0 237332.0
807.0 236916.0
808.0 236109.0
809.0 237897.0
810.0 237041.0
811.0 237884.0
812.0 238402.0
813.0 238141.0
814.0 236858.0
815.0 238915.0
816.0 239190.0
817.0 239482.0
818.0 239060.0
819.0 240100.0
820.0 238336.0
821.0 240005.0
822.0 239919.0
823.0 240511.0
824.0 239179.0
825.0 240263.0
826.0 241464.0
827.0 240803.0
828.0 241563.0
829.0 240586.0
830.0 237962.0
831.0 241326.0
832.0 241528.0
833.0 241443.0
834.0 241466.0
835.0 241179.0
836.0 241824.0
837.0 241994.0
838.0 242152.0
839.0 243044.0
840.0 241324.0
841.0 243114.0
842.0 243863.0
843.0 244100.0
844.0 242438.0
845.0 243717.0
846.0 243409.0
847.0 243453.0
848.0 243808.0
849.0 242971.0
850.0 244648.0
851.0 245152.0
852.0 243773.0
853.0 245045.0
854.0 245399.0
855.0 245233.0
856.0 244493.0
857.0 245395.0
858.0 245131.0
859.0 245576.0
860.0 246000.0
861.0 244837.0
862.0 245874.0
863.0 244506.0
864.0 245661.0
865.0 245614.0
866.0 245960.0
867.0 246770.0
868.0 246377.0
869.0 246620.0
870.0 246041.0
871.0 247333.0
872.0 247247.0
873.0 246505.0
874.0 247206.0
875.0 248797.0
876.0 247492.0
877.0 247413.0
878.0 248161.0
879.0 247702.0
880.0 249653.0
881.0 247615.0
882.0 247783.0
883.0 249492.0
884.0 249365.0
885.0 249291.0
886.0 249417.0
887.0 250150.0
888.0 250387.0
889.0 249863.0
890.0 249639.0
891.0 250796.0
892.0 251611.0
893.0 250951.0
894.0 251594.0
895.0 249754.0
896.0 250971.0
897.0 250975.0
898.0 250270.0
899.0 250398.0
900.0 250960.0
901.0 250124.0
902.0 251375.0
903.0 252201.0
904.0 253196.0
905.0 252459.0
906.0 252072.0
907.0 253482.0
908.0 253143.0
909.0 253071.0
910.0 253091.0
911.0 253455.0
912.0 252738.0
913.0 253011.0
914.0 252280.0
915.0 253676.0
916.0 253899.0
917.0 254856.0
918.0 254990.0
919.0 255738.0
920.0 254471.0
921.0 254033.0
922.0 254528.0
923.0 254376.0
924.0 254905.0
925.0 254502.0
926.0 256585.0
927.0 256762.0
928.0 255181.0
929.0 255585.0
930.0 257041.0
931.0 256219.0
932.0 256348.0
933.0 257379.0
934.0 257421.0
935.0 257223.0
936.0 257208.0
937.0 257896.0
938.0 257465.0
939.0 257537.0
940.0 258593.0
941.0 257622.0
942.0 257337.0
943.0 258351.0
944.0 258103.0
945.0 259046.0
946.0 259551.0
947.0 260206.0
948.0 259718.0
949.0 258500.0
950.0 259620.0
951.0 259355.0
952.0 259401.0
953.0 260578.0
954.0 260280.0
955.0 259464.0
956.0 261500.0
957.0 260595.0
958.0 261330.0
959.0 262037.0
960.0 262810.0
961.0 262514.0
962.0 262786.0
963.0 263175.0
964.0 262764.0
965.0 262372.0
966.0 262077.0
967.0 263681.0
968.0 263522.0
969.0 264281.0
970.0 264393.0
971.0 264095.0
972.0 262984.0
973.0 264564.0
974.0 265010.0
975.0 264376.0
976.0 264654.0
977.0 264882.0
978.0 265607.0
979.0 266114.0
980.0 266238.0
981.0 266054.0
982.0 266628.0
983.0 267406.0
984.0 267231.0
985.0 267659.0
986.0 267225.0
987.0 267593.0
988.0 268061.0
989.0 268755.0
990.0 269376.0
991.0 268341.0
992.0 269070.0
993.0 268642.0
994.0 268959.0
995.0 269521.0
996.0 269806.0
997.0 269692.0
998.0 271132.0
999.0 269747.0
1000.0 270752.0
