1.0 128.0
2.0 128.03
3.0 128.0915
4.0 128.2005
5.0 128.3645
6.0 128.524
7.0 128.762
8.0 129.0195
9.0 129.1685
10.0 129.451
11.0 129.92
12.0 130.2515
13.0 130.733
14.0 130.981
15.0 131.5645
16.0 131.999
17.0 132.568
18.0 133.3485
19.0 133.6885
20.0 134.7525
21.0 135.162
22.0 136.002
23.0 136.591
24.0 137.94
25.0 138.7925
26.0 139.2795
27.0 140.507
28.0 141.2425
29.0 142.4505
30.0 143.6895
31.0 144.494
32.0 145.6875
33.0 146.783
34.0 148.0135
35.0 149.122
36.0 150.333
37.0 151.0175
38.0 152.966
39.0 153.7955
40.0 155.085
41.0 156.362
42.0 157.76
43.0 158.991
44.0 160.5865
45.0 161.286
46.0 163.181
47.0 165.3915
48.0 166.626
49.0 168.2055
50.0 169.5685
51.0 171.1365
52.0 172.1525
53.0 174.0725
54.0 176.0795
55.0 178.0475
56.0 179.133
57.0 181.3565
58.0 182.662
59.0 184.846
60.0 186.5735
61.0 187.9255
62.0 189.791
63.0 191.463
64.0 193.957
65.0 195.3445
66.0 197.1825
67.0 199.58
68.0 201.1445
69.0 203.1
70.0 205.3835
71.0 206.4765
72.0 208.9845
73.0 211.0225
74.0 213.526
75.0 214.9725
76.0 217.163
77.0 219.474
78.0 221.4275
79.0 223.2495
80.0 225.827
81.0 228.9805
82.0 230.1995
83.0 232.5545
84.0 234.4015
85.0 237.1665
86.0 238.8755
87.0 240.902
88.0 243.2375
89.0 245.6265
90.0 248.24
91.0 250.456
92.0 252.659
93.0 255.4595
94.0 257.8635
95.0 259.679
96.0 261.801
97.0 264.233
98.0 267.3805
99.0 268.9025
100.0 271.439
101.0 274.3675
102.0 276.4925
103.0 279.193
104.0 282.032
105.0 283.8565
106.0 287.2
107.0 289.224
108.0 291.7845
109.0 293.8275
110.0 296.5675
111.0 298.946
112.0 302.0305
113.0 304.052
114.0 306.101
115.0 310.434
116.0 311.254
117.0 314.536
118.0 318.039
119.0 320.0445
120.0 322.7145
121.0 325.0215
122.0 327.867
123.0 330.389
124.0 333.643
125.0 335.3565
126.0 338.9395
127.0 342.325
128.0 344.417
129.0 346.898
130.0 349.094
131.0 352.404
132.0 355.3825
133.0 358.3715
134.0 360.327
135.0 364.1645
136.0 365.0235
137.0 368.1385
138.0 371.0025
139.0 375.363
140.0 375.851
141.0 380.292
142.0 383.16
143.0 384.671
144.0 387.958
145.0 390.9945
146.0 393.3455
147.0 397.1845
148.0 400.33
149.0 403.0405
150.0 404.671
151.0 408.268
152.0 410.471
153.0 415.0255
154.0 417.129
155.0 418.959
156.0 422.353
157.0 423.88
158.0 427.9985
159.0 430.7545
160.0 435.877
161.0 436.9495
162.0 441.9895
163.0 443.1335
164.0 445.952
165.0 448.501
166.0 451.2375
167.0 454.059
168.0 457.5365
169.0 459.4225
170.0 463.0075
171.0 466.281
172.0 470.185
173.0 473.2515
174.0 475.0465
175.0 477.9835
176.0 481.709
177.0 484.5445
178.0 487.8205
179.0 489.9525
180.0 494.598
181.0 496.3695
182.0 499.0295
183.0 502.7485
184.0 505.9985
185.0 509.072
186.0 511.2185
187.0 514.4685
188.0 518.0935
189.0 520.6225
190.0 523.356
191.0 526.2415
192.0 528.892
193.0 532.383
194.0 535.911
195.0 537.9335
196.0 541.655
197.0 544.6975
198.0 547.09
199.0 550.7785
200.0 553.367
201.0 554.751
202.0 559.412
203.0 563.0255
204.0 565.6055
205.0 568.6845
206.0 571.3525
207.0 573.6545
208.0 577.4165
209.0 580.7715
210.0 584.2725
211.0 588.557
212.0 589.2615
213.0 593.0495
214.0 595.08
215.0 598.9545
216.0 601.9105
217.0 605.1845
218.0 609.2565
219.0 613.071
220.0 614.6945
221.0 617.8655
222.0 620.514
223.0 624.0075
224.0 626.791
225.0 630.9535
226.0 634.085
227.0 635.6355
228.0 640.372
229.0 642.68
230.0 646.1805
231.0 648.654
232.0 652.4555
233.0 655.3085
234.0 656.98
235.0 660.109
236.0 664.0185
237.0 668.157
238.0 669.84
239.0 674.576
240.0 675.9715
241.0 678.847
242.0 683.2435
243.0 685.7325
244.0 687.144
245.0 691.981
246.0 696.884
247.0 699.447
248.0 701.42
249.0 703.4055
250.0 707.849
251.0 709.8035
252.0 713.2415
253.0 717.9625
254.0 719.0165
255.0 722.956
256.0 726.0355
257.0 729.901
258.0 732.3855
259.0 735.6065
260.0 739.9135
261.0 740.816
262.0 744.9285
263.0 746.5405
264.0 748.5615
265.0 754.629
266.0 757.4125
267.0 759.3035
268.0 763.842
269.0 764.95
270.0 770.583
271.0 772.7365
272.0 775.5975
273.0 778.5075
274.0 780.5465
275.0 784.0625
276.0 788.3225
277.0 791.587
278.0 793.3375
279.0 796.2765
280.0 800.8915
281.0 803.044
282.0 807.167
283.0 808.137
284.0 809.932
285.0 815.5655
286.0 817.8535
287.0 821.0745
288.0 823.1865
289.0 826.747
290.0 830.992
291.0 834.6405
292.0 838.4905
293.0 840.4945
294.0 843.323
295.0 845.198
296.0 847.565
297.0 850.8395
298.0 854.994
299.0 858.4465
300.0 860.787
301.0 865.5065
302.0 866.176
303.0 869.9605
304.0 873.293
305.0 876.9875
306.0 879.441
307.0 882.141
308.0 884.91
309.0 888.493
310.0 891.9055
311.0 895.83
312.0 898.086
313.0 901.385
314.0 903.8575
315.0 908.3195
316.0 909.224
317.0 913.6405
318.0 916.1005
319.0 918.895
320.0 923.044
321.0 925.263
322.0 928.815
323.0 931.548
324.0 933.415
325.0 938.255
326.0 941.243
327.0 943.714
328.0 946.8
329.0 948.8135
330.0 954.529
331.0 956.9085
332.0 958.677
333.0 960.647
334.0 964.881
335.0 968.5195
336.0 971.354
337.0 975.199
338.0 976.5615
339.0 979.7045
340.0 981.729
341.0 985.9895
342.0 989.4115
343.0 992.8735
344.0 994.104
345.0 997.895
346.0 1001.136
347.0 1003.516
348.0 1006.4645
349.0 1010.546
350.0 1014.3055
351.0 1017.1685
352.0 1020.1335
353.0 1021.672
354.0 1023.7015
355.0 1031.372
356.0 1031.7315
357.0 1033.809
358.0 1038.341
359.0 1042.1075
360.0 1045.3715
361.0 1047.5165
362.0 1050.8535
363.0 1053.6515
364.0 1055.0755
365.0 1060.134
366.0 1060.951
367.0 1065.63
368.0 1067.74
369.0 1071.3735
370.0 1074.6855
371.0 1076.914
372.0 1079.592
373.0 1083.1005
374.0 1085.9955
375.0 1088.439
376.0 1092.746
377.0 1094.507
378.0 1099.7915
379.0 1101.574
380.0 1105.328
381.0 1106.9575
382.0 1112.534
383.0 1113.138
384.0 1115.588
385.0 1117.9455
386.0 1121.243
387.0 1124.3785
388.0 1127.3235
389.0 1129.977
390.0 1133.683
391.0 1135.7885
392.0 1139.465
393.0 1141.21
394.0 1145.8935
395.0 1149.5155
396.0 1153.6245
397.0 1154.8925
398.0 1158.52
399.0 1159.6275
400.0 1166.159
401.0 1167.886
402.0 1168.7675
403.0 1172.9135
404.0 1175.671
405.0 1178.0495
406.0 1182.3755
407.0 1183.7645
408.0 1188.1395
409.0 1190.1855
410.0 1194.1965
411.0 1194.963
412.0 1199.545
413.0 1202.92
414.0 1203.5065
415.0 1208.308
416.0 1211.013
417.0 1213.6275
418.0 1216.6765
419.0 1219.973
420.0 1221.232
421.0 1224.5965
422.0 1229.074
423.0 1232.75
424.0 1236.44
425.0 1238.038
426.0 1241.105
427.0 1243.8025
428.0 1247.9665
429.0 1248.7315
430.0 1252.14
431.0 1254.8895
432.0 1256.143
433.0 1261.2315
434.0 1265.2355
435.0 1267.0805
436.0 1268.985
437.0 1274.5385
438.0 1276.9285
439.0 1279.2505
440.0 1282.484
441.0 1285.9535
442.0 1287.767
443.0 1290.8535
444.0 1296.3675
445.0 1296.0415
446.0 1299.5815
447.0 1302.966
448.0 1308.6545
449.0 1309.4065
450.0 1309.663
451.0 1315.604
452.0 1318.7175
453.0 1319.4485
454.0 1322.6715
455.0 1326.402
456.0 1329.2315
457.0 1332.2545
458.0 1333.603
459.0 1336.686
460.0 1339.8745
461.0 1343.761
462.0 1347.0835
463.0 1349.8345
464.0 1352.315
465.0 1354.5115
466.0 1357.9585
467.0 1360.4365
468.0 1364.3865
469.0 1366.609
470.0 1369.371
471.0 1372.544
472.0 1375.1245
473.0 1379.256
474.0 1380.6605
475.0 1382.2155
476.0 1387.653
477.0 1391.1875
478.0 1393.2845
479.0 1396.1135
480.0 1399.9585
481.0 1400.614
482.0 1405.5035
483.0 1407.171
484.0 1410.6475
485.0 1413.511
486.0 1416.5925
487.0 1417.519
488.0 1419.2205
489.0 1424.2395
490.0 1426.653
491.0 1431.108
492.0 1432.9825
493.0 1435.5925
494.0 1436.3305
495.0 1442.187
496.0 1443.747
497.0 1447.8525
498.0 1450.083
499.0 1455.1335
500.0 1455.556
501.0 1459.288
502.0 1461.7365
503.0 1467.3665
504.0 1467.094
505.0 1470.5955
506.0 1476.7765
507.0 1475.41
508.0 1479.9875
509.0 1483.49
510.0 1484.7235
511.0 1488.5675
512.0 1491.2785
513.0 1494.7
514.0 1498.296
515.0 1498.8085
516.0 1502.0615
517.0 1505.108
518.0 1508.487
519.0 1510.687
520.0 1513.469
521.0 1517.7525
522.0 1518.3645
523.0 1522.3165
524.0 1524.669
525.0 1528.1585
526.0 1532.6155
527.0 1535.3385
528.0 1537.3205
529.0 1540.648
530.0 1542.3585
531.0 1546.0505
532.0 1551.8785
533.0 1550.1535
534.0 1553.371
535.0 1558.847
536.0 1559.9015
537.0 1562.566
538.0 1565.091
539.0 1567.99
540.0 1569.0625
541.0 1574.2765
542.0 1576.7125
543.0 1579.64
544.0 1582.1515
545.0 1586.4765
546.0 1588.9565
547.0 1593.3065
548.0 1594.729
549.0 1598.286
550.0 1601.8265
551.0 1603.3325
552.0 1605.9565
553.0 1608.2175
554.0 1611.239
555.0 1613.4065
556.0 1615.2355
557.0 1620.1915
558.0 1622.59
559.0 1627.667
560.0 1629.13
561.0 1628.9605
562.0 1634.3595
563.0 1637.5665
564.0 1640.107
565.0 1643.8925
566.0 1648.4605
567.0 1647.734
568.0 1652.856
569.0 1654.853
570.0 1657.2235
571.0 1657.84
572.0 1663.7215
573.0 1666.239
574.0 1668.676
575.0 1671.299
576.0 1674.1255
577.0 1676.099
578.0 1680.475
579.0 1680.5215
580.0 1684.347
581.0 1688.812
582.0 1689.0135
583.0 1694.604
584.0 1696.6725
585.0 1702.1555
586.0 1703.486
587.0 1703.1695
588.0 1708.1475
589.0 1710.777
590.0 1712.446
591.0 1719.4025
592.0 1719.2055
593.0 1722.993
594.0 1723.952
595.0 1728.226
596.0 1731.752
597.0 1734.4905
598.0 1737.2265
599.0 1738.087
600.0 1743.243
601.0 1745.6935
602.0 1748.059
603.0 1750.681
604.0 1753.292
605.0 1755.496
606.0 1760.434
607.0 1761.116
608.0 1766.286
609.0 1767.39
610.0 1769.448
611.0 1773.619
612.0 1778.055
613.0 1778.5475
614.0 1783.707
615.0 1785.047
616.0 1787.851
617.0 1789.9535
618.0 1793.73
619.0 1795.9345
620.0 1797.658
621.0 1800.735
622.0 1803.251
623.0 1808.2775
624.0 1809.5735
625.0 1811.4495
626.0 1816.131
627.0 1818.9575
628.0 1822.066
629.0 1826.562
630.0 1826.208
631.0 1829.742
632.0 1832.0315
633.0 1835.9865
634.0 1839.4545
635.0 1842.895
636.0 1844.6565
637.0 1848.046
638.0 1849.9615
639.0 1854.3415
640.0 1852.8395
641.0 1855.841
642.0 1861.056
643.0 1861.8095
644.0 1865.2865
645.0 1867.9565
646.0 1871.0785
647.0 1874.159
648.0 1877.245
649.0 1881.535
650.0 1882.4805
651.0 1884.493
652.0 1887.285
653.0 1892.723
654.0 1893.739
655.0 1896.9285
656.0 1900.301
657.0 1901.692
658.0 1905.418
659.0 1909.178
660.0 1912.5175
661.0 1914.108
662.0 1916.9155
663.0 1920.3295
664.0 1920.086
665.0 1924.7275
666.0 1927.6085
667.0 1932.156
668.0 1933.2505
669.0 1936.01
670.0 1939.6645
671.0 1940.918
672.0 1942.9155
673.0 1948.87
674.0 1948.4935
675.0 1953.7475
676.0 1956.719
677.0 1958.475
678.0 1961.168
679.0 1964.3715
680.0 1966.2335
681.0 1968.858
682.0 1970.514
683.0 1973.771
684.0 1978.8485
685.0 1980.7935
686.0 1985.091
687.0 1986.287
688.0 1990.273
689.0 1992.9065
690.0 1995.4875
691.0 1998.696
692.0 1998.573
693.0 2005.694
694.0 2008.058
695.0 2006.794
696.0 2013.757
697.0 2014.7875
698.0 2017.769
699.0 2018.3625
700.0 2024.3275
701.0 2022.0345
702.0 2029.002
703.0 2030.379
704.0 2035.0685
705.0 2036.852
706.0 2041.116
707.0 2043.0705
708.0 2045.7725
709.0 2047.828
710.0 2050.4465
711.0 2052.807
712.0 2057.6725
713.0 2058.9945
714.0 2059.941
715.0 2064.4815
716.0 2069.2675
717.0 2069.3615
718.0 2073.5135
719.0 2074.991
720.0 2078.7035
721.0 2081.5335
722.0 2084.091
723.0 2085.801
724.0 2089.4255
725.0 2091.5165
726.0 2094.1255
727.0 2099.3755
728.0 2098.478
729.0 2103.464
730.0 2106.028
731.0 2107.812
732.0 2110.8425
733.0 2113.4975
734.0 2117.4075
735.0 2119.5445
736.0 2118.5775
737.0 2123.293
738.0 2127.5605
739.0 2128.9875
740.0 2132.2935
741.0 2135.1445
742.0 2139.1995
743.0 2140.4205
744.0 2146.57
745.0 2147.235
746.0 2147.8585
747.0 2152.405
748.0 2155.627
749.0 2157.2745
750.0 2161.035
751.0 2165.206
752.0 2167.101
753.0 2170.739
754.0 2172.2425
755.0 2174.7765
756.0 2179.0535
757.0 2180.4095
758.0 2183.199
759.0 2186.401
760.0 2188.6375
761.0 2189.7425
762.0 2191.3895
763.0 2195.7525
764.0 2198.231
765.0 2203.5435
766.0 2204.411
767.0 2207.234
768.0 2212.5215
769.0 2210.4445
770.0 2215.4945
771.0 2218.083
772.0 2219.3595
773.0 2222.9965
774.0 2228.044
775.0 2227.3375
776.0 2230.4025
777.0 2234.968
778.0 2235.3905
779.0 2240.2625
780.0 2242.041
781.0 2245.108
782.0 2247.2455
783.0 2249.923
784.0 2253.712
785.0 2256.777
786.0 2257.804
787.0 2260.235
788.0 2263.8045
789.0 2266.182
790.0 2268.15
791.0 2272.7455
792.0 2274.432
793.0 2279.0565
794.0 2281.3895
795.0 2282.0815
796.0 2287.027
797.0 2286.013
798.0 2292.0295
799.0 2295.8
800.0 2295.759
801.0 2300.969
802.0 2301.946
803.0 2305.026
804.0 2305.7495
805.0 2308.145
806.0 2313.879
807.0 2315.83
808.0 2319.1735
809.0 2318.858
810.0 2326.228
811.0 2327.785
812.0 2327.995
813.0 2331.0805
814.0 2336.4655
815.0 2338.2715
816.0 2340.719
817.0 2342.541
818.0 2347.009
819.0 2349.2225
820.0 2351.3785
821.0 2353.854
822.0 2358.3625
823.0 2355.4685
824.0 2361.4955
825.0 2364.4825
826.0 2367.602
827.0 2372.966
828.0 2372.2685
829.0 2373.675
830.0 2379.4555
831.0 2381.5925
832.0 2384.791
833.0 2386.5655
834.0 2389.45
835.0 2391.1895
836.0 2396.8665
837.0 2398.511
838.0 2401.587
839.0 2402.476
840.0 2405.722
841.0 2407.8355
842.0 2410.842
843.0 2413.4525
844.0 2414.25
845.0 2419.5925
846.0 2419.847
847.0 2426.413
848.0 2429.172
849.0 2429.2025
850.0 2431.2775
851.0 2431.0985
852.0 2437.4125
853.0 2439.727
854.0 2441.6105
855.0 2448.4225
856.0 2449.2
857.0 2455.297
858.0 2453.3915
859.0 2454.805
860.0 2462.8255
861.0 2461.613
862.0 2466.651
863.0 2468.042
864.0 2470.443
865.0 2474.2585
866.0 2477.3755
867.0 2479.199
868.0 2482.193
869.0 2483.897
870.0 2487.6805
871.0 2488.3075
872.0 2491.281
873.0 2495.4435
874.0 2497.9105
875.0 2502.4385
876.0 2502.929
877.0 2506.043
878.0 2508.568
879.0 2512.182
880.0 2513.987
881.0 2516.5965
882.0 2522.544
883.0 2522.279
884.0 2526.494
885.0 2530.7675
886.0 2531.241
887.0 2533.231
888.0 2535.26
889.0 2541.455
890.0 2540.0925
891.0 2544.9375
892.0 2549.7905
893.0 2550.521
894.0 2553.0985
895.0 2559.215
896.0 2557.8645
897.0 2561.3615
898.0 2564.3365
899.0 2569.5385
900.0 2569.1055
901.0 2572.3795
902.0 2575.3545
903.0 2576.618
904.0 2580.956
905.0 2582.012
906.0 2584.334
907.0 2589.4395
908.0 2592.145
909.0 2594.537
910.0 2597.055
911.0 2601.22
912.0 2600.263
913.0 2603.5445
914.0 2608.2225
915.0 2609.333
916.0 2616.1825
917.0 2616.703
918.0 2621.793
919.0 2620.294
920.0 2626.026
921.0 2625.726
922.0 2631.1135
923.0 2630.9315
924.0 2633.5105
925.0 2638.069
926.0 2641.582
927.0 2644.769
928.0 2646.3615
929.0 2651.312
930.0 2651.722
931.0 2655.012
932.0 2655.702
933.0 2661.8785
934.0 2664.975
935.0 2667.2085
936.0 2669.5685
937.0 2671.334
938.0 2674.525
939.0 2676.4395
940.0 2681.3555
941.0 2682.431
942.0 2686.7565
943.0 2688.9475
944.0 2692.694
945.0 2695.6355
946.0 2696.8575
947.0 2698.88
948.0 2702.1625
949.0 2703.335
950.0 2708.609
951.0 2711.508
952.0 2712.6145
953.0 2716.43
954.0 2717.647
955.0 2723.1505
956.0 2726.9175
957.0 2729.584
958.0 2731.521
959.0 2731.164
960.0 2735.6025
961.0 2737.8535
962.0 2742.179
963.0 2744.113
964.0 2749.112
965.0 2749.769
966.0 2756.0465
967.0 2754.5785
968.0 2760.062
969.0 2761.296
970.0 2767.1595
971.0 2764.753
972.0 2769.88
973.0 2772.551
974.0 2774.8405
975.0 2781.1415
976.0 2782.655
977.0 2784.58
978.0 2787.844
979.0 2789.269
980.0 2792.8265
981.0 2796.135
982.0 2799.659
983.0 2800.8445
984.0 2804.494
985.0 2803.1865
986.0 2810.3745
987.0 2815.8885
988.0 2813.4415
989.0 2818.6465
990.0 2818.637
991.0 2824.7965
992.0 2825.7475
993.0 2829.3595
994.0 2831.7355
995.0 2834.603
996.0 2836.046
997.0 2841.1425
998.0 2845.3195
999.0 2848.4045
1000.0 2847.2845
