1.0 128.0
2.0 128.033
3.0 128.0735
4.0 128.195
5.0 128.316
6.0 128.5865
7.0 128.713
8.0 129.112
9.0 129.3265
10.0 129.6155
11.0 129.944
12.0 130.326
13.0 130.611
14.0 131.0275
15.0 131.5515
16.0 132.02
17.0 132.607
18.0 133.2405
19.0 133.7275
20.0 134.692
21.0 135.3255
22.0 136.398
23.0 136.805
24.0 137.72
25.0 138.859
26.0 139.2725
27.0 140.5765
28.0 141.733
29.0 142.6095
30.0 143.4775
31.0 144.7685
32.0 145.6585
33.0 146.744
34.0 147.9975
35.0 148.9745
36.0 149.861
37.0 151.2075
38.0 152.691
39.0 153.7865
40.0 154.98
41.0 156.497
42.0 157.84
43.0 159.6985
44.0 160.605
45.0 162.114
46.0 163.546
47.0 165.22
48.0 166.496
49.0 168.613
50.0 169.8105
51.0 170.847
52.0 172.099
53.0 174.2355
54.0 176.5695
55.0 177.5015
56.0 178.7955
57.0 180.9065
58.0 183.2705
59.0 184.35
60.0 186.2835
61.0 188.1625
62.0 190.048
63.0 191.824
64.0 193.8235
65.0 195.709
66.0 196.797
67.0 199.729
68.0 200.933
69.0 203.09
70.0 205.6225
71.0 206.9925
72.0 209.199
73.0 211.309
74.0 213.173
75.0 215.2075
76.0 216.576
77.0 220.1765
78.0 221.189
79.0 223.673
80.0 225.019
81.0 226.9425
82.0 230.0135
83.0 232.272
84.0 234.3845
85.0 236.834
86.0 239.2165
87.0 241.268
88.0 243.115
89.0 245.229
90.0 247.5775
91.0 249.926
92.0 252.879
93.0 254.8475
94.0 256.9005
95.0 259.8475
96.0 262.2455
97.0 265.2725
98.0 267.2255
99.0 269.9265
100.0 272.008
101.0 274.582
102.0 277.1865
103.0 278.579
104.0 281.696
105.0 284.9215
106.0 286.1
107.0 288.0295
108.0 291.9585
109.0 293.3615
110.0 296.5685
111.0 299.242
112.0 302.1655
113.0 305.517
114.0 306.447
115.0 308.4845
116.0 311.294
117.0 314.5
118.0 317.975
119.0 320.15
120.0 322.144
121.0 324.4005
122.0 327.883
123.0 329.8825
124.0 333.2045
125.0 335.65
126.0 339.2195
127.0 341.469
128.0 344.3105
129.0 347.078
130.0 350.1945
131.0 351.7935
132.0 354.9455
133.0 357.885
134.0 358.9135
135.0 362.875
136.0 365.777
137.0 368.7475
138.0 371.411
139.0 374.5005
140.0 377.3465
141.0 380.955
142.0 382.877
143.0 385.75
144.0 388.7655
145.0 391.4105
146.0 393.511
147.0 397.43
148.0 399.836
149.0 402.2805
150.0 406.0325
151.0 408.5805
152.0 410.6835
153.0 413.832
154.0 417.6695
155.0 419.4685
156.0 422.758
157.0 425.6205
158.0 427.8065
159.0 430.781
160.0 434.712
161.0 437.067
162.0 439.926
163.0 442.0825
164.0 445.0775
165.0 448.168
166.0 451.0115
167.0 454.9375
168.0 457.4425
169.0 460.9085
170.0 464.07
171.0 466.688
172.0 470.2995
173.0 472.242
174.0 475.3005
175.0 478.3885
176.0 481.733
177.0 484.3765
178.0 486.713
179.0 490.294
180.0 492.5885
181.0 496.634
182.0 499.724
183.0 502.1915
184.0 506.267
185.0 508.0055
186.0 511.1525
187.0 513.584
188.0 516.671
189.0 519.32
190.0 523.391
191.0 527.107
192.0 528.1315
193.0 531.633
194.0 535.695
195.0 538.984
196.0 541.5425
197.0 544.2215
198.0 547.584
199.0 550.1205
200.0 552.6745
201.0 557.0035
202.0 560.2565
203.0 562.7515
204.0 566.772
205.0 569.466
206.0 572.266
207.0 574.3995
208.0 577.2485
209.0 580.728
210.0 584.1145
211.0 587.192
212.0 590.94
213.0 594.081
214.0 596.433
215.0 600.267
216.0 602.885
217.0 605.6465
218.0 608.7595
219.0 611.54
220.0 614.654
221.0 618.2315
222.0 621.657
223.0 624.7555
224.0 626.6595
225.0 628.9945
226.0 633.3365
227.0 637.0085
228.0 639.137
229.0 641.6025
230.0 645.7005
231.0 648.91
232.0 651.9445
233.0 654.8665
234.0 656.939
235.0 661.6785
236.0 664.672
237.0 666.141
238.0 670.9965
239.0 672.235
240.0 676.6765
241.0 679.7905
242.0 683.2125
243.0 686.424
244.0 688.261
245.0 692.925
246.0 695.8755
247.0 698.481
248.0 700.5725
249.0 704.132
250.0 707.032
251.0 709.262
252.0 714.115
253.0 717.2845
254.0 718.674
255.0 721.2605
256.0 726.6405
257.0 728.9855
258.0 731.8105
259.0 735.98
260.0 737.4145
261.0 740.2195
262.0 744.6835
263.0 748.1445
264.0 749.81
265.0 752.1815
266.0 755.8135
267.0 759.823
268.0 764.1455
269.0 765.575
270.0 768.6685
271.0 772.4175
272.0 775.4525
273.0 778.5465
274.0 781.6155
275.0 783.983
276.0 788.845
277.0 790.9785
278.0 793.985
279.0 797.0935
280.0 800.147
281.0 802.7035
282.0 806.513
283.0 809.648
284.0 812.067
285.0 816.7395
286.0 818.0715
287.0 821.829
288.0 825.1115
289.0 827.623
290.0 830.325
291.0 831.1795
292.0 836.844
293.0 841.5295
294.0 842.127
295.0 846.8065
296.0 849.881
297.0 853.1695
298.0 855.149
299.0 859.3455
300.0 860.618
301.0 864.988
302.0 868.7855
303.0 869.7615
304.0 873.4865
305.0 877.2265
306.0 878.017
307.0 883.796
308.0 885.1415
309.0 888.158
310.0 891.57
311.0 896.115
312.0 898.1935
313.0 902.2605
314.0 904.5605
315.0 907.2725
316.0 910.506
317.0 911.96
318.0 915.166
319.0 920.3865
320.0 923.6755
321.0 924.831
322.0 926.914
323.0 931.447
324.0 934.122
325.0 937.167
326.0 939.94
327.0 944.676
328.0 947.198
329.0 950.508
330.0 952.1055
331.0 955.527
332.0 959.3485
333.0 962.0335
334.0 966.1315
335.0 968.631
336.0 971.021
337.0 974.74
338.0 977.669
339.0 979.6155
340.0 983.067
341.0 987.523
342.0 988.8675
343.0 992.733
344.0 996.298
345.0 998.9405
346.0 1000.632
347.0 1003.8885
348.0 1007.954
349.0 1012.095
350.0 1013.2925
351.0 1015.43
352.0 1020.789
353.0 1022.0885
354.0 1025.589
355.0 1028.8665
356.0 1033.533
357.0 1035.7435
358.0 1038.341
359.0 1041.0785
360.0 1044.144
361.0 1048.256
362.0 1050.734
363.0 1051.822
364.0 1056.276
365.0 1056.8265
366.0 1062.3555
367.0 1066.5965
368.0 1065.958
369.0 1070.3555
370.0 1074.46
371.0 1078.797
372.0 1079.8825
373.0 1082.1485
374.0 1086.1665
375.0 1090.453
376.0 1091.6795
377.0 1094.4255
378.0 1098.3025
379.0 1102.312
380.0 1103.689
381.0 1106.5915
382.0 1109.8155
383.0 1113.107
384.0 1113.8645
385.0 1121.097
386.0 1122.6925
387.0 1127.029
388.0 1128.1325
389.0 1130.9625
390.0 1134.784
391.0 1137.5405
392.0 1140.3005
393.0 1144.191
394.0 1145.975
395.0 1147.8275
396.0 1152.7145
397.0 1155.0685
398.0 1157.172
399.0 1161.252
400.0 1162.9835
401.0 1168.579
402.0 1170.4135
403.0 1173.4225
404.0 1176.9185
405.0 1178.477
406.0 1180.9515
407.0 1183.9345
408.0 1187.9565
409.0 1190.174
410.0 1193.3605
411.0 1197.2055
412.0 1198.185
413.0 1202.7305
414.0 1206.3005
415.0 1208.8195
416.0 1210.4165
417.0 1215.0505
418.0 1218.0065
419.0 1220.964
420.0 1221.583
421.0 1225.0805
422.0 1229.217
423.0 1231.859
424.0 1235.454
425.0 1238.639
426.0 1239.7665
427.0 1244.729
428.0 1248.0795
429.0 1250.3615
430.0 1252.601
431.0 1255.7205
432.0 1257.859
433.0 1261.2835
434.0 1264.068
435.0 1267.3645
436.0 1268.9245
437.0 1272.581
438.0 1276.335
439.0 1279.573
440.0 1281.985
441.0 1284.1865
442.0 1287.2675
443.0 1291.048
444.0 1294.695
445.0 1296.7145
446.0 1300.4055
447.0 1303.943
448.0 1306.56
449.0 1310.376
450.0 1311.407
451.0 1314.042
452.0 1316.6725
453.0 1320.0975
454.0 1322.6815
455.0 1324.545
456.0 1327.2375
457.0 1332.1825
458.0 1333.3645
459.0 1337.46
460.0 1340.1795
461.0 1344.8615
462.0 1345.968
463.0 1348.6075
464.0 1352.969
465.0 1354.079
466.0 1358.283
467.0 1362.691
468.0 1366.525
469.0 1367.54
470.0 1371.268
471.0 1372.1135
472.0 1374.8135
473.0 1377.9975
474.0 1379.925
475.0 1383.6055
476.0 1386.3125
477.0 1388.0995
478.0 1392.909
479.0 1394.9415
480.0 1397.6395
481.0 1400.907
482.0 1404.8845
483.0 1408.387
484.0 1412.128
485.0 1412.5
486.0 1414.851
487.0 1419.7265
488.0 1421.6605
489.0 1426.16
490.0 1429.1245
491.0 1429.5
492.0 1433.0545
493.0 1435.6505
494.0 1440.0285
495.0 1442.395
496.0 1445.965
497.0 1447.7415
498.0 1448.7395
499.0 1454.8035
500.0 1456.906
501.0 1459.065
502.0 1463.188
503.0 1465.992
504.0 1468.2005
505.0 1471.7575
506.0 1473.077
507.0 1477.6555
508.0 1480.721
509.0 1483.048
510.0 1485.3745
511.0 1487.1585
512.0 1489.845
513.0 1494.24
514.0 1497.155
515.0 1501.1665
516.0 1504.829
517.0 1505.758
518.0 1510.331
519.0 1511.0135
520.0 1511.776
521.0 1517.2645
522.0 1519.954
523.0 1522.224
524.0 1527.7125
525.0 1529.0425
526.0 1530.7075
527.0 1532.651
528.0 1537.5875
529.0 1538.5005
530.0 1543.8635
531.0 1546.5485
532.0 1547.263
533.0 1553.486
534.0 1553.5775
535.0 1557.535
536.0 1559.7035
537.0 1561.2465
538.0 1564.339
539.0 1569.461
540.0 1572.388
541.0 1573.2895
542.0 1577.6535
543.0 1580.909
544.0 1582.7465
545.0 1585.104
546.0 1589.5425
547.0 1590.451
548.0 1593.053
549.0 1597.807
550.0 1601.792
551.0 1603.366
552.0 1602.77
553.0 1608.4805
554.0 1610.4155
555.0 1614.0935
556.0 1614.3165
557.0 1620.0315
558.0 1622.5545
559.0 1625.0765
560.0 1629.9645
561.0 1631.792
562.0 1632.4625
563.0 1638.881
564.0 1640.2065
565.0 1643.095
566.0 1644.8805
567.0 1646.8885
568.0 1650.7675
569.0 1654.1825
570.0 1659.898
571.0 1659.003
572.0 1662.6185
573.0 1665.2005
574.0 1670.528
575.0 1671.4555
576.0 1674.1165
577.0 1676.087
578.0 1681.2245
579.0 1681.6465
580.0 1684.3725
581.0 1687.845
582.0 1691.63
583.0 1694.8815
584.0 1697.5505
585.0 1701.841
586.0 1699.1475
587.0 1703.396
588.0 1711.3155
589.0 1711.116
590.0 1714.1725
591.0 1716.356
592.0 1719.7235
593.0 1722.125
594.0 1724.442
595.0 1728.3465
596.0 1728.832
597.0 1733.1335
598.0 1737.894
599.0 1741.0415
600.0 1741.9135
601.0 1745.373
602.0 1747.746
603.0 1751.028
604.0 1753.013
605.0 1757.6455
606.0 1759.482
607.0 1763.0745
608.0 1765.875
609.0 1766.5205
610.0 1771.366
611.0 1772.825
612.0 1777.347
613.0 1778.433
614.0 1781.631
615.0 1786.175
616.0 1788.9325
617.0 1792.31
618.0 1791.3405
619.0 1794.5755
620.0 1797.4795
621.0 1802.3195
622.0 1804.424
623.0 1808.0175
624.0 1809.9905
625.0 1810.6875
626.0 1814.607
627.0 1817.462
628.0 1820.1555
629.0 1822.434
630.0 1826.507
631.0 1830.18
632.0 1831.568
633.0 1836.6985
634.0 1839.0215
635.0 1840.9265
636.0 1843.18
637.0 1844.878
638.0 1849.907
639.0 1850.3235
640.0 1854.638
641.0 1857.234
642.0 1861.062
643.0 1862.795
644.0 1865.277
645.0 1870.6935
646.0 1872.2655
647.0 1876.8855
648.0 1877.2175
649.0 1879.89
650.0 1883.9145
651.0 1887.169
652.0 1890.163
653.0 1889.273
654.0 1894.334
655.0 1896.689
656.0 1896.9145
657.0 1904.148
658.0 1905.5365
659.0 1907.2455
660.0 1912.4285
661.0 1914.2675
662.0 1917.3985
663.0 1921.533
664.0 1924.228
665.0 1926.3795
666.0 1928.0855
667.0 1929.324
668.0 1933.494
669.0 1936.159
670.0 1937.246
671.0 1942.131
672.0 1945.9805
673.0 1947.4875
674.0 1951.5895
675.0 1951.299
676.0 1956.003
677.0 1959.7005
678.0 1961.8495
679.0 1964.0875
680.0 1968.3595
681.0 1968.9625
682.0 1971.1635
683.0 1977.444
684.0 1978.953
685.0 1982.0245
686.0 1983.9045
687.0 1987.8905
688.0 1988.391
689.0 1992.5815
690.0 1994.6025
691.0 1996.771
692.0 2000.539
693.0 2001.1335
694.0 2007.655
695.0 2008.4595
696.0 2010.3655
697.0 2014.2945
698.0 2017.6455
699.0 2021.249
700.0 2024.5005
701.0 2025.1595
702.0 2027.015
703.0 2031.7415
704.0 2031.8685
705.0 2036.649
706.0 2039.002
707.0 2042.1735
708.0 2046.18
709.0 2047.449
710.0 2051.8845
711.0 2056.6865
712.0 2055.2065
713.0 2058.155
714.0 2061.0245
715.0 2062.683
716.0 2066.422
717.0 2069.67
718.0 2071.9775
719.0 2072.803
720.0 2077.225
721.0 2080.024
722.0 2083.6975
723.0 2085.393
724.0 2090.155
725.0 2091.896
726.0 2094.76
727.0 2096.7585
728.0 2099.12
729.0 2104.8885
730.0 2105.281
731.0 2109.1475
732.0 2113.589
733.0 2113.46
734.0 2116.179
735.0 2118.4045
736.0 2120.9155
737.0 2124.823
738.0 2128.359
739.0 2129.849
740.0 2132.753
741.0 2136.2335
742.0 2141.0905
743.0 2140.8245
744.0 2142.297
745.0 2147.1215
746.0 2147.3685
747.0 2155.2205
748.0 2156.577
749.0 2156.65
750.0 2162.519
751.0 2164.3995
752.0 2164.054
753.0 2169.0225
754.0 2172.333
755.0 2174.522
756.0 2176.595
757.0 2182.356
758.0 2184.737
759.0 2185.489
760.0 2187.9695
761.0 2190.472
762.0 2192.8515
763.0 2194.596
764.0 2197.7795
765.0 2202.456
766.0 2202.855
767.0 2208.313
768.0 2210.1335
769.0 2213.004
770.0 2212.328
771.0 2221.1045
772.0 2220.2815
773.0 2226.037
774.0 2225.881
775.0 2228.5905
776.0 2232.06
777.0 2235.968
778.0 2238.7595
779.0 2239.963
780.0 2244.8815
781.0 2246.004
782.0 2246.5415
783.0 2251.9385
784.0 2252.953
785.0 2255.8815
786.0 2262.4495
787.0 2261.512
788.0 2264.251
789.0 2267.931
790.0 2270.8285
791.0 2270.9025
792.0 2274.031
793.0 2276.507
794.0 2281.9665
795.0 2282.7015
796.0 2286.111
797.0 2290.4125
798.0 2291.7185
799.0 2294.8615
800.0 2296.087
801.0 2298.8045
802.0 2302.5335
803.0 2305.2525
804.0 2309.2375
805.0 2311.859
806.0 2311.729
807.0 2315.574
808.0 2319.4855
809.0 2321.1305
810.0 2322.871
811.0 2325.54
812.0 2329.067
813.0 2333.029
814.0 2336.849
815.0 2338.188
816.0 2340.5795
817.0 2345.727
818.0 2345.681
819.0 2348.081
820.0 2352.465
821.0 2354.9985
822.0 2357.385
823.0 2359.801
824.0 2363.675
825.0 2363.9075
826.0 2368.698
827.0 2373.405
828.0 2373.643
829.0 2374.682
830.0 2380.1915
831.0 2380.1025
832.0 2385.055
833.0 2387.2815
834.0 2389.0875
835.0 2391.9015
836.0 2391.775
837.0 2399.087
838.0 2399.2095
839.0 2404.328
840.0 2406.643
841.0 2409.7915
842.0 2412.569
843.0 2415.0405
844.0 2416.8585
845.0 2418.588
846.0 2422.803
847.0 2425.93
848.0 2427.0835
849.0 2430.929
850.0 2432.7385
851.0 2435.576
852.0 2435.372
853.0 2440.4615
854.0 2444.4505
855.0 2447.9745
856.0 2447.743
857.0 2455.2615
858.0 2455.9435
859.0 2458.303
860.0 2460.589
861.0 2461.461
862.0 2464.8265
863.0 2470.427
864.0 2474.224
865.0 2475.874
866.0 2479.33
867.0 2481.7815
868.0 2482.9375
869.0 2486.995
870.0 2486.7375
871.0 2491.776
872.0 2493.415
873.0 2495.8475
874.0 2498.515
875.0 2501.6205
876.0 2504.5495
877.0 2507.3905
878.0 2510.621
879.0 2511.983
880.0 2515.2715
881.0 2517.9055
882.0 2519.211
883.0 2524.445
884.0 2525.5695
885.0 2527.45
886.0 2532.465
887.0 2533.8805
888.0 2535.3565
889.0 2539.8685
890.0 2542.5075
891.0 2545.716
892.0 2547.975
893.0 2551.4885
894.0 2557.0465
895.0 2556.283
896.0 2559.3955
897.0 2559.7515
898.0 2564.815
899.0 2566.3625
900.0 2568.601
901.0 2574.7735
902.0 2572.3355
903.0 2579.082
904.0 2584.877
905.0 2581.9455
906.0 2581.5895
907.0 2589.4865
908.0 2592.102
909.0 2595.833
910.0 2597.7485
911.0 2600.882
912.0 2601.737
913.0 2605.4335
914.0 2606.782
915.0 2610.966
916.0 2613.5705
917.0 2615.978
918.0 2620.7285
919.0 2622.5405
920.0 2625.2375
921.0 2625.0945
922.0 2631.8405
923.0 2634.7115
924.0 2635.212
925.0 2639.72
926.0 2641.5875
927.0 2643.3835
928.0 2645.9855
929.0 2648.352
930.0 2649.257
931.0 2653.059
932.0 2656.3135
933.0 2659.881
934.0 2659.9645
935.0 2666.276
936.0 2667.1395
937.0 2671.387
938.0 2673.522
939.0 2676.6465
940.0 2678.6935
941.0 2683.4405
942.0 2685.177
943.0 2687.551
944.0 2690.8075
945.0 2694.6675
946.0 2699.1495
947.0 2700.45
948.0 2697.9745
949.0 2705.763
950.0 2707.2155
951.0 2709.958
952.0 2714.051
953.0 2716.473
954.0 2718.493
955.0 2723.991
956.0 2724.282
957.0 2728.856
958.0 2732.065
959.0 2733.1705
960.0 2734.1
961.0 2736.8185
962.0 2737.622
963.0 2742.6325
964.0 2747.0455
965.0 2752.002
966.0 2752.9895
967.0 2756.7415
968.0 2758.307
969.0 2761.745
970.0 2763.3235
971.0 2768.7375
972.0 2771.1685
973.0 2769.9395
974.0 2774.037
975.0 2778.6845
976.0 2779.3075
977.0 2784.3445
978.0 2785.97
979.0 2790.3315
980.0 2793.1995
981.0 2794.281
982.0 2797.0965
983.0 2801.7155
984.0 2802.7365
985.0 2807.686
986.0 2808.652
987.0 2811.426
988.0 2814.761
989.0 2819.556
990.0 2819.8035
991.0 2824.195
992.0 2827.432
993.0 2827.84
994.0 2831.8405
995.0 2833.7885
996.0 2836.529
997.0 2835.6915
998.0 2841.388
999.0 2845.2985
1000.0 2848.1515
