1.0 64.0
2.0 64.054
3.0 64.234
4.0 64.4585
5.0 64.639
6.0 65.0555
7.0 65.3835
8.0 66.0995
9.0 66.4635
10.0 66.8935
11.0 67.629
12.0 68.3785
13.0 69.0815
14.0 70.022
15.0 71.0135
16.0 71.8775
17.0 73.2025
18.0 73.891
19.0 75.4325
20.0 76.4135
21.0 77.5085
22.0 79.509
23.0 80.6165
24.0 81.894
25.0 83.326
26.0 85.108
27.0 86.677
28.0 88.272
29.0 90.3005
30.0 91.378
31.0 93.5415
32.0 95.26
33.0 96.935
34.0 99.018
35.0 101.5765
36.0 103.2685
37.0 105.0455
38.0 107.1865
39.0 109.775
40.0 111.226
41.0 113.09
42.0 115.1065
43.0 117.785
44.0 120.249
45.0 122.394
46.0 124.645
47.0 126.5785
48.0 129.0015
49.0 132.045
50.0 134.4715
51.0 136.489
52.0 140.0095
53.0 141.3935
54.0 143.902
55.0 146.4735
56.0 148.9385
57.0 151.875
58.0 154.792
59.0 156.9465
60.0 159.453
61.0 163.016
62.0 164.8915
63.0 167.3855
64.0 170.1055
65.0 172.8835
66.0 175.503
67.0 178.7995
68.0 180.605
69.0 183.842
70.0 186.914
71.0 189.7355
72.0 192.2435
73.0 194.615
74.0 197.9425
75.0 201.111
76.0 203.7145
77.0 206.5795
78.0 209.704
79.0 212.3595
80.0 215.4545
81.0 218.5165
82.0 221.1615
83.0 224.033
84.0 227.4755
85.0 229.8465
86.0 233.0075
87.0 236.2255
88.0 239.006
89.0 241.864
90.0 244.598
91.0 247.669
92.0 251.143
93.0 254.23
94.0 257.0395
95.0 259.7255
96.0 262.4855
97.0 265.0985
98.0 268.984
99.0 271.984
100.0 275.0975
101.0 279.039
102.0 280.788
103.0 283.446
104.0 286.816
105.0 290.1575
106.0 293.521
107.0 296.548
108.0 299.559
109.0 301.679
110.0 305.482
111.0 308.323
112.0 311.697
113.0 315.417
114.0 316.727
115.0 320.618
116.0 323.9275
117.0 327.4195
118.0 329.52
119.0 333.69
120.0 335.394
121.0 339.8775
122.0 342.2195
123.0 345.0095
124.0 348.0275
125.0 351.4545
126.0 354.961
127.0 358.2275
128.0 361.2705
129.0 365.6795
130.0 366.366
131.0 370.136
132.0 373.5615
133.0 376.266
134.0 379.0505
135.0 382.1855
136.0 385.673
137.0 389.164
138.0 391.3255
139.0 394.674
140.0 397.0655
141.0 401.6795
142.0 403.879
143.0 406.8285
144.0 410.2625
145.0 414.763
146.0 416.572
147.0 420.1785
148.0 422.562
149.0 426.387
150.0 429.317
151.0 431.822
152.0 435.54
153.0 437.6645
154.0 440.6735
155.0 444.1635
156.0 446.3625
157.0 450.7275
158.0 453.256
159.0 456.5525
160.0 458.179
161.0 463.46
162.0 465.116
163.0 467.442
164.0 472.729
165.0 475.11
166.0 478.3445
167.0 482.0695
168.0 483.6825
169.0 486.701
170.0 490.668
171.0 491.319
172.0 495.246
173.0 498.26
174.0 501.9375
175.0 503.646
176.0 507.972
177.0 511.493
178.0 514.909
179.0 518.028
180.0 519.939
181.0 523.3115
182.0 525.496
183.0 529.617
184.0 532.7655
185.0 535.5305
186.0 538.219
187.0 540.8745
188.0 543.5595
189.0 546.375
190.0 550.4055
191.0 553.339
192.0 557.48
193.0 558.6705
194.0 562.313
195.0 564.766
196.0 567.412
197.0 570.4915
198.0 574.117
199.0 576.3585
200.0 580.187
201.0 583.6695
202.0 585.2825
203.0 589.7725
204.0 592.0935
205.0 595.426
206.0 596.8445
207.0 601.3225
208.0 602.768
209.0 608.0735
210.0 608.925
211.0 612.101
212.0 617.3155
213.0 619.758
214.0 621.806
215.0 624.8295
216.0 628.481
217.0 630.234
218.0 632.8685
219.0 636.4625
220.0 639.7555
221.0 640.989
222.0 644.9135
223.0 647.405
224.0 650.6735
225.0 655.312
226.0 656.3475
227.0 660.408
228.0 662.7125
229.0 666.2965
230.0 668.905
231.0 672.3545
232.0 675.0525
233.0 677.1345
234.0 680.811
235.0 682.89
236.0 686.641
237.0 688.8565
238.0 691.42
239.0 696.721
240.0 699.0305
241.0 700.781
242.0 703.203
243.0 706.9945
244.0 710.4065
245.0 712.6385
246.0 714.434
247.0 718.8425
248.0 720.5365
249.0 724.5325
250.0 726.259
251.0 729.254
252.0 732.5605
253.0 736.1125
254.0 738.9525
255.0 740.5465
256.0 743.681
257.0 747.492
258.0 750.472
259.0 752.565
260.0 756.1215
261.0 759.2115
262.0 761.5485
263.0 765.044
264.0 766.4405
265.0 771.401
266.0 774.9675
267.0 776.4
268.0 779.78
269.0 781.084
270.0 785.0615
271.0 789.7045
272.0 792.624
273.0 793.3295
274.0 797.3205
275.0 800.665
276.0 803.3805
277.0 805.6195
278.0 810.9015
279.0 811.249
280.0 813.94
281.0 817.929
282.0 821.2025
283.0 825.384
284.0 825.5765
285.0 831.0805
286.0 831.5295
287.0 835.2335
288.0 838.8175
289.0 841.6585
290.0 844.092
291.0 848.31
292.0 850.753
293.0 854.4665
294.0 856.7365
295.0 860.3105
296.0 862.3875
297.0 868.568
298.0 870.0565
299.0 870.988
300.0 874.2315
301.0 878.5615
302.0 881.9855
303.0 882.6725
304.0 886.7035
305.0 890.2235
306.0 892.809
307.0 896.048
308.0 898.706
309.0 903.07
310.0 903.891
311.0 908.641
312.0 910.915
313.0 914.4695
314.0 918.39
315.0 918.3375
316.0 923.871
317.0 928.359
318.0 930.9625
319.0 933.7375
320.0 935.714
321.0 940.7345
322.0 942.7775
323.0 946.232
324.0 949.8395
325.0 950.8045
326.0 956.336
327.0 955.798
328.0 963.4565
329.0 968.0635
330.0 968.7125
331.0 970.921
332.0 977.1805
333.0 977.473
334.0 982.017
335.0 984.122
336.0 989.213
337.0 990.5255
338.0 993.478
339.0 998.2845
340.0 1002.7045
341.0 1005.4975
342.0 1006.7315
343.0 1012.6085
344.0 1013.727
345.0 1019.3725
346.0 1018.0025
347.0 1023.471
348.0 1028.707
349.0 1031.451
350.0 1034.9485
351.0 1035.6375
352.0 1043.028
353.0 1042.9495
354.0 1044.266
355.0 1052.2805
356.0 1055.325
357.0 1058.4225
358.0 1059.042
359.0 1064.16
360.0 1067.6975
361.0 1066.0995
362.0 1074.7955
363.0 1074.9115
364.0 1079.7055
365.0 1080.6965
366.0 1089.465
367.0 1090.996
368.0 1090.958
369.0 1095.276
370.0 1098.374
371.0 1101.351
372.0 1103.882
373.0 1106.3745
374.0 1110.505
375.0 1117.2105
376.0 1119.592
377.0 1121.8305
378.0 1127.429
379.0 1129.057
380.0 1133.918
381.0 1131.2355
382.0 1139.8945
383.0 1141.321
384.0 1145.4665
385.0 1146.8545
386.0 1148.1185
387.0 1151.8065
388.0 1156.2895
389.0 1160.981
390.0 1161.938
391.0 1163.912
392.0 1169.0885
393.0 1171.843
394.0 1174.6285
395.0 1173.8815
396.0 1181.462
397.0 1184.671
398.0 1187.719
399.0 1187.5865
400.0 1191.3745
401.0 1197.405
402.0 1199.038
403.0 1202.7825
404.0 1205.7795
405.0 1207.5395
406.0 1213.193
407.0 1212.0815
408.0 1216.188
409.0 1221.0095
410.0 1222.745
411.0 1226.881
412.0 1230.509
413.0 1233.589
414.0 1233.906
415.0 1238.948
416.0 1242.0805
417.0 1247.531
418.0 1247.7795
419.0 1249.4025
420.0 1253.7145
421.0 1257.6895
422.0 1260.235
423.0 1263.43
424.0 1263.736
425.0 1265.2985
426.0 1270.3385
427.0 1272.746
428.0 1276.055
429.0 1278.4095
430.0 1281.3385
431.0 1285.193
432.0 1285.2835
433.0 1286.4995
434.0 1294.26
435.0 1295.6335
436.0 1296.97
437.0 1299.322
438.0 1303.7765
439.0 1304.3225
440.0 1309.363
441.0 1312.0575
442.0 1314.806
443.0 1316.1065
444.0 1318.8235
445.0 1322.2705
446.0 1323.3235
447.0 1325.1865
448.0 1329.6315
449.0 1332.0185
450.0 1335.903
451.0 1337.7885
452.0 1343.983
453.0 1343.8955
454.0 1348.3735
455.0 1350.8525
456.0 1353.218
457.0 1352.794
458.0 1357.718
459.0 1361.9715
460.0 1361.953
461.0 1365.769
462.0 1368.126
463.0 1369.101
464.0 1374.0755
465.0 1373.994
466.0 1378.601
467.0 1382.851
468.0 1385.1495
469.0 1386.099
470.0 1390.257
471.0 1392.8045
472.0 1393.9585
473.0 1396.8065
474.0 1399.1575
475.0 1401.7125
476.0 1405.2785
477.0 1408.4645
478.0 1409.3415
479.0 1413.327
480.0 1415.685
481.0 1418.821
482.0 1420.237
483.0 1421.734
484.0 1423.1555
485.0 1426.8755
486.0 1430.5015
487.0 1433.501
488.0 1433.926
489.0 1437.163
490.0 1440.776
491.0 1442.447
492.0 1443.1875
493.0 1447.6595
494.0 1449.292
495.0 1452.824
496.0 1456.928
497.0 1456.544
498.0 1459.9375
499.0 1464.8075
500.0 1464.1335
501.0 1467.741
502.0 1467.775
503.0 1472.069
504.0 1475.896
505.0 1475.836
506.0 1481.6255
507.0 1482.784
508.0 1484.856
509.0 1486.6005
510.0 1489.887
511.0 1493.5455
512.0 1494.398
513.0 1495.6135
514.0 1500.832
515.0 1501.151
516.0 1502.8895
517.0 1507.9115
518.0 1510.507
519.0 1511.051
520.0 1512.844
521.0 1517.102
522.0 1518.7645
523.0 1520.593
524.0 1524.574
525.0 1524.6265
526.0 1528.2275
527.0 1532.169
528.0 1534.888
529.0 1535.522
530.0 1537.6885
531.0 1541.4685
532.0 1544.1825
533.0 1545.8805
534.0 1548.9615
535.0 1549.805
536.0 1554.487
537.0 1555.725
538.0 1557.651
539.0 1560.3015
540.0 1562.296
541.0 1562.1375
542.0 1568.5615
543.0 1569.324
544.0 1570.9905
545.0 1574.807
546.0 1577.972
547.0 1577.431
548.0 1582.215
549.0 1583.18
550.0 1588.3945
551.0 1591.7005
552.0 1591.485
553.0 1594.522
554.0 1596.4195
555.0 1600.044
556.0 1604.1865
557.0 1606.612
558.0 1605.257
559.0 1610.4835
560.0 1611.814
561.0 1613.038
562.0 1616.014
563.0 1618.6705
564.0 1622.2315
565.0 1625.4025
566.0 1625.38
567.0 1629.3905
568.0 1631.904
569.0 1632.059
570.0 1635.22
571.0 1638.3495
572.0 1641.672
573.0 1640.9645
574.0 1645.515
575.0 1647.336
576.0 1651.9845
577.0 1651.5575
578.0 1656.137
579.0 1657.7165
580.0 1661.0785
581.0 1663.754
582.0 1664.47
583.0 1664.7055
584.0 1668.542
585.0 1672.1345
586.0 1673.493
587.0 1678.484
588.0 1679.807
589.0 1682.5175
590.0 1687.3385
591.0 1686.423
592.0 1689.4625
593.0 1693.2405
594.0 1696.066
595.0 1697.24
596.0 1697.271
597.0 1702.2495
598.0 1704.7335
599.0 1706.79
600.0 1709.586
601.0 1711.682
602.0 1712.25
603.0 1717.0885
604.0 1717.0355
605.0 1721.984
606.0 1723.6055
607.0 1726.335
608.0 1730.513
609.0 1731.705
610.0 1733.554
611.0 1735.2625
612.0 1736.475
613.0 1741.0525
614.0 1743.272
615.0 1747.248
616.0 1749.1415
617.0 1751.934
618.0 1753.052
619.0 1757.8735
620.0 1757.3305
621.0 1762.134
622.0 1765.4035
623.0 1769.224
624.0 1770.185
625.0 1772.227
626.0 1774.253
627.0 1775.484
628.0 1779.912
629.0 1781.5505
630.0 1784.4535
631.0 1787.7835
632.0 1787.5935
633.0 1791.27
634.0 1795.312
635.0 1797.081
636.0 1800.892
637.0 1800.4715
638.0 1806.703
639.0 1806.6005
640.0 1808.3535
641.0 1811.088
642.0 1814.399
643.0 1817.2085
644.0 1819.996
645.0 1823.1365
646.0 1823.641
647.0 1827.8675
648.0 1829.459
649.0 1833.529
650.0 1833.706
651.0 1836.723
652.0 1840.5925
653.0 1845.021
654.0 1846.6615
655.0 1848.9885
656.0 1848.834
657.0 1852.465
658.0 1856.3905
659.0 1857.908
660.0 1858.58
661.0 1862.5395
662.0 1866.046
663.0 1869.5485
664.0 1871.569
665.0 1874.166
666.0 1876.1125
667.0 1877.103
668.0 1881.653
669.0 1886.044
670.0 1885.1175
671.0 1889.1605
672.0 1891.3755
673.0 1893.0535
674.0 1896.993
675.0 1898.9945
676.0 1904.9695
677.0 1905.587
678.0 1907.4575
679.0 1909.6045
680.0 1910.5635
681.0 1915.529
682.0 1916.245
683.0 1920.1035
684.0 1922.195
685.0 1926.8565
686.0 1928.3375
687.0 1929.9525
688.0 1933.246
689.0 1934.797
690.0 1939.111
691.0 1940.665
692.0 1944.439
693.0 1945.8545
694.0 1949.857
695.0 1950.8855
696.0 1954.767
697.0 1954.6405
698.0 1958.932
699.0 1959.6405
700.0 1964.583
701.0 1967.9645
702.0 1969.7495
703.0 1974.3825
704.0 1976.4415
705.0 1978.8415
706.0 1980.925
707.0 1980.914
708.0 1983.4095
709.0 1987.5865
710.0 1992.276
711.0 1992.1895
712.0 1993.094
713.0 1997.4605
714.0 2001.0925
715.0 2003.539
716.0 2007.6015
717.0 2005.6585
718.0 2015.9505
719.0 2013.3735
720.0 2017.1965
721.0 2019.4295
722.0 2021.1145
723.0 2026.801
724.0 2028.6125
725.0 2029.133
726.0 2036.1125
727.0 2038.2835
728.0 2037.97
729.0 2039.9645
730.0 2043.6355
731.0 2049.099
732.0 2047.504
733.0 2050.3985
734.0 2055.732
735.0 2054.0755
736.0 2062.1975
737.0 2061.908
738.0 2065.314
739.0 2068.3385
740.0 2069.9265
741.0 2073.262
742.0 2076.7015
743.0 2079.661
744.0 2082.02
745.0 2083.3555
746.0 2085.645
747.0 2090.3085
748.0 2092.9355
749.0 2093.6005
750.0 2097.4635
751.0 2098.5465
752.0 2104.043
753.0 2106.664
754.0 2108.457
755.0 2110.6395
756.0 2115.1725
757.0 2115.009
758.0 2117.594
759.0 2120.9985
760.0 2125.733
761.0 2128.6115
762.0 2130.4485
763.0 2131.956
764.0 2136.0415
765.0 2136.5655
766.0 2141.861
767.0 2142.339
768.0 2148.2895
769.0 2149.1665
770.0 2152.1445
771.0 2154.901
772.0 2160.69
773.0 2159.8845
774.0 2163.119
775.0 2165.3225
776.0 2169.263
777.0 2171.755
778.0 2173.4
779.0 2176.3185
780.0 2181.7875
781.0 2181.1335
782.0 2183.6435
783.0 2185.995
784.0 2189.498
785.0 2191.233
786.0 2194.5405
787.0 2197.852
788.0 2199.593
789.0 2202.926
790.0 2208.277
791.0 2209.3695
792.0 2211.48
793.0 2215.61
794.0 2215.7905
795.0 2220.3065
796.0 2224.6355
797.0 2225.1205
798.0 2228.282
799.0 2229.229
800.0 2232.8415
801.0 2239.3455
802.0 2238.7465
803.0 2241.391
804.0 2247.498
805.0 2247.929
806.0 2251.497
807.0 2254.1865
808.0 2252.208
809.0 2260.35
810.0 2262.369
811.0 2264.361
812.0 2269.2145
813.0 2271.4225
814.0 2272.9895
815.0 2275.6545
816.0 2280.924
817.0 2281.0005
818.0 2281.6245
819.0 2285.6375
820.0 2288.5295
821.0 2292.768
822.0 2294.2955
823.0 2297.7195
824.0 2298.6535
825.0 2301.269
826.0 2305.1985
827.0 2306.9095
828.0 2310.943
829.0 2315.573
830.0 2319.7705
831.0 2320.423
832.0 2322.4785
833.0 2326.699
834.0 2326.0245
835.0 2333.2225
836.0 2333.136
837.0 2339.5445
838.0 2339.695
839.0 2346.0415
840.0 2346.7185
841.0 2347.1355
842.0 2349.4115
843.0 2355.5885
844.0 2356.652
845.0 2359.924
846.0 2362.561
847.0 2365.614
848.0 2371.2515
849.0 2370.137
850.0 2371.387
851.0 2377.9675
852.0 2375.69
853.0 2382.1865
854.0 2386.329
855.0 2388.4995
856.0 2389.354
857.0 2392.714
858.0 2398.0605
859.0 2399.8225
860.0 2401.1985
861.0 2406.004
862.0 2405.7095
863.0 2412.443
864.0 2414.291
865.0 2415.7235
866.0 2419.7325
867.0 2424.845
868.0 2424.406
869.0 2428.578
870.0 2430.6325
871.0 2433.5945
872.0 2437.966
873.0 2439.062
874.0 2439.428
875.0 2444.0625
876.0 2446.5605
877.0 2450.399
878.0 2452.54
879.0 2457.0925
880.0 2458.574
881.0 2463.58
882.0 2464.0725
883.0 2467.6525
884.0 2473.207
885.0 2472.442
886.0 2478.32
887.0 2477.5965
888.0 2481.0515
889.0 2483.697
890.0 2487.7705
891.0 2489.629
892.0 2490.7115
893.0 2496.2805
894.0 2501.2245
895.0 2500.789
896.0 2505.3745
897.0 2507.0815
898.0 2511.6965
899.0 2513.6225
900.0 2514.3645
901.0 2518.967
902.0 2519.4875
903.0 2522.114
904.0 2526.178
905.0 2528.9335
906.0 2537.2475
907.0 2536.6215
908.0 2540.959
909.0 2542.2235
910.0 2543.729
911.0 2548.1675
912.0 2553.2335
913.0 2555.974
914.0 2556.3445
915.0 2559.3855
916.0 2562.145
917.0 2564.974
918.0 2568.241
919.0 2571.3405
920.0 2574.2465
921.0 2576.7685
922.0 2579.025
923.0 2582.999
924.0 2584.04
925.0 2587.7745
926.0 2592.744
927.0 2595.926
928.0 2596.4985
929.0 2599.8495
930.0 2602.834
931.0 2605.4935
932.0 2611.1095
933.0 2612.7485
934.0 2612.1875
935.0 2616.575
936.0 2619.3885
937.0 2624.074
938.0 2625.213
939.0 2628.265
940.0 2634.6705
941.0 2635.9745
942.0 2640.0485
943.0 2642.05
944.0 2641.0275
945.0 2646.1975
946.0 2650.5935
947.0 2654.218
948.0 2656.236
949.0 2657.3675
950.0 2660.873
951.0 2661.6335
952.0 2667.8385
953.0 2670.3885
954.0 2673.5695
955.0 2674.6525
956.0 2678.233
957.0 2679.812
958.0 2684.058
959.0 2685.963
960.0 2687.737
961.0 2694.5065
962.0 2698.485
963.0 2700.3395
964.0 2703.2815
965.0 2706.1365
966.0 2709.5105
967.0 2710.248
968.0 2712.5895
969.0 2717.907
970.0 2720.3645
971.0 2721.1495
972.0 2723.246
973.0 2725.5535
974.0 2730.346
975.0 2733.8065
976.0 2737.7335
977.0 2746.6075
978.0 2744.1355
979.0 2746.2575
980.0 2749.122
981.0 2753.926
982.0 2754.133
983.0 2756.7575
984.0 2759.85
985.0 2761.1515
986.0 2766.04
987.0 2767.549
988.0 2769.01
989.0 2776.1465
990.0 2780.0055
991.0 2783.428
992.0 2785.05
993.0 2787.7125
994.0 2791.7745
995.0 2792.7625
996.0 2797.099
997.0 2799.999
998.0 2801.842
999.0 2802.3725
1000.0 2807.35
