1.0 64.0
2.0 64.0495
3.0 64.1875
4.0 64.4375
5.0 64.602
6.0 65.121
7.0 65.399
8.0 65.968
9.0 66.465
10.0 67.051
11.0 67.6385
12.0 68.386
13.0 69.156
14.0 70.3095
15.0 71.309
16.0 72.071
17.0 73.3345
18.0 74.4605
19.0 75.2155
20.0 77.039
21.0 78.508
22.0 79.8355
23.0 80.8835
24.0 82.7255
25.0 84.3265
26.0 85.485
27.0 87.2245
28.0 88.6235
29.0 90.4555
30.0 92.034
31.0 93.72
32.0 95.804
33.0 97.5995
34.0 99.405
35.0 101.396
36.0 103.6585
37.0 105.7185
38.0 107.4575
39.0 109.706
40.0 111.1775
41.0 114.0285
42.0 116.07
43.0 118.252
44.0 120.9435
45.0 123.1815
46.0 125.409
47.0 127.4125
48.0 129.686
49.0 132.0635
50.0 133.806
51.0 137.09
52.0 139.8765
53.0 141.6305
54.0 144.3785
55.0 146.671
56.0 149.4045
57.0 152.141
58.0 154.895
59.0 156.9635
60.0 160.354
61.0 162.2045
62.0 165.083
63.0 168.841
64.0 170.3555
65.0 173.0535
66.0 176.065
67.0 179.236
68.0 181.5315
69.0 184.629
70.0 187.689
71.0 190.18
72.0 192.237
73.0 195.4895
74.0 198.634
75.0 201.325
76.0 203.9905
77.0 206.6885
78.0 209.734
79.0 213.05
80.0 215.5585
81.0 219.0585
82.0 222.4465
83.0 224.8125
84.0 227.6105
85.0 230.27
86.0 233.5575
87.0 235.8245
88.0 240.0485
89.0 242.525
90.0 245.0075
91.0 248.365
92.0 250.856
93.0 254.378
94.0 257.0835
95.0 259.9025
96.0 263.631
97.0 266.533
98.0 270.0105
99.0 272.013
100.0 275.315
101.0 277.4085
102.0 280.883
103.0 284.982
104.0 288.686
105.0 290.257
106.0 293.2015
107.0 296.352
108.0 299.6175
109.0 302.384
110.0 306.1365
111.0 308.8985
112.0 312.3795
113.0 315.067
114.0 318.2325
115.0 320.7795
116.0 324.738
117.0 327.3025
118.0 331.0565
119.0 332.8795
120.0 337.1895
121.0 339.6965
122.0 343.5695
123.0 346.086
124.0 349.063
125.0 352.324
126.0 354.526
127.0 357.7325
128.0 361.3945
129.0 364.249
130.0 367.7615
131.0 371.3305
132.0 374.2595
133.0 377.288
134.0 380.602
135.0 383.687
136.0 386.7385
137.0 389.5255
138.0 392.849
139.0 395.88
140.0 398.836
141.0 401.267
142.0 404.5835
143.0 406.9865
144.0 410.503
145.0 413.802
146.0 417.0835
147.0 420.6055
148.0 422.76
149.0 425.676
150.0 429.3835
151.0 431.569
152.0 436.0365
153.0 438.449
154.0 441.9185
155.0 445.234
156.0 447.609
157.0 450.841
158.0 453.392
159.0 456.2715
160.0 459.713
161.0 463.2025
162.0 465.469
163.0 468.908
164.0 472.6125
165.0 475.463
166.0 478.4615
167.0 481.941
168.0 483.4955
169.0 487.265
170.0 490.1205
171.0 492.7595
172.0 496.847
173.0 499.7755
174.0 501.664
175.0 505.117
176.0 508.9735
177.0 512.4695
178.0 514.3375
179.0 516.76
180.0 519.321
181.0 524.6175
182.0 526.136
183.0 530.807
184.0 532.9565
185.0 535.5595
186.0 538.2465
187.0 542.77
188.0 543.9605
189.0 548.304
190.0 550.092
191.0 553.313
192.0 556.0895
193.0 560.094
194.0 562.305
195.0 565.825
196.0 568.105
197.0 570.8235
198.0 575.393
199.0 577.5745
200.0 581.2775
201.0 582.7955
202.0 586.165
203.0 589.685
204.0 591.503
205.0 595.3625
206.0 599.5255
207.0 601.074
208.0 604.605
209.0 608.556
210.0 611.542
211.0 614.4865
212.0 616.3315
213.0 619.6495
214.0 622.591
215.0 625.5365
216.0 627.3405
217.0 631.8785
218.0 635.529
219.0 637.7685
220.0 639.7945
221.0 642.2965
222.0 645.906
223.0 649.4035
224.0 651.849
225.0 654.0815
226.0 657.053
227.0 660.693
228.0 664.444
229.0 665.1715
230.0 669.323
231.0 672.002
232.0 674.823
233.0 678.5765
234.0 679.674
235.0 684.1385
236.0 686.6225
237.0 688.4825
238.0 694.2835
239.0 694.8505
240.0 697.4675
241.0 702.042
242.0 703.8235
243.0 707.6875
244.0 710.0415
245.0 713.183
246.0 715.7
247.0 717.072
248.0 720.681
249.0 724.361
250.0 726.389
251.0 729.9335
252.0 734.5395
253.0 736.5355
254.0 740.0635
255.0 741.837
256.0 745.5235
257.0 749.1485
258.0 751.282
259.0 753.937
260.0 756.112
261.0 759.283
262.0 762.8035
263.0 764.4745
264.0 767.9745
265.0 771.283
266.0 774.1105
267.0 778.995
268.0 780.516
269.0 783.327
270.0 786.8445
271.0 788.0505
272.0 791.873
273.0 793.9405
274.0 798.195
275.0 800.365
276.0 803.0855
277.0 805.924
278.0 809.2305
279.0 811.5555
280.0 814.669
281.0 817.705
282.0 820.983
283.0 825.468
284.0 826.024
285.0 829.9395
286.0 832.824
287.0 834.732
288.0 839.1345
289.0 843.317
290.0 845.396
291.0 847.7835
292.0 851.5775
293.0 857.5115
294.0 858.005
295.0 859.798
296.0 863.837
297.0 867.4865
298.0 869.3085
299.0 872.7915
300.0 878.687
301.0 878.4335
302.0 880.338
303.0 883.5685
304.0 888.1745
305.0 889.865
306.0 892.7055
307.0 896.6685
308.0 900.7865
309.0 901.7355
310.0 908.0275
311.0 909.995
312.0 912.543
313.0 915.683
314.0 919.944
315.0 922.0745
316.0 924.0485
317.0 929.9245
318.0 931.2785
319.0 933.528
320.0 938.2995
321.0 940.095
322.0 941.9035
323.0 947.3475
324.0 953.227
325.0 952.703
326.0 955.7805
327.0 958.011
328.0 964.941
329.0 968.5155
330.0 973.748
331.0 973.922
332.0 978.3245
333.0 980.946
334.0 984.8635
335.0 986.509
336.0 992.051
337.0 992.813
338.0 997.7215
339.0 1001.598
340.0 1000.899
341.0 1005.149
342.0 1009.553
343.0 1013.0475
344.0 1015.581
345.0 1016.118
346.0 1022.3605
347.0 1025.046
348.0 1026.674
349.0 1033.7015
350.0 1034.9655
351.0 1037.8295
352.0 1041.8555
353.0 1045.432
354.0 1046.356
355.0 1050.315
356.0 1056.667
357.0 1056.727
358.0 1062.855
359.0 1065.17
360.0 1065.4335
361.0 1069.0685
362.0 1073.8385
363.0 1077.6285
364.0 1083.4175
365.0 1083.9
366.0 1086.528
367.0 1091.6625
368.0 1092.965
369.0 1095.785
370.0 1097.975
371.0 1104.0045
372.0 1104.3535
373.0 1108.0885
374.0 1115.1945
375.0 1115.872
376.0 1119.044
377.0 1123.362
378.0 1125.6055
379.0 1129.0515
380.0 1130.62
381.0 1133.2035
382.0 1137.4
383.0 1141.7715
384.0 1144.503
385.0 1148.2275
386.0 1150.334
387.0 1155.3355
388.0 1155.4295
389.0 1160.496
390.0 1166.0445
391.0 1167.551
392.0 1170.4975
393.0 1171.538
394.0 1174.367
395.0 1181.985
396.0 1183.585
397.0 1185.3945
398.0 1188.9695
399.0 1191.115
400.0 1194.0065
401.0 1194.738
402.0 1203.315
403.0 1199.068
404.0 1205.996
405.0 1210.9385
406.0 1214.45
407.0 1213.8825
408.0 1215.2135
409.0 1221.2185
410.0 1223.587
411.0 1228.7585
412.0 1231.6035
413.0 1235.1335
414.0 1235.5705
415.0 1238.513
416.0 1242.5945
417.0 1247.199
418.0 1247.9955
419.0 1250.274
420.0 1254.411
421.0 1256.0235
422.0 1256.975
423.0 1263.156
424.0 1264.297
425.0 1267.062
426.0 1272.2405
427.0 1274.2535
428.0 1275.527
429.0 1278.325
430.0 1281.4795
431.0 1284.9665
432.0 1287.2955
433.0 1290.7285
434.0 1293.3685
435.0 1295.212
436.0 1298.62
437.0 1301.052
438.0 1304.201
439.0 1310.662
440.0 1308.2695
441.0 1312.6385
442.0 1311.536
443.0 1316.816
444.0 1317.3325
445.0 1325.5705
446.0 1326.4865
447.0 1329.5025
448.0 1332.583
449.0 1333.529
450.0 1337.773
451.0 1339.8605
452.0 1341.9895
453.0 1346.3175
454.0 1349.609
455.0 1349.888
456.0 1354.0925
457.0 1355.2215
458.0 1357.9295
459.0 1362.6985
460.0 1363.1155
461.0 1366.4255
462.0 1366.91
463.0 1371.459
464.0 1375.1115
465.0 1375.341
466.0 1381.536
467.0 1384.2755
468.0 1385.0145
469.0 1386.481
470.0 1390.0025
471.0 1392.928
472.0 1395.884
473.0 1398.8425
474.0 1397.858
475.0 1401.9155
476.0 1403.249
477.0 1410.0055
478.0 1409.0585
479.0 1413.05
480.0 1413.1645
481.0 1418.9975
482.0 1419.8495
483.0 1422.8495
484.0 1426.9805
485.0 1429.2795
486.0 1432.233
487.0 1433.0285
488.0 1434.146
489.0 1436.0825
490.0 1439.439
491.0 1444.538
492.0 1448.1555
493.0 1448.694
494.0 1451.23
495.0 1452.871
496.0 1454.663
497.0 1459.124
498.0 1459.346
499.0 1462.8895
500.0 1467.003
501.0 1466.9775
502.0 1472.846
503.0 1471.535
504.0 1475.2175
505.0 1476.7695
506.0 1481.912
507.0 1482.019
508.0 1486.184
509.0 1489.001
510.0 1490.645
511.0 1493.5575
512.0 1496.0495
513.0 1498.351
514.0 1498.722
515.0 1504.746
516.0 1506.538
517.0 1506.773
518.0 1510.4875
519.0 1512.146
520.0 1513.221
521.0 1515.331
522.0 1519.8265
523.0 1521.962
524.0 1523.801
525.0 1526.1565
526.0 1529.8905
527.0 1532.158
528.0 1533.5545
529.0 1537.936
530.0 1538.6955
531.0 1541.028
532.0 1544.9875
533.0 1544.5535
534.0 1550.423
535.0 1550.408
536.0 1553.8445
537.0 1556.093
538.0 1558.4335
539.0 1560.6595
540.0 1564.213
541.0 1566.747
542.0 1569.2715
543.0 1573.187
544.0 1572.0535
545.0 1575.8025
546.0 1578.248
547.0 1580.0265
548.0 1583.1415
549.0 1586.5205
550.0 1587.815
551.0 1591.3805
552.0 1592.2105
553.0 1593.8225
554.0 1599.7275
555.0 1599.6395
556.0 1601.886
557.0 1606.2215
558.0 1606.67
559.0 1608.775
560.0 1611.171
561.0 1614.561
562.0 1616.6295
563.0 1621.264
564.0 1620.6235
565.0 1624.5355
566.0 1625.1845
567.0 1631.1495
568.0 1633.6415
569.0 1636.3885
570.0 1636.5205
571.0 1639.202
572.0 1639.9075
573.0 1643.69
574.0 1647.2035
575.0 1648.2005
576.0 1650.692
577.0 1654.4695
578.0 1656.0665
579.0 1657.6345
580.0 1661.8225
581.0 1662.6325
582.0 1667.082
583.0 1669.3175
584.0 1669.3665
585.0 1674.6245
586.0 1675.5045
587.0 1680.573
588.0 1679.726
589.0 1682.5695
590.0 1684.1295
591.0 1689.507
592.0 1691.456
593.0 1691.648
594.0 1696.536
595.0 1696.5165
596.0 1701.313
597.0 1700.504
598.0 1704.9615
599.0 1707.3035
600.0 1711.2665
601.0 1713.1845
602.0 1715.3925
603.0 1717.8995
604.0 1721.051
605.0 1723.598
606.0 1725.622
607.0 1726.3705
608.0 1729.2805
609.0 1732.86
610.0 1734.119
611.0 1739.907
612.0 1739.678
613.0 1742.101
614.0 1746.149
615.0 1747.2265
616.0 1747.7755
617.0 1754.1785
618.0 1754.5665
619.0 1756.063
620.0 1760.3755
621.0 1763.5125
622.0 1765.571
623.0 1767.8105
624.0 1768.9095
625.0 1772.6435
626.0 1772.526
627.0 1777.076
628.0 1778.8805
629.0 1781.2095
630.0 1783.8035
631.0 1789.4775
632.0 1790.339
633.0 1791.29
634.0 1795.7995
635.0 1797.9565
636.0 1797.1355
637.0 1803.819
638.0 1805.3495
639.0 1809.639
640.0 1810.3965
641.0 1813.22
642.0 1817.024
643.0 1818.482
644.0 1820.4495
645.0 1824.4435
646.0 1826.738
647.0 1830.0835
648.0 1831.148
649.0 1832.372
650.0 1835.915
651.0 1837.309
652.0 1840.43
653.0 1842.68
654.0 1847.039
655.0 1848.3655
656.0 1850.006
657.0 1853.4575
658.0 1854.1035
659.0 1860.2245
660.0 1861.8545
661.0 1864.555
662.0 1866.492
663.0 1867.862
664.0 1872.278
665.0 1876.1525
666.0 1874.312
667.0 1876.4065
668.0 1881.2175
669.0 1886.3035
670.0 1888.185
671.0 1891.6115
672.0 1895.1455
673.0 1895.867
674.0 1897.842
675.0 1897.9155
676.0 1901.675
677.0 1905.0885
678.0 1905.668
679.0 1911.1665
680.0 1911.5785
681.0 1914.9215
682.0 1918.8915
683.0 1920.4845
684.0 1925.0945
685.0 1926.3125
686.0 1928.1635
687.0 1931.0265
688.0 1933.0205
689.0 1936.2635
690.0 1939.2665
691.0 1940.884
692.0 1941.223
693.0 1944.8245
694.0 1949.4735
695.0 1951.2125
696.0 1955.0275
697.0 1957.1245
698.0 1960.6515
699.0 1961.1685
700.0 1966.995
701.0 1968.5645
702.0 1969.15
703.0 1971.497
704.0 1975.8475
705.0 1979.3335
706.0 1981.4635
707.0 1982.4885
708.0 1986.763
709.0 1989.277
710.0 1990.134
711.0 1992.9325
712.0 1995.9885
713.0 1999.1325
714.0 2000.7475
715.0 2005.386
716.0 2004.4365
717.0 2009.5015
718.0 2014.194
719.0 2014.5305
720.0 2017.0195
721.0 2022.8105
722.0 2023.9455
723.0 2026.314
724.0 2028.645
725.0 2031.7435
726.0 2035.1375
727.0 2036.8805
728.0 2036.946
729.0 2041.428
730.0 2042.7605
731.0 2046.978
732.0 2051.035
733.0 2053.2635
734.0 2056.576
735.0 2060.082
736.0 2059.848
737.0 2065.2545
738.0 2067.8385
739.0 2070.4595
740.0 2071.036
741.0 2074.511
742.0 2076.1605
743.0 2077.2205
744.0 2082.857
745.0 2082.997
746.0 2089.1225
747.0 2089.3865
748.0 2091.697
749.0 2093.2845
750.0 2098.0935
751.0 2096.8885
752.0 2104.4405
753.0 2106.747
754.0 2109.5865
755.0 2109.4725
756.0 2116.3495
757.0 2116.406
758.0 2119.9765
759.0 2121.113
760.0 2125.677
761.0 2126.8875
762.0 2129.22
763.0 2131.8805
764.0 2136.3495
765.0 2138.713
766.0 2142.1075
767.0 2144.3885
768.0 2148.058
769.0 2148.729
770.0 2150.116
771.0 2157.2345
772.0 2154.6805
773.0 2161.2045
774.0 2164.7685
775.0 2166.571
776.0 2170.0895
777.0 2170.595
778.0 2175.6175
779.0 2176.231
780.0 2180.916
781.0 2182.759
782.0 2188.4175
783.0 2189.144
784.0 2191.18
785.0 2192.8345
786.0 2196.793
787.0 2198.7275
788.0 2202.724
789.0 2205.889
790.0 2207.3655
791.0 2208.883
792.0 2211.841
793.0 2218.35
794.0 2217.695
795.0 2219.1885
796.0 2225.071
797.0 2228.3475
798.0 2230.5745
799.0 2231.29
800.0 2232.957
801.0 2236.022
802.0 2238.387
803.0 2244.0945
804.0 2246.052
805.0 2247.611
806.0 2253.053
807.0 2254.9645
808.0 2257.1775
809.0 2262.272
810.0 2262.787
811.0 2265.0505
812.0 2265.2015
813.0 2269.594
814.0 2272.9525
815.0 2275.193
816.0 2277.784
817.0 2283.0925
818.0 2284.2895
819.0 2288.82
820.0 2291.231
821.0 2293.557
822.0 2295.697
823.0 2298.9975
824.0 2299.709
825.0 2306.2435
826.0 2309.0695
827.0 2307.8615
828.0 2313.485
829.0 2315.564
830.0 2318.749
831.0 2322.376
832.0 2323.4565
833.0 2325.9775
834.0 2329.2665
835.0 2331.127
836.0 2333.0805
837.0 2337.2245
838.0 2338.229
839.0 2342.219
840.0 2349.151
841.0 2349.0635
842.0 2352.175
843.0 2354.9895
844.0 2358.669
845.0 2357.965
846.0 2360.3075
847.0 2366.11
848.0 2368.2965
849.0 2370.3385
850.0 2374.4305
851.0 2374.407
852.0 2378.4375
853.0 2380.6865
854.0 2386.5345
855.0 2388.5975
856.0 2392.7135
857.0 2393.4
858.0 2397.18
859.0 2398.162
860.0 2402.947
861.0 2403.3395
862.0 2409.297
863.0 2412.1945
864.0 2414.255
865.0 2417.1915
866.0 2420.433
867.0 2423.036
868.0 2426.148
869.0 2427.6735
870.0 2428.77
871.0 2435.078
872.0 2434.663
873.0 2437.151
874.0 2441.9045
875.0 2446.9455
876.0 2449.2685
877.0 2452.297
878.0 2453.214
879.0 2456.265
880.0 2459.9545
881.0 2461.742
882.0 2465.145
883.0 2467.1265
884.0 2472.243
885.0 2475.4005
886.0 2477.8415
887.0 2481.9225
888.0 2481.7455
889.0 2486.589
890.0 2487.44
891.0 2489.4045
892.0 2490.791
893.0 2497.102
894.0 2498.6835
895.0 2500.617
896.0 2505.6805
897.0 2507.264
898.0 2510.0235
899.0 2513.778
900.0 2514.463
901.0 2518.7345
902.0 2522.353
903.0 2528.015
904.0 2528.5005
905.0 2532.0415
906.0 2534.751
907.0 2533.491
908.0 2538.7305
909.0 2541.99
910.0 2544.345
911.0 2547.471
912.0 2550.246
913.0 2558.2765
914.0 2559.7715
915.0 2559.6065
916.0 2563.464
917.0 2564.9335
918.0 2568.5205
919.0 2569.2145
920.0 2574.313
921.0 2575.594
922.0 2579.032
923.0 2583.0865
924.0 2585.582
925.0 2588.207
926.0 2589.69
927.0 2594.9475
928.0 2597.383
929.0 2602.0535
930.0 2604.991
931.0 2606.8125
932.0 2605.2885
933.0 2610.497
934.0 2613.6415
935.0 2614.9155
936.0 2619.5585
937.0 2621.664
938.0 2627.284
939.0 2628.62
940.0 2634.3365
941.0 2635.6465
942.0 2638.57
943.0 2640.9045
944.0 2644.635
945.0 2647.8285
946.0 2647.3055
947.0 2653.8425
948.0 2651.8895
949.0 2657.7505
950.0 2660.765
951.0 2664.607
952.0 2665.7965
953.0 2670.876
954.0 2674.8345
955.0 2676.166
956.0 2677.0825
957.0 2681.3185
958.0 2683.9255
959.0 2686.2195
960.0 2691.6155
961.0 2694.1245
962.0 2696.0395
963.0 2698.271
964.0 2701.892
965.0 2705.582
966.0 2706.749
967.0 2708.918
968.0 2713.145
969.0 2718.069
970.0 2720.1015
971.0 2721.7295
972.0 2724.9835
973.0 2728.413
974.0 2730.613
975.0 2733.772
976.0 2740.0165
977.0 2739.787
978.0 2742.999
979.0 2747.134
980.0 2750.754
981.0 2752.516
982.0 2756.9265
983.0 2759.0565
984.0 2760.943
985.0 2764.217
986.0 2765.8175
987.0 2767.341
988.0 2774.044
989.0 2775.1065
990.0 2776.752
991.0 2781.5685
992.0 2785.281
993.0 2790.073
994.0 2792.5105
995.0 2794.0725
996.0 2793.754
997.0 2796.9865
998.0 2803.194
999.0 2803.4945
1000.0 2810.65
