1.0 64.0
2.0 64.047
3.0 64.188
4.0 64.415
5.0 64.528
6.0 64.908
7.0 65.363
8.0 65.761
9.0 66.224
10.0 66.685
11.0 67.371
12.0 68.031
13.0 68.765
14.0 69.742
15.0 70.551
16.0 71.724
17.0 72.643
18.0 73.594
19.0 74.781
20.0 75.942
21.0 77.723
22.0 79.093
23.0 80.262
24.0 81.783
25.0 83.248
26.0 84.531
27.0 86.612
28.0 87.769
29.0 89.29
30.0 91.284
31.0 93.185
32.0 95.031
33.0 96.933
34.0 98.824
35.0 100.793
36.0 102.791
37.0 105.099
38.0 106.96
39.0 109.357
40.0 111.183
41.0 113.706
42.0 115.551
43.0 117.767
44.0 120.502
45.0 122.392
46.0 125.354
47.0 127.419
48.0 130.22
49.0 132.197
50.0 135.02
51.0 137.586
52.0 139.54
53.0 142.096
54.0 144.877
55.0 148.049
56.0 149.88
57.0 152.621
58.0 155.069
59.0 158.015
60.0 160.849
61.0 164.048
62.0 166.065
63.0 168.894
64.0 171.806
65.0 174.919
66.0 177.322
67.0 180.296
68.0 182.833
69.0 185.909
70.0 188.644
71.0 191.338
72.0 194.852
73.0 196.905
74.0 200.669
75.0 203.591
76.0 206.274
77.0 209.658
78.0 212.572
79.0 215.864
80.0 218.73
81.0 221.683
82.0 224.066
83.0 227.946
84.0 230.592
85.0 234.281
86.0 237.752
87.0 239.626
88.0 242.879
89.0 246.324
90.0 249.913
91.0 252.075
92.0 254.834
93.0 258.337
94.0 262.05
95.0 265.317
96.0 268.758
97.0 270.703
98.0 274.018
99.0 277.877
100.0 281.158
101.0 283.997
102.0 286.572
103.0 291.294
104.0 294.04
105.0 296.914
106.0 299.643
107.0 304.237
108.0 308.027
109.0 310.051
110.0 313.265
111.0 316.245
112.0 319.961
113.0 322.645
114.0 326.831
115.0 329.359
116.0 333.076
117.0 336.679
118.0 339.164
119.0 343.588
120.0 346.198
121.0 350.281
122.0 352.878
123.0 356.087
124.0 360.167
125.0 362.881
126.0 366.169
127.0 368.894
128.0 372.635
129.0 376.555
130.0 379.564
131.0 382.648
132.0 385.873
133.0 390.072
134.0 393.153
135.0 395.98
136.0 399.528
137.0 402.17
138.0 406.437
139.0 410.059
140.0 412.466
141.0 415.221
142.0 420.068
143.0 422.717
144.0 426.047
145.0 429.212
146.0 433.373
147.0 436.51
148.0 440.052
149.0 444.058
150.0 446.459
151.0 449.795
152.0 454.257
153.0 456.032
154.0 459.261
155.0 463.592
156.0 466.43
157.0 469.997
158.0 474.344
159.0 477.506
160.0 480.033
161.0 483.102
162.0 486.874
163.0 491.474
164.0 493.984
165.0 497.714
166.0 500.013
167.0 504.024
168.0 508.149
169.0 509.798
170.0 514.28
171.0 517.474
172.0 520.248
173.0 523.269
174.0 527.315
175.0 531.902
176.0 534.12
177.0 540.169
178.0 542.253
179.0 544.188
180.0 548.434
181.0 551.275
182.0 555.853
183.0 558.092
184.0 561.358
185.0 566.609
186.0 567.942
187.0 572.102
188.0 575.88
189.0 578.546
190.0 583.093
191.0 585.072
192.0 589.465
193.0 592.944
194.0 595.696
195.0 598.941
196.0 604.026
197.0 605.461
198.0 609.992
199.0 614.13
200.0 616.436
201.0 618.732
202.0 623.455
203.0 627.463
204.0 629.598
205.0 633.306
206.0 638.362
207.0 639.565
208.0 645.475
209.0 647.832
210.0 650.32
211.0 655.16
212.0 658.22
213.0 659.597
214.0 663.871
215.0 667.058
216.0 670.27
217.0 674.309
218.0 678.101
219.0 682.073
220.0 685.064
221.0 688.953
222.0 691.676
223.0 694.935
224.0 697.779
225.0 702.436
226.0 704.537
227.0 707.411
228.0 712.64
229.0 714.234
230.0 719.103
231.0 722.709
232.0 725.77
233.0 729.463
234.0 733.606
235.0 735.299
236.0 740.243
237.0 743.398
238.0 745.61
239.0 749.893
240.0 752.869
241.0 755.966
242.0 760.327
243.0 762.517
244.0 766.192
245.0 769.97
246.0 774.6
247.0 776.786
248.0 778.945
249.0 783.132
250.0 788.358
251.0 791.175
252.0 795.47
253.0 797.836
254.0 800.595
255.0 803.597
256.0 806.375
257.0 812.168
258.0 815.595
259.0 818.462
260.0 820.422
261.0 825.339
262.0 828.307
263.0 831.668
264.0 836.512
265.0 838.271
266.0 842.745
267.0 844.516
268.0 848.768
269.0 852.66
270.0 855.096
271.0 859.448
272.0 862.022
273.0 867.093
274.0 868.796
275.0 873.223
276.0 876.491
277.0 880.415
278.0 882.871
279.0 886.99
280.0 890.023
281.0 893.617
282.0 897.252
283.0 900.987
284.0 903.257
285.0 908.334
286.0 910.522
287.0 913.745
288.0 917.094
289.0 921.321
290.0 924.26
291.0 928.946
292.0 930.0
293.0 936.088
294.0 938.287
295.0 941.707
296.0 943.41
297.0 948.321
298.0 951.947
299.0 954.009
300.0 957.381
301.0 961.94
302.0 966.147
303.0 969.12
304.0 973.627
305.0 974.336
306.0 978.754
307.0 982.412
308.0 985.654
309.0 989.681
310.0 990.701
311.0 996.963
312.0 998.306
313.0 1003.967
314.0 1006.8
315.0 1009.318
316.0 1014.652
317.0 1016.432
318.0 1020.784
319.0 1023.445
320.0 1026.955
321.0 1030.971
322.0 1036.234
323.0 1038.349
324.0 1040.489
325.0 1043.438
326.0 1048.358
327.0 1051.469
328.0 1053.977
329.0 1059.401
330.0 1061.247
331.0 1063.644
332.0 1067.697
333.0 1071.462
334.0 1075.143
335.0 1078.515
336.0 1081.661
337.0 1084.752
338.0 1087.735
339.0 1093.146
340.0 1095.247
341.0 1097.912
342.0 1100.455
343.0 1106.533
344.0 1108.943
345.0 1112.965
346.0 1116.974
347.0 1121.467
348.0 1121.395
349.0 1127.075
350.0 1129.494
351.0 1133.172
352.0 1137.076
353.0 1140.446
354.0 1144.409
355.0 1146.359
356.0 1149.339
357.0 1154.292
358.0 1157.026
359.0 1160.619
360.0 1164.48
361.0 1165.975
362.0 1172.971
363.0 1175.448
364.0 1177.321
365.0 1182.707
366.0 1185.71
367.0 1188.867
368.0 1190.495
369.0 1194.726
370.0 1199.839
371.0 1202.04
372.0 1204.638
373.0 1209.701
374.0 1213.162
375.0 1215.887
376.0 1218.928
377.0 1221.966
378.0 1224.698
379.0 1228.618
380.0 1232.572
381.0 1235.344
382.0 1239.699
383.0 1241.973
384.0 1245.06
385.0 1250.412
386.0 1254.34
387.0 1255.436
388.0 1259.76
389.0 1264.121
390.0 1266.734
391.0 1271.316
392.0 1273.698
393.0 1276.638
394.0 1281.009
395.0 1284.101
396.0 1286.934
397.0 1290.778
398.0 1292.917
399.0 1297.833
400.0 1302.919
401.0 1304.396
402.0 1308.585
403.0 1310.331
404.0 1314.799
405.0 1318.995
406.0 1321.571
407.0 1322.583
408.0 1328.982
409.0 1331.493
410.0 1334.751
411.0 1338.738
412.0 1341.56
413.0 1346.832
414.0 1347.936
415.0 1351.462
416.0 1356.426
417.0 1358.948
418.0 1363.844
419.0 1364.864
420.0 1370.289
421.0 1371.558
422.0 1375.487
423.0 1381.015
424.0 1382.572
425.0 1387.432
426.0 1388.517
427.0 1392.566
428.0 1397.58
429.0 1399.315
430.0 1405.023
431.0 1407.901
432.0 1412.979
433.0 1414.533
434.0 1416.713
435.0 1419.421
436.0 1424.676
437.0 1426.363
438.0 1431.248
439.0 1435.211
440.0 1438.287
441.0 1441.099
442.0 1445.046
443.0 1447.405
444.0 1452.296
445.0 1454.918
446.0 1457.336
447.0 1462.085
448.0 1467.615
449.0 1470.231
450.0 1473.536
451.0 1476.142
452.0 1480.469
453.0 1483.563
454.0 1484.486
455.0 1489.737
456.0 1494.135
457.0 1496.856
458.0 1500.978
459.0 1501.266
460.0 1505.991
461.0 1509.812
462.0 1511.87
463.0 1516.889
464.0 1520.817
465.0 1524.898
466.0 1527.216
467.0 1529.955
468.0 1532.036
469.0 1537.934
470.0 1540.865
471.0 1544.565
472.0 1548.502
473.0 1551.684
474.0 1555.93
475.0 1557.052
476.0 1561.511
477.0 1563.905
478.0 1568.947
479.0 1571.576
480.0 1574.568
481.0 1579.762
482.0 1581.592
483.0 1583.63
484.0 1588.201
485.0 1593.903
486.0 1594.915
487.0 1599.825
488.0 1602.507
489.0 1604.438
490.0 1607.824
491.0 1614.913
492.0 1616.858
493.0 1618.338
494.0 1623.857
495.0 1626.115
496.0 1631.787
497.0 1632.282
498.0 1634.991
499.0 1641.859
500.0 1645.519
501.0 1648.965
502.0 1651.505
503.0 1652.702
504.0 1656.616
505.0 1661.717
506.0 1664.961
507.0 1666.616
508.0 1671.003
509.0 1673.873
510.0 1678.31
511.0 1679.866
512.0 1685.262
513.0 1689.061
514.0 1691.675
515.0 1695.542
516.0 1698.087
517.0 1701.12
518.0 1704.446
519.0 1709.588
520.0 1709.697
521.0 1715.365
522.0 1719.691
523.0 1723.307
524.0 1725.55
525.0 1729.986
526.0 1733.461
527.0 1735.167
528.0 1739.095
529.0 1742.578
530.0 1746.938
531.0 1749.202
532.0 1755.568
533.0 1755.375
534.0 1760.835
535.0 1763.743
536.0 1765.387
537.0 1770.285
538.0 1773.561
539.0 1778.081
540.0 1780.912
541.0 1781.558
542.0 1789.848
543.0 1789.892
544.0 1794.809
545.0 1797.069
546.0 1801.986
547.0 1803.973
548.0 1808.851
549.0 1812.366
550.0 1816.279
551.0 1818.361
552.0 1820.835
553.0 1825.08
554.0 1830.238
555.0 1832.012
556.0 1837.199
557.0 1837.451
558.0 1842.769
559.0 1843.604
560.0 1849.879
561.0 1853.368
562.0 1856.683
563.0 1859.96
564.0 1863.784
565.0 1865.242
566.0 1870.202
567.0 1873.057
568.0 1876.196
569.0 1881.215
570.0 1883.36
571.0 1887.966
572.0 1890.683
573.0 1893.743
574.0 1900.002
575.0 1902.222
576.0 1902.868
577.0 1908.461
578.0 1912.289
579.0 1913.552
580.0 1917.596
581.0 1923.125
582.0 1923.975
583.0 1927.704
584.0 1932.319
585.0 1937.095
586.0 1938.854
587.0 1942.987
588.0 1945.372
589.0 1947.937
590.0 1953.21
591.0 1956.503
592.0 1957.511
593.0 1963.871
594.0 1965.746
595.0 1969.19
596.0 1972.127
597.0 1976.853
598.0 1979.89
599.0 1980.684
600.0 1986.798
601.0 1989.046
602.0 1994.938
603.0 1996.084
604.0 1998.194
605.0 2005.728
606.0 2006.102
607.0 2009.588
608.0 2011.287
609.0 2016.917
610.0 2019.093
611.0 2024.558
612.0 2029.192
613.0 2031.699
614.0 2031.953
615.0 2038.281
616.0 2041.533
617.0 2045.547
618.0 2048.53
619.0 2050.935
620.0 2054.974
621.0 2057.018
622.0 2062.179
623.0 2066.082
624.0 2070.815
625.0 2073.612
626.0 2076.629
627.0 2080.547
628.0 2082.294
629.0 2084.699
630.0 2091.766
631.0 2092.599
632.0 2097.615
633.0 2099.666
634.0 2101.821
635.0 2106.379
636.0 2110.106
637.0 2113.523
638.0 2115.821
639.0 2119.649
640.0 2121.886
641.0 2126.937
642.0 2129.844
643.0 2132.453
644.0 2136.119
645.0 2143.582
646.0 2144.443
647.0 2146.215
648.0 2152.731
649.0 2153.413
650.0 2157.141
651.0 2157.761
652.0 2163.978
653.0 2168.569
654.0 2172.503
655.0 2173.78
656.0 2175.973
657.0 2181.677
658.0 2186.171
659.0 2189.841
660.0 2193.457
661.0 2196.239
662.0 2200.143
663.0 2203.487
664.0 2205.064
665.0 2209.553
666.0 2213.628
667.0 2213.967
668.0 2216.798
669.0 2223.782
670.0 2226.422
671.0 2230.41
672.0 2230.641
673.0 2234.913
674.0 2241.558
675.0 2244.047
676.0 2248.455
677.0 2248.587
678.0 2255.938
679.0 2257.41
680.0 2262.281
681.0 2264.337
682.0 2267.563
683.0 2272.275
684.0 2274.773
685.0 2276.988
686.0 2282.263
687.0 2283.95
688.0 2287.511
689.0 2291.435
690.0 2292.961
691.0 2298.892
692.0 2302.577
693.0 2304.117
694.0 2311.612
695.0 2311.635
696.0 2313.825
697.0 2321.323
698.0 2320.515
699.0 2325.641
700.0 2327.858
701.0 2333.352
702.0 2334.806
703.0 2338.779
704.0 2344.466
705.0 2346.111
706.0 2351.72
707.0 2353.453
708.0 2356.759
709.0 2358.791
710.0 2365.611
711.0 2366.069
712.0 2369.45
713.0 2374.174
714.0 2375.845
715.0 2378.476
716.0 2382.949
717.0 2389.768
718.0 2391.494
719.0 2394.839
720.0 2395.173
721.0 2399.674
722.0 2406.853
723.0 2410.549
724.0 2411.488
725.0 2414.132
726.0 2415.917
727.0 2423.809
728.0 2424.96
729.0 2427.756
730.0 2433.881
731.0 2435.634
732.0 2436.464
733.0 2445.266
734.0 2445.7
735.0 2446.789
736.0 2450.872
737.0 2456.265
738.0 2460.231
739.0 2461.702
740.0 2467.183
741.0 2469.85
742.0 2475.764
743.0 2476.881
744.0 2480.06
745.0 2483.217
746.0 2486.992
747.0 2490.463
748.0 2492.528
749.0 2494.415
750.0 2500.333
751.0 2503.051
752.0 2505.106
753.0 2510.677
754.0 2513.723
755.0 2517.453
756.0 2521.501
757.0 2524.827
758.0 2526.618
759.0 2530.368
760.0 2535.594
761.0 2538.479
762.0 2542.799
763.0 2547.024
764.0 2549.942
765.0 2553.039
766.0 2554.146
767.0 2557.819
768.0 2563.065
769.0 2567.082
770.0 2568.073
771.0 2574.278
772.0 2574.855
773.0 2578.389
774.0 2582.389
775.0 2585.321
776.0 2593.083
777.0 2590.589
778.0 2595.804
779.0 2598.759
780.0 2602.384
781.0 2605.835
782.0 2611.423
783.0 2611.412
784.0 2616.39
785.0 2621.925
786.0 2625.615
787.0 2626.462
788.0 2628.727
789.0 2631.224
790.0 2635.391
791.0 2640.634
792.0 2646.883
793.0 2648.439
794.0 2651.623
795.0 2655.439
796.0 2660.357
797.0 2662.42
798.0 2663.661
799.0 2666.979
800.0 2675.113
801.0 2677.429
802.0 2677.461
803.0 2681.663
804.0 2685.611
805.0 2689.772
806.0 2691.614
807.0 2697.577
808.0 2698.17
809.0 2702.965
810.0 2707.657
811.0 2708.676
812.0 2713.104
813.0 2717.071
814.0 2719.488
815.0 2722.65
816.0 2728.869
817.0 2731.933
818.0 2733.168
819.0 2736.034
820.0 2743.224
821.0 2745.809
822.0 2745.93
823.0 2750.542
824.0 2753.053
825.0 2758.466
826.0 2761.919
827.0 2763.057
828.0 2768.486
829.0 2770.95
830.0 2773.518
831.0 2780.56
832.0 2779.241
833.0 2784.505
834.0 2785.239
835.0 2793.76
836.0 2794.768
837.0 2797.503
838.0 2803.455
839.0 2805.333
840.0 2808.34
841.0 2811.92
842.0 2814.204
843.0 2819.347
844.0 2821.296
845.0 2825.712
846.0 2831.081
847.0 2833.701
848.0 2835.899
849.0 2840.228
850.0 2842.278
851.0 2848.695
852.0 2851.25
853.0 2855.152
854.0 2854.882
855.0 2860.508
856.0 2863.972
857.0 2868.633
858.0 2871.612
859.0 2875.496
860.0 2876.649
861.0 2882.155
862.0 2884.073
863.0 2890.468
864.0 2892.593
865.0 2892.252
866.0 2897.505
867.0 2903.421
868.0 2903.952
869.0 2909.827
870.0 2911.568
871.0 2914.507
872.0 2918.867
873.0 2922.15
874.0 2926.052
875.0 2927.052
876.0 2929.954
877.0 2936.892
878.0 2942.41
879.0 2943.157
880.0 2946.23
881.0 2950.731
882.0 2949.606
883.0 2955.87
884.0 2961.114
885.0 2964.309
886.0 2967.687
887.0 2969.195
888.0 2973.506
889.0 2976.357
890.0 2981.396
891.0 2985.398
892.0 2986.517
893.0 2995.369
894.0 2994.647
895.0 2993.91
896.0 3000.116
897.0 3003.202
898.0 3008.003
899.0 3010.792
900.0 3016.151
901.0 3019.537
902.0 3023.528
903.0 3023.974
904.0 3029.434
905.0 3031.344
906.0 3033.781
907.0 3039.464
908.0 3039.397
909.0 3045.157
910.0 3046.423
911.0 3051.049
912.0 3056.249
913.0 3057.805
914.0 3063.523
915.0 3066.76
916.0 3068.985
917.0 3074.585
918.0 3074.593
919.0 3078.916
920.0 3084.428
921.0 3086.642
922.0 3089.397
923.0 3092.389
924.0 3096.674
925.0 3100.888
926.0 3103.863
927.0 3107.849
928.0 3110.297
929.0 3115.725
930.0 3116.035
931.0 3121.373
932.0 3123.276
933.0 3128.685
934.0 3130.828
935.0 3135.075
936.0 3141.204
937.0 3140.353
938.0 3143.831
939.0 3148.949
940.0 3151.5
941.0 3157.271
942.0 3155.34
943.0 3164.95
944.0 3167.988
945.0 3168.224
946.0 3172.687
947.0 3177.521
948.0 3180.799
949.0 3183.312
950.0 3185.644
951.0 3189.046
952.0 3190.522
953.0 3197.983
954.0 3195.073
955.0 3204.065
956.0 3209.087
957.0 3210.659
958.0 3213.132
959.0 3216.311
960.0 3219.815
961.0 3225.135
962.0 3226.472
963.0 3228.34
964.0 3234.833
965.0 3237.057
966.0 3237.401
967.0 3245.766
968.0 3246.994
969.0 3251.791
970.0 3253.737
971.0 3259.371
972.0 3259.896
973.0 3266.075
974.0 3268.257
975.0 3269.085
976.0 3274.545
977.0 3276.906
978.0 3282.557
979.0 3284.742
980.0 3289.4
981.0 3292.75
982.0 3299.236
983.0 3299.839
984.0 3302.018
985.0 3305.114
986.0 3311.166
987.0 3313.457
988.0 3314.923
989.0 3318.389
990.0 3325.247
991.0 3325.474
992.0 3328.116
993.0 3335.007
994.0 3339.173
995.0 3341.95
996.0 3345.538
997.0 3350.934
998.0 3349.083
999.0 3352.433
1000.0 3356.997
