1.0 64.0
2.0 64.078
3.0 64.2235
4.0 64.419
5.0 64.745
6.0 65.092
7.0 65.377
8.0 66.0075
9.0 66.34
10.0 67.034
11.0 67.7925
12.0 68.3135
13.0 69.091
14.0 70.0745
15.0 70.958
16.0 72.101
17.0 72.949
18.0 74.193
19.0 75.2985
20.0 76.7545
21.0 77.6285
22.0 79.123
23.0 80.548
24.0 82.2695
25.0 83.823
26.0 85.195
27.0 86.957
28.0 88.63
29.0 89.8025
30.0 92.293
31.0 93.492
32.0 95.4845
33.0 96.887
34.0 99.19
35.0 100.6755
36.0 103.3795
37.0 105.3
38.0 107.0925
39.0 109.585
40.0 111.2555
41.0 113.3785
42.0 115.7885
43.0 117.785
44.0 120.2365
45.0 122.4375
46.0 124.462
47.0 127.0355
48.0 129.403
49.0 131.814
50.0 134.496
51.0 136.393
52.0 138.458
53.0 141.792
54.0 143.8605
55.0 146.656
56.0 149.257
57.0 151.69
58.0 154.7005
59.0 157.2675
60.0 159.455
61.0 162.1275
62.0 164.225
63.0 167.422
64.0 170.0135
65.0 172.8345
66.0 175.5925
67.0 178.4495
68.0 181.538
69.0 184.491
70.0 186.736
71.0 188.884
72.0 192.456
73.0 195.18
74.0 197.3565
75.0 200.786
76.0 203.2405
77.0 206.49
78.0 209.141
79.0 212.5095
80.0 215.2805
81.0 217.606
82.0 221.2845
83.0 223.7915
84.0 226.4205
85.0 230.506
86.0 232.43
87.0 235.8485
88.0 239.63
89.0 241.242
90.0 244.5415
91.0 248.0885
92.0 250.7245
93.0 253.289
94.0 257.646
95.0 260.1695
96.0 263.4365
97.0 266.0445
98.0 269.2675
99.0 271.7285
100.0 274.75
101.0 277.974
102.0 281.0135
103.0 284.563
104.0 287.429
105.0 291.1295
106.0 293.79
107.0 296.5355
108.0 300.1985
109.0 302.534
110.0 305.6555
111.0 309.3765
112.0 312.6465
113.0 315.4495
114.0 317.7695
115.0 320.9305
116.0 325.0545
117.0 326.9145
118.0 330.8565
119.0 332.9595
120.0 336.9235
121.0 340.0575
122.0 342.484
123.0 347.233
124.0 350.5215
125.0 353.048
126.0 356.4315
127.0 359.067
128.0 362.4405
129.0 366.185
130.0 367.96
131.0 371.3305
132.0 375.0815
133.0 378.488
134.0 381.744
135.0 384.875
136.0 387.4705
137.0 390.7445
138.0 394.3795
139.0 397.5555
140.0 399.874
141.0 403.0475
142.0 406.648
143.0 410.2585
144.0 412.5295
145.0 417.058
146.0 420.235
147.0 423.1405
148.0 425.1065
149.0 429.0245
150.0 432.9695
151.0 435.21
152.0 439.758
153.0 442.381
154.0 444.925
155.0 447.783
156.0 449.805
157.0 453.8115
158.0 458.012
159.0 460.437
160.0 464.468
161.0 466.6795
162.0 470.7875
163.0 474.3865
164.0 476.322
165.0 479.3355
166.0 483.9
167.0 487.088
168.0 488.8465
169.0 493.177
170.0 496.1815
171.0 499.2595
172.0 501.3095
173.0 505.0215
174.0 508.719
175.0 511.7425
176.0 514.374
177.0 518.3305
178.0 520.982
179.0 525.298
180.0 528.227
181.0 530.7565
182.0 533.725
183.0 538.038
184.0 542.008
185.0 544.7495
186.0 547.119
187.0 550.6325
188.0 553.3075
189.0 556.9745
190.0 559.4555
191.0 564.4705
192.0 566.857
193.0 570.285
194.0 573.203
195.0 576.6485
196.0 578.516
197.0 582.033
198.0 585.771
199.0 589.744
200.0 592.985
201.0 595.127
202.0 598.3495
203.0 602.2005
204.0 605.802
205.0 608.6745
206.0 610.1315
207.0 613.978
208.0 617.8815
209.0 620.816
210.0 623.4135
211.0 628.5045
212.0 630.1845
213.0 633.1315
214.0 637.0565
215.0 639.3005
216.0 643.581
217.0 646.955
218.0 649.3005
219.0 652.76
220.0 655.6515
221.0 658.4985
222.0 661.8365
223.0 666.7135
224.0 669.621
225.0 671.397
226.0 675.6625
227.0 677.425
228.0 681.895
229.0 683.4025
230.0 687.418
231.0 690.963
232.0 694.986
233.0 697.809
234.0 700.122
235.0 705.5585
236.0 706.565
237.0 710.992
238.0 713.724
239.0 717.2175
240.0 719.459
241.0 722.2485
242.0 727.7745
243.0 730.4285
244.0 732.9035
245.0 735.836
246.0 739.3565
247.0 743.0465
248.0 745.7665
249.0 748.745
250.0 751.032
251.0 756.244
252.0 760.0655
253.0 762.5105
254.0 765.734
255.0 767.4695
256.0 771.8165
257.0 774.2495
258.0 777.5155
259.0 781.7085
260.0 783.992
261.0 787.23
262.0 790.5075
263.0 794.285
264.0 797.8065
265.0 800.8615
266.0 803.217
267.0 807.3895
268.0 810.1475
269.0 813.5485
270.0 815.9375
271.0 818.1435
272.0 823.772
273.0 826.3705
274.0 827.0315
275.0 832.437
276.0 835.5565
277.0 838.128
278.0 841.8505
279.0 845.188
280.0 848.0145
281.0 852.064
282.0 855.916
283.0 857.8095
284.0 861.122
285.0 863.683
286.0 866.962
287.0 871.3575
288.0 873.923
289.0 876.941
290.0 879.6825
291.0 882.2655
292.0 887.101
293.0 891.0615
294.0 895.422
295.0 897.1185
296.0 897.889
297.0 903.4185
298.0 907.078
299.0 908.7075
300.0 912.0
301.0 914.592
302.0 919.5155
303.0 921.449
304.0 925.0515
305.0 929.013
306.0 931.489
307.0 936.015
308.0 937.6755
309.0 941.229
310.0 944.2095
311.0 947.2935
312.0 949.8655
313.0 955.439
314.0 957.4925
315.0 960.7675
316.0 963.562
317.0 968.6925
318.0 969.7245
319.0 972.5605
320.0 977.101
321.0 980.1825
322.0 982.658
323.0 985.5145
324.0 990.6165
325.0 992.4445
326.0 995.466
327.0 998.847
328.0 1004.2145
329.0 1005.1165
330.0 1008.916
331.0 1012.595
332.0 1013.664
333.0 1020.9595
334.0 1022.9735
335.0 1024.751
336.0 1028.1545
337.0 1029.9155
338.0 1034.1725
339.0 1037.5515
340.0 1041.07
341.0 1042.533
342.0 1046.119
343.0 1049.3145
344.0 1054.814
345.0 1056.959
346.0 1061.133
347.0 1061.943
348.0 1065.508
349.0 1069.776
350.0 1071.3595
351.0 1077.2425
352.0 1078.7095
353.0 1083.091
354.0 1088.399
355.0 1090.671
356.0 1092.7415
357.0 1095.0425
358.0 1098.3875
359.0 1102.495
360.0 1105.902
361.0 1108.7625
362.0 1112.1115
363.0 1115.113
364.0 1117.0935
365.0 1122.434
366.0 1124.9545
367.0 1129.2555
368.0 1129.8095
369.0 1134.2755
370.0 1139.072
371.0 1141.719
372.0 1143.445
373.0 1147.0245
374.0 1150.337
375.0 1156.159
376.0 1157.238
377.0 1160.4115
378.0 1162.816
379.0 1167.6085
380.0 1169.9615
381.0 1172.6105
382.0 1174.9795
383.0 1177.984
384.0 1182.748
385.0 1186.294
386.0 1187.7705
387.0 1192.49
388.0 1194.666
389.0 1198.2375
390.0 1201.8515
391.0 1205.348
392.0 1208.4035
393.0 1211.8525
394.0 1215.063
395.0 1216.6855
396.0 1221.4045
397.0 1222.76
398.0 1227.694
399.0 1229.6435
400.0 1234.242
401.0 1237.2815
402.0 1239.6795
403.0 1242.402
404.0 1247.029
405.0 1248.686
406.0 1253.431
407.0 1256.909
408.0 1260.141
409.0 1262.7785
410.0 1266.953
411.0 1268.2215
412.0 1272.53
413.0 1276.169
414.0 1278.7075
415.0 1280.252
416.0 1284.596
417.0 1289.0545
418.0 1292.718
419.0 1295.8705
420.0 1297.1355
421.0 1300.0565
422.0 1305.4785
423.0 1308.334
424.0 1310.5985
425.0 1314.1675
426.0 1316.593
427.0 1319.368
428.0 1323.042
429.0 1327.0355
430.0 1329.8155
431.0 1333.417
432.0 1338.021
433.0 1340.671
434.0 1343.8075
435.0 1346.9165
436.0 1349.331
437.0 1354.477
438.0 1357.864
439.0 1358.496
440.0 1362.3525
441.0 1365.4495
442.0 1367.9045
443.0 1372.2275
444.0 1374.9565
445.0 1376.9805
446.0 1379.778
447.0 1385.918
448.0 1388.162
449.0 1391.4135
450.0 1394.8655
451.0 1395.9025
452.0 1400.3605
453.0 1404.84
454.0 1406.688
455.0 1409.4055
456.0 1413.24
457.0 1416.0505
458.0 1421.083
459.0 1424.0985
460.0 1425.735
461.0 1430.4265
462.0 1432.9535
463.0 1437.0135
464.0 1439.0115
465.0 1444.207
466.0 1445.2395
467.0 1448.284
468.0 1452.462
469.0 1453.644
470.0 1460.168
471.0 1461.4005
472.0 1464.757
473.0 1467.0105
474.0 1472.935
475.0 1474.6705
476.0 1477.573
477.0 1480.5635
478.0 1483.76
479.0 1486.933
480.0 1490.327
481.0 1494.9935
482.0 1498.4855
483.0 1503.1
484.0 1502.6995
485.0 1506.7685
486.0 1510.1845
487.0 1514.345
488.0 1516.445
489.0 1519.2045
490.0 1523.6605
491.0 1526.187
492.0 1530.114
493.0 1532.404
494.0 1535.797
495.0 1537.986
496.0 1540.7905
497.0 1544.4455
498.0 1550.8495
499.0 1551.293
500.0 1554.106
501.0 1558.74
502.0 1561.6115
503.0 1565.684
504.0 1567.6535
505.0 1571.1555
506.0 1575.419
507.0 1578.694
508.0 1579.3015
509.0 1584.2725
510.0 1585.5455
511.0 1590.37
512.0 1595.6155
513.0 1596.9515
514.0 1598.5645
515.0 1606.016
516.0 1605.622
517.0 1611.688
518.0 1611.9895
519.0 1616.3185
520.0 1618.524
521.0 1620.415
522.0 1625.222
523.0 1627.9455
524.0 1631.5325
525.0 1635.167
526.0 1638.654
527.0 1643.378
528.0 1645.655
529.0 1648.2825
530.0 1651.608
531.0 1655.0045
532.0 1660.1425
533.0 1662.5795
534.0 1662.309
535.0 1667.7215
536.0 1670.3945
537.0 1673.986
538.0 1677.2865
539.0 1680.2275
540.0 1684.782
541.0 1686.144
542.0 1693.3775
543.0 1693.271
544.0 1697.567
545.0 1698.977
546.0 1702.888
547.0 1706.186
548.0 1709.4475
549.0 1711.653
550.0 1715.99
551.0 1718.9365
552.0 1721.0635
553.0 1725.8295
554.0 1728.036
555.0 1732.087
556.0 1733.2625
557.0 1736.8395
558.0 1739.844
559.0 1742.92
560.0 1748.24
561.0 1749.6035
562.0 1752.4695
563.0 1759.5235
564.0 1761.4915
565.0 1763.1495
566.0 1768.0735
567.0 1769.3205
568.0 1773.262
569.0 1775.1975
570.0 1780.4405
571.0 1782.741
572.0 1784.6635
573.0 1790.589
574.0 1792.219
575.0 1795.1965
576.0 1797.3695
577.0 1800.247
578.0 1807.831
579.0 1806.4505
580.0 1811.235
581.0 1814.7185
582.0 1816.178
583.0 1822.114
584.0 1823.297
585.0 1827.492
586.0 1830.768
587.0 1835.2765
588.0 1838.837
589.0 1841.049
590.0 1843.577
591.0 1846.164
592.0 1849.118
593.0 1854.562
594.0 1856.1885
595.0 1860.6315
596.0 1863.236
597.0 1866.5955
598.0 1869.3735
599.0 1872.146
600.0 1875.8845
601.0 1878.504
602.0 1882.7515
603.0 1886.659
604.0 1888.2125
605.0 1892.8675
606.0 1894.476
607.0 1897.039
608.0 1900.645
609.0 1905.8595
610.0 1907.916
611.0 1912.105
612.0 1914.8045
613.0 1918.315
614.0 1920.29
615.0 1924.4605
616.0 1927.861
617.0 1930.6475
618.0 1933.8835
619.0 1936.193
620.0 1939.3225
621.0 1944.432
622.0 1947.4085
623.0 1949.697
624.0 1951.8345
625.0 1957.3665
626.0 1959.6595
627.0 1961.8095
628.0 1966.816
629.0 1969.8365
630.0 1972.071
631.0 1975.394
632.0 1976.479
633.0 1982.735
634.0 1985.9875
635.0 1991.0425
636.0 1992.579
637.0 1993.058
638.0 1998.156
639.0 2000.7505
640.0 2004.7265
641.0 2006.3715
642.0 2009.2215
643.0 2011.367
644.0 2018.679
645.0 2020.0415
646.0 2024.6845
647.0 2027.046
648.0 2030.915
649.0 2034.7065
650.0 2035.312
651.0 2040.282
652.0 2044.875
653.0 2045.948
654.0 2050.597
655.0 2052.642
656.0 2055.2695
657.0 2061.5895
658.0 2061.5705
659.0 2064.7935
660.0 2067.916
661.0 2072.609
662.0 2074.593
663.0 2079.083
664.0 2082.92
665.0 2084.4065
666.0 2088.4285
667.0 2091.3995
668.0 2090.7695
669.0 2098.124
670.0 2101.4515
671.0 2103.295
672.0 2105.8475
673.0 2111.1595
674.0 2111.867
675.0 2115.9595
676.0 2121.5355
677.0 2122.8785
678.0 2126.5195
679.0 2129.264
680.0 2131.6065
681.0 2137.503
682.0 2137.6645
683.0 2144.855
684.0 2145.031
685.0 2148.097
686.0 2153.1765
687.0 2155.386
688.0 2156.547
689.0 2159.746
690.0 2164.5275
691.0 2169.2545
692.0 2170.6825
693.0 2174.613
694.0 2177.8325
695.0 2181.6265
696.0 2183.175
697.0 2188.0985
698.0 2187.4615
699.0 2194.0885
700.0 2198.3625
701.0 2203.205
702.0 2204.4615
703.0 2206.5175
704.0 2211.387
705.0 2213.486
706.0 2217.172
707.0 2219.318
708.0 2224.239
709.0 2226.814
710.0 2228.2945
711.0 2233.6545
712.0 2235.5635
713.0 2237.69
714.0 2241.4705
715.0 2246.662
716.0 2248.916
717.0 2253.122
718.0 2254.263
719.0 2260.06
720.0 2261.113
721.0 2265.7005
722.0 2268.713
723.0 2271.235
724.0 2274.637
725.0 2279.982
726.0 2279.6675
727.0 2285.399
728.0 2288.1555
729.0 2287.74
730.0 2294.6525
731.0 2296.622
732.0 2300.9655
733.0 2304.013
734.0 2308.3265
735.0 2310.0595
736.0 2311.431
737.0 2315.6815
738.0 2318.88
739.0 2321.3885
740.0 2327.4195
741.0 2328.8545
742.0 2331.1
743.0 2334.794
744.0 2335.159
745.0 2342.2
746.0 2344.5965
747.0 2346.5525
748.0 2350.1315
749.0 2354.69
750.0 2358.7815
751.0 2358.877
752.0 2364.939
753.0 2367.0555
754.0 2368.651
755.0 2373.564
756.0 2378.2755
757.0 2380.892
758.0 2381.996
759.0 2386.779
760.0 2390.0305
761.0 2393.736
762.0 2394.949
763.0 2399.605
764.0 2401.845
765.0 2406.481
766.0 2409.8615
767.0 2412.2305
768.0 2416.598
769.0 2418.6465
770.0 2420.642
771.0 2427.9255
772.0 2427.559
773.0 2432.4035
774.0 2435.279
775.0 2439.0155
776.0 2443.0865
777.0 2443.0125
778.0 2447.848
779.0 2453.227
780.0 2454.802
781.0 2456.006
782.0 2459.722
783.0 2462.256
784.0 2468.0745
785.0 2470.0545
786.0 2473.027
787.0 2474.4995
788.0 2478.592
789.0 2481.3945
790.0 2486.001
791.0 2491.263
792.0 2494.559
793.0 2496.5855
794.0 2500.379
795.0 2500.9275
796.0 2502.8865
797.0 2510.219
798.0 2512.761
799.0 2512.737
800.0 2517.052
801.0 2520.9805
802.0 2523.118
803.0 2528.4655
804.0 2530.6955
805.0 2531.5835
806.0 2537.8915
807.0 2541.437
808.0 2544.984
809.0 2544.39
810.0 2548.471
811.0 2554.774
812.0 2556.1025
813.0 2560.8135
814.0 2563.1255
815.0 2566.439
816.0 2567.3255
817.0 2574.3855
818.0 2575.8065
819.0 2580.727
820.0 2583.4745
821.0 2587.0885
822.0 2587.778
823.0 2593.672
824.0 2594.1325
825.0 2598.8935
826.0 2601.4655
827.0 2604.585
828.0 2609.053
829.0 2610.941
830.0 2615.7095
831.0 2616.3635
832.0 2621.9225
833.0 2625.109
834.0 2627.3225
835.0 2630.8765
836.0 2632.3555
837.0 2635.207
838.0 2640.0495
839.0 2643.521
840.0 2647.7715
841.0 2649.2915
842.0 2655.287
843.0 2656.1045
844.0 2659.3715
845.0 2663.6405
846.0 2663.744
847.0 2670.5755
848.0 2673.0005
849.0 2675.6465
850.0 2678.6705
851.0 2682.118
852.0 2683.7895
853.0 2687.9145
854.0 2693.8305
855.0 2697.076
856.0 2697.6605
857.0 2699.0815
858.0 2705.622
859.0 2709.682
860.0 2713.2245
861.0 2714.272
862.0 2720.099
863.0 2721.6065
864.0 2724.5215
865.0 2725.422
866.0 2727.804
867.0 2732.6355
868.0 2738.463
869.0 2737.8775
870.0 2741.996
871.0 2746.1095
872.0 2750.2785
873.0 2752.922
874.0 2756.9535
875.0 2759.216
876.0 2761.214
877.0 2766.877
878.0 2768.266
879.0 2771.756
880.0 2774.4995
881.0 2779.7575
882.0 2782.9205
883.0 2787.557
884.0 2788.946
885.0 2792.842
886.0 2794.3805
887.0 2798.8145
888.0 2802.525
889.0 2805.2535
890.0 2810.4215
891.0 2808.899
892.0 2816.5625
893.0 2818.0545
894.0 2821.7595
895.0 2823.1945
896.0 2828.0985
897.0 2827.924
898.0 2835.7885
899.0 2837.8445
900.0 2842.708
901.0 2841.2595
902.0 2845.3255
903.0 2848.812
904.0 2851.3345
905.0 2856.334
906.0 2858.8915
907.0 2863.2435
908.0 2864.676
909.0 2867.1165
910.0 2874.0305
911.0 2877.217
912.0 2880.398
913.0 2882.526
914.0 2884.643
915.0 2887.91
916.0 2891.7975
917.0 2897.112
918.0 2897.414
919.0 2899.431
920.0 2903.131
921.0 2907.4785
922.0 2910.649
923.0 2913.8465
924.0 2917.9085
925.0 2920.391
926.0 2922.4875
927.0 2926.7415
928.0 2927.233
929.0 2930.494
930.0 2935.658
931.0 2939.222
932.0 2945.29
933.0 2945.307
934.0 2948.865
935.0 2953.789
936.0 2954.319
937.0 2957.877
938.0 2960.511
939.0 2965.671
940.0 2968.4
941.0 2971.127
942.0 2974.8355
943.0 2978.2385
944.0 2980.5785
945.0 2982.72
946.0 2985.416
947.0 2990.129
948.0 2994.6725
949.0 2994.793
950.0 3002.127
951.0 3004.5415
952.0 3005.0585
953.0 3012.5395
954.0 3013.65
955.0 3015.1885
956.0 3021.157
957.0 3026.4595
958.0 3025.2325
959.0 3030.039
960.0 3032.355
961.0 3035.2525
962.0 3039.8345
963.0 3042.7335
964.0 3046.9405
965.0 3047.596
966.0 3050.528
967.0 3054.358
968.0 3060.62
969.0 3060.9335
970.0 3063.412
971.0 3067.555
972.0 3071.984
973.0 3074.439
974.0 3078.95
975.0 3081.7375
976.0 3085.1205
977.0 3084.8165
978.0 3088.9125
979.0 3091.697
980.0 3097.0965
981.0 3100.578
982.0 3104.362
983.0 3106.006
984.0 3108.1355
985.0 3110.9595
986.0 3118.3765
987.0 3120.5215
988.0 3120.5365
989.0 3124.973
990.0 3128.1615
991.0 3132.172
992.0 3135.3745
993.0 3137.698
994.0 3143.1725
995.0 3144.6875
996.0 3148.39
997.0 3150.889
998.0 3155.3095
999.0 3158.564
1000.0 3159.4435
