1.0 64.0
2.0 64.176
3.0 64.792
4.0 65.464
5.0 66.544
6.0 67.496
7.0 69.472
8.0 70.568
9.0 71.888
10.0 73.992
11.0 75.12
12.0 76.656
13.0 78.04
14.0 80.176
15.0 81.64
16.0 82.744
17.0 84.632
18.0 86.128
19.0 88.032
20.0 89.6
21.0 90.944
22.0 93.44
23.0 95.112
24.0 97.36
25.0 100.12
26.0 102.632
27.0 107.768
28.0 110.944
29.0 112.264
30.0 113.888
31.0 115.968
32.0 117.152
33.0 119.768
34.0 121.272
35.0 123.696
36.0 128.136
37.0 133.2
38.0 139.296
39.0 144.64
40.0 148.376
41.0 151.096
42.0 152.6
43.0 155.456
44.0 157.672
45.0 159.296
46.0 161.28
47.0 163.712
48.0 165.304
49.0 167.352
50.0 169.64
51.0 171.688
52.0 173.824
53.0 176.312
54.0 178.808
55.0 181.688
56.0 184.672
57.0 186.448
58.0 189.376
59.0 192.8
60.0 196.16
61.0 199.392
62.0 203.28
63.0 206.808
64.0 210.408
65.0 214.232
66.0 216.904
67.0 221.208
68.0 225.176
69.0 228.08
70.0 232.528
71.0 236.224
72.0 242.336
73.0 246.952
74.0 252.688
75.0 257.32
76.0 262.152
77.0 267.368
78.0 270.76
79.0 274.304
80.0 276.92
81.0 280.464
82.0 283.904
83.0 285.616
84.0 287.576
85.0 290.696
86.0 291.672
87.0 294.248
88.0 295.68
89.0 298.288
90.0 300.496
91.0 302.152
92.0 304.296
93.0 307.584
94.0 309.056
95.0 311.08
96.0 314.64
97.0 315.776
98.0 319.328
99.0 321.824
100.0 323.352
101.0 327.848
102.0 329.992
103.0 332.712
104.0 336.08
105.0 338.088
106.0 341.24
107.0 345.232
108.0 349.28
109.0 351.552
110.0 355.688
111.0 358.816
112.0 363.392
113.0 369.728
114.0 373.448
115.0 379.184
116.0 386.352
117.0 392.032
118.0 396.168
119.0 402.496
120.0 407.4
121.0 413.272
122.0 417.856
123.0 420.56
124.0 425.904
125.0 428.648
126.0 431.264
127.0 436.296
128.0 437.464
129.0 443.784
130.0 446.408
131.0 451.28
132.0 453.832
133.0 457.92
134.0 461.104
135.0 463.656
136.0 468.448
137.0 471.864
138.0 475.728
139.0 480.472
140.0 485.4
141.0 488.52
142.0 494.68
143.0 500.968
144.0 503.832
145.0 510.488
146.0 515.528
147.0 520.64
148.0 525.0
149.0 526.68
150.0 530.24
151.0 533.232
152.0 534.624
153.0 537.808
154.0 538.48
155.0 541.856
156.0 543.448
157.0 543.856
158.0 546.2
159.0 547.24
160.0 549.304
161.0 551.296
162.0 553.216
163.0 553.968
164.0 556.808
165.0 558.248
166.0 558.72
167.0 561.152
168.0 563.128
169.0 564.408
170.0 566.704
171.0 568.792
172.0 571.008
173.0 573.12
174.0 574.352
175.0 576.672
176.0 578.8
177.0 580.312
178.0 583.584
179.0 584.64
180.0 587.272
181.0 589.792
182.0 593.12
183.0 595.488
184.0 598.808
185.0 600.592
186.0 605.264
187.0 606.36
188.0 609.912
189.0 613.432
190.0 616.6
191.0 621.264
192.0 623.304
193.0 626.216
194.0 628.512
195.0 632.824
196.0 636.304
197.0 638.696
198.0 642.624
199.0 645.848
200.0 649.184
201.0 652.584
202.0 656.232
203.0 660.272
204.0 664.264
205.0 666.064
206.0 672.968
207.0 676.056
208.0 679.984
209.0 685.312
210.0 689.392
211.0 694.92
212.0 699.496
213.0 705.88
214.0 712.28
215.0 715.088
216.0 718.48
217.0 723.2
218.0 726.232
219.0 731.504
220.0 735.912
221.0 738.264
222.0 740.512
223.0 744.584
224.0 749.08
225.0 752.336
226.0 753.848
227.0 758.384
228.0 762.656
229.0 763.68
230.0 769.064
231.0 770.08
232.0 773.8
233.0 776.088
234.0 779.56
235.0 780.728
236.0 784.6
237.0 787.784
238.0 788.472
239.0 791.336
240.0 793.616
241.0 795.888
242.0 797.584
243.0 800.0
244.0 801.232
245.0 803.512
246.0 804.32
247.0 806.568
248.0 807.784
249.0 809.848
250.0 811.408
251.0 814.024
252.0 814.728
253.0 817.2
254.0 818.216
255.0 820.584
256.0 822.104
257.0 823.392
258.0 825.368
259.0 827.152
260.0 829.152
261.0 830.984
262.0 832.904
263.0 835.928
264.0 839.032
265.0 839.592
266.0 842.376
267.0 843.624
268.0 847.528
269.0 849.904
270.0 852.376
271.0 852.168
272.0 855.232
273.0 860.816
274.0 861.168
275.0 864.328
276.0 868.344
277.0 871.224
278.0 872.056
279.0 876.416
280.0 878.456
281.0 882.56
282.0 885.408
283.0 889.048
284.0 893.048
285.0 897.016
286.0 899.104
287.0 903.296
288.0 905.448
289.0 908.56
290.0 913.32
291.0 916.112
292.0 922.104
293.0 926.952
294.0 928.232
295.0 930.4
296.0 939.416
297.0 941.736
298.0 944.808
299.0 948.968
300.0 954.328
301.0 959.672
302.0 961.552
303.0 966.968
304.0 972.72
305.0 976.248
306.0 978.64
307.0 983.168
308.0 988.192
309.0 990.904
310.0 994.256
311.0 997.648
312.0 1001.728
313.0 1007.24
314.0 1008.224
315.0 1011.992
316.0 1015.776
317.0 1019.696
318.0 1022.536
319.0 1026.168
320.0 1027.616
321.0 1029.16
322.0 1033.688
323.0 1037.096
324.0 1038.472
325.0 1040.184
326.0 1043.936
327.0 1046.512
328.0 1049.184
329.0 1050.928
330.0 1052.744
331.0 1056.008
332.0 1057.864
333.0 1058.168
334.0 1062.032
335.0 1062.952
336.0 1064.152
337.0 1065.576
338.0 1068.744
339.0 1070.784
340.0 1072.536
341.0 1075.176
342.0 1074.608
343.0 1080.224
344.0 1079.944
345.0 1081.664
346.0 1083.536
347.0 1085.016
348.0 1088.52
349.0 1091.704
350.0 1093.32
351.0 1095.328
352.0 1096.84
353.0 1100.28
354.0 1102.832
355.0 1105.84
356.0 1109.672
357.0 1110.032
358.0 1111.712
359.0 1116.912
360.0 1118.816
361.0 1121.36
362.0 1125.16
363.0 1129.976
364.0 1131.608
365.0 1135.296
366.0 1137.024
367.0 1142.176
368.0 1144.984
369.0 1149.96
370.0 1151.832
371.0 1154.952
372.0 1161.4
373.0 1163.72
374.0 1168.36
375.0 1171.448
376.0 1174.208
377.0 1179.544
378.0 1184.096
379.0 1187.848
380.0 1193.088
381.0 1198.432
382.0 1201.72
383.0 1207.816
384.0 1211.688
385.0 1213.008
386.0 1220.64
387.0 1225.2
388.0 1226.704
389.0 1231.584
390.0 1238.584
391.0 1242.664
392.0 1246.504
393.0 1249.552
394.0 1255.336
395.0 1257.464
396.0 1259.288
397.0 1263.256
398.0 1268.088
399.0 1272.4
400.0 1274.352
401.0 1277.728
402.0 1281.408
403.0 1285.032
404.0 1286.496
405.0 1290.072
406.0 1294.552
407.0 1297.352
408.0 1299.232
409.0 1300.664
410.0 1301.968
411.0 1306.784
412.0 1306.568
413.0 1311.424
414.0 1313.176
415.0 1315.784
416.0 1319.44
417.0 1320.52
418.0 1322.792
419.0 1326.672
420.0 1328.256
421.0 1330.36
422.0 1331.36
423.0 1336.296
424.0 1337.392
425.0 1337.888
426.0 1341.424
427.0 1344.28
428.0 1346.672
429.0 1350.504
430.0 1351.704
431.0 1355.616
432.0 1358.416
433.0 1359.328
434.0 1362.8
435.0 1365.952
436.0 1369.56
437.0 1371.872
438.0 1376.664
439.0 1379.488
440.0 1383.168
441.0 1388.208
442.0 1389.424
443.0 1393.44
444.0 1396.872
445.0 1403.0
446.0 1403.632
447.0 1407.944
448.0 1412.296
449.0 1415.568
450.0 1421.976
451.0 1422.224
452.0 1429.712
453.0 1434.584
454.0 1439.16
455.0 1445.376
456.0 1447.272
457.0 1452.12
458.0 1458.72
459.0 1462.56
460.0 1467.024
461.0 1471.328
462.0 1476.976
463.0 1481.704
464.0 1485.112
465.0 1491.784
466.0 1495.848
467.0 1496.992
468.0 1505.672
469.0 1509.136
470.0 1512.72
471.0 1514.52
472.0 1522.96
473.0 1524.656
474.0 1528.336
475.0 1533.448
476.0 1535.744
477.0 1539.16
478.0 1542.088
479.0 1547.576
480.0 1548.336
481.0 1553.4
482.0 1557.136
483.0 1559.416
484.0 1562.896
485.0 1563.536
486.0 1569.232
487.0 1571.944
488.0 1571.232
489.0 1578.152
490.0 1579.52
491.0 1581.84
492.0 1587.128
493.0 1586.696
494.0 1589.232
495.0 1594.808
496.0 1597.648
497.0 1597.848
498.0 1601.984
499.0 1603.088
500.0 1608.4
501.0 1610.288
502.0 1611.048
503.0 1620.096
504.0 1618.824
505.0 1622.904
506.0 1626.752
507.0 1628.712
508.0 1635.52
509.0 1637.744
510.0 1642.176
511.0 1645.552
512.0 1650.384
513.0 1655.056
514.0 1661.0
515.0 1664.08
516.0 1671.24
517.0 1671.152
518.0 1675.968
519.0 1680.6
520.0 1685.96
521.0 1690.4
522.0 1696.544
523.0 1703.496
524.0 1704.608
525.0 1711.88
526.0 1718.592
527.0 1723.272
528.0 1727.464
529.0 1735.472
530.0 1737.416
531.0 1743.56
532.0 1747.864
533.0 1753.688
534.0 1757.216
535.0 1762.864
536.0 1768.976
537.0 1770.944
538.0 1776.248
539.0 1780.8
540.0 1783.968
541.0 1788.2
542.0 1792.632
543.0 1797.688
544.0 1802.096
545.0 1804.16
546.0 1809.616
547.0 1812.536
548.0 1817.584
549.0 1820.76
550.0 1823.464
551.0 1826.68
552.0 1827.896
553.0 1832.072
554.0 1838.296
555.0 1839.656
556.0 1844.576
557.0 1847.064
558.0 1849.824
559.0 1853.456
560.0 1857.288
561.0 1858.568
562.0 1864.448
563.0 1866.8
564.0 1870.504
565.0 1873.344
566.0 1879.368
567.0 1880.944
568.0 1889.12
569.0 1890.064
570.0 1892.496
571.0 1897.128
572.0 1904.168
573.0 1905.008
574.0 1911.376
575.0 1918.032
576.0 1923.36
577.0 1927.784
578.0 1933.72
579.0 1939.168
580.0 1943.864
581.0 1950.688
582.0 1955.408
583.0 1959.016
584.0 1963.552
585.0 1970.752
586.0 1975.544
587.0 1982.0
588.0 1991.44
589.0 1991.128
590.0 2000.584
591.0 2004.728
592.0 2011.864
593.0 2013.608
594.0 2019.664
595.0 2025.784
596.0 2031.128
597.0 2037.0
598.0 2040.408
599.0 2046.032
600.0 2049.376
601.0 2054.872
602.0 2059.16
603.0 2064.16
604.0 2067.44
605.0 2073.544
606.0 2075.192
607.0 2081.472
608.0 2083.704
609.0 2085.84
610.0 2091.12
611.0 2096.336
612.0 2099.528
613.0 2104.672
614.0 2107.056
615.0 2110.176
616.0 2115.04
617.0 2118.664
618.0 2124.36
619.0 2126.888
620.0 2132.288
621.0 2138.568
622.0 2139.568
623.0 2143.832
624.0 2150.072
625.0 2155.248
626.0 2162.008
627.0 2163.696
628.0 2167.824
629.0 2175.448
630.0 2179.96
631.0 2185.424
632.0 2191.824
633.0 2197.608
634.0 2205.304
635.0 2210.32
636.0 2218.336
637.0 2223.952
638.0 2226.952
639.0 2236.752
640.0 2240.432
641.0 2248.48
642.0 2253.72
643.0 2260.264
644.0 2266.376
645.0 2271.416
646.0 2277.928
647.0 2280.752
648.0 2287.96
649.0 2293.104
650.0 2299.264
651.0 2304.56
652.0 2311.096
653.0 2315.88
654.0 2320.384
655.0 2324.696
656.0 2329.856
657.0 2335.432
658.0 2339.176
659.0 2345.336
660.0 2345.272
661.0 2350.096
662.0 2356.616
663.0 2359.824
664.0 2364.64
665.0 2368.648
666.0 2372.712
667.0 2377.44
668.0 2384.936
669.0 2389.528
670.0 2393.376
671.0 2397.968
672.0 2402.72
673.0 2410.408
674.0 2414.968
675.0 2422.168
676.0 2428.136
677.0 2435.968
678.0 2440.04
679.0 2447.264
680.0 2452.84
681.0 2456.656
682.0 2467.808
683.0 2471.256
684.0 2480.488
685.0 2484.256
686.0 2493.792
687.0 2502.04
688.0 2507.096
689.0 2510.736
690.0 2516.664
691.0 2522.344
692.0 2532.064
693.0 2537.448
694.0 2542.288
695.0 2548.16
696.0 2552.904
697.0 2560.856
698.0 2564.88
699.0 2572.992
700.0 2578.424
701.0 2582.488
702.0 2589.6
703.0 2593.768
704.0 2599.8
705.0 2603.544
706.0 2609.808
707.0 2615.24
708.0 2620.784
709.0 2622.92
710.0 2631.0
711.0 2635.704
712.0 2643.816
713.0 2647.488
714.0 2651.312
715.0 2660.392
716.0 2663.664
717.0 2671.24
718.0 2678.344
719.0 2684.568
720.0 2691.072
721.0 2699.2
722.0 2706.456
723.0 2708.576
724.0 2719.24
725.0 2725.656
726.0 2729.008
727.0 2736.096
728.0 2740.752
729.0 2751.6
730.0 2758.784
731.0 2769.136
732.0 2776.944
733.0 2783.152
734.0 2785.624
735.0 2791.584
736.0 2800.112
737.0 2805.176
738.0 2812.272
739.0 2818.56
740.0 2827.888
741.0 2832.312
742.0 2839.856
743.0 2844.536
744.0 2850.272
745.0 2854.16
746.0 2861.696
747.0 2868.832
748.0 2877.888
749.0 2878.56
750.0 2885.272
751.0 2895.008
752.0 2898.104
753.0 2908.216
754.0 2911.672
755.0 2917.704
756.0 2927.624
757.0 2933.08
758.0 2939.984
759.0 2947.52
760.0 2956.44
761.0 2959.944
762.0 2969.232
763.0 2977.632
764.0 2982.776
765.0 2996.368
766.0 2998.72
767.0 3007.248
768.0 3012.224
769.0 3020.432
770.0 3026.104
771.0 3039.952
772.0 3041.416
773.0 3054.84
774.0 3058.976
775.0 3067.744
776.0 3074.256
777.0 3077.152
778.0 3088.208
779.0 3095.16
780.0 3100.28
781.0 3110.584
782.0 3116.184
783.0 3119.968
784.0 3127.912
785.0 3133.448
786.0 3140.104
787.0 3148.56
788.0 3156.344
789.0 3160.392
790.0 3166.92
791.0 3178.048
792.0 3185.6
793.0 3192.944
794.0 3201.256
795.0 3211.064
796.0 3213.984
797.0 3223.0
798.0 3228.904
799.0 3239.208
800.0 3248.368
801.0 3253.88
802.0 3265.488
803.0 3267.488
804.0 3281.984
805.0 3284.888
806.0 3298.192
807.0 3299.632
808.0 3310.168
809.0 3320.704
810.0 3323.16
811.0 3336.752
812.0 3344.232
813.0 3347.792
814.0 3359.528
815.0 3367.992
816.0 3373.24
817.0 3381.008
818.0 3384.224
819.0 3397.216
820.0 3401.824
821.0 3411.608
822.0 3419.776
823.0 3429.96
824.0 3431.896
825.0 3442.304
826.0 3455.992
827.0 3460.152
828.0 3467.408
829.0 3475.952
830.0 3482.736
831.0 3495.336
832.0 3500.52
833.0 3511.992
834.0 3514.864
835.0 3526.728
836.0 3537.832
837.0 3544.784
838.0 3554.848
839.0 3565.36
840.0 3570.896
841.0 3581.168
842.0 3585.576
843.0 3596.888
844.0 3607.616
845.0 3612.696
846.0 3623.792
847.0 3623.992
848.0 3636.472
849.0 3646.336
850.0 3653.672
851.0 3663.904
852.0 3671.56
853.0 3683.184
854.0 3688.328
855.0 3696.016
856.0 3705.392
857.0 3717.056
858.0 3726.864
859.0 3734.568
860.0 3743.136
861.0 3755.528
862.0 3761.528
863.0 3770.576
864.0 3781.728
865.0 3789.736
866.0 3800.8
867.0 3809.344
868.0 3814.96
869.0 3827.704
870.0 3835.584
871.0 3844.44
872.0 3854.488
873.0 3864.136
874.0 3872.632
875.0 3880.952
876.0 3891.456
877.0 3902.816
878.0 3906.0
879.0 3919.84
880.0 3924.192
881.0 3935.072
882.0 3947.032
883.0 3953.68
884.0 3964.984
885.0 3976.52
886.0 3978.64
887.0 3991.848
888.0 4001.736
889.0 4012.816
890.0 4025.448
891.0 4032.688
892.0 4041.232
893.0 4050.456
894.0 4059.56
895.0 4069.456
896.0 4081.376
897.0 4094.024
898.0 4096.344
899.0 4110.52
900.0 4119.984
901.0 4132.304
902.0 4140.52
903.0 4152.08
904.0 4165.352
905.0 4171.376
906.0 4180.776
907.0 4188.416
908.0 4200.552
909.0 4210.624
910.0 4224.984
911.0 4233.136
912.0 4243.952
913.0 4254.064
914.0 4261.832
915.0 4269.832
916.0 4281.976
917.0 4295.64
918.0 4302.04
919.0 4311.776
920.0 4325.592
921.0 4339.768
922.0 4345.184
923.0 4355.352
924.0 4367.04
925.0 4377.096
926.0 4388.424
927.0 4399.832
928.0 4411.952
929.0 4424.896
930.0 4435.616
931.0 4441.544
932.0 4455.2
933.0 4465.664
934.0 4474.32
935.0 4486.64
936.0 4494.288
937.0 4515.464
938.0 4519.68
939.0 4528.92
940.0 4541.712
941.0 4553.424
942.0 4565.752
943.0 4579.848
944.0 4585.608
945.0 4595.584
946.0 4608.92
947.0 4625.464
948.0 4630.976
949.0 4641.312
950.0 4657.064
951.0 4668.072
952.0 4677.704
953.0 4690.4
954.0 4700.104
955.0 4714.064
956.0 4722.28
957.0 4738.184
958.0 4746.168
959.0 4760.64
960.0 4770.592
961.0 4779.016
962.0 4792.584
963.0 4804.848
964.0 4813.752
965.0 4828.168
966.0 4839.352
967.0 4853.768
968.0 4865.936
969.0 4885.704
970.0 4894.232
971.0 4899.216
972.0 4910.144
973.0 4927.104
974.0 4938.632
975.0 4951.296
976.0 4958.712
977.0 4975.08
978.0 4990.528
979.0 5009.384
980.0 5014.488
981.0 5023.328
982.0 5037.72
983.0 5046.584
984.0 5057.432
985.0 5072.104
986.0 5089.104
987.0 5100.832
988.0 5110.152
989.0 5132.568
990.0 5137.584
991.0 5152.616
992.0 5167.936
993.0 5179.072
994.0 5187.984
995.0 5207.536
996.0 5216.152
997.0 5229.336
998.0 5241.896
999.0 5254.472
1000.0 5270.264
