1.0 64.0
2.0 64.0735
3.0 64.204
4.0 64.416
5.0 64.6185
6.0 65.0325
7.0 65.3835
8.0 65.9585
9.0 66.351
10.0 67.055
11.0 67.777
12.0 68.4975
13.0 69.1445
14.0 70.2645
15.0 71.1545
16.0 72.174
17.0 73.455
18.0 74.3685
19.0 75.7475
20.0 76.9765
21.0 78.419
22.0 79.5935
23.0 81.4975
24.0 82.305
25.0 84.2575
26.0 86.241
27.0 87.5795
28.0 88.944
29.0 90.7865
30.0 92.373
31.0 94.0385
32.0 96.1855
33.0 97.345
34.0 99.537
35.0 101.473
36.0 103.557
37.0 105.548
38.0 107.892
39.0 109.7515
40.0 111.7895
41.0 114.2065
42.0 116.2095
43.0 117.8545
44.0 120.452
45.0 122.977
46.0 125.325
47.0 127.587
48.0 129.8925
49.0 131.546
50.0 134.48
51.0 136.6885
52.0 139.6305
53.0 141.753
54.0 144.3565
55.0 147.0995
56.0 149.083
57.0 152.0245
58.0 154.6945
59.0 156.94
60.0 159.814
61.0 162.552
62.0 165.701
63.0 167.769
64.0 171.077
65.0 173.782
66.0 176.137
67.0 178.753
68.0 180.8835
69.0 184.4575
70.0 186.584
71.0 189.171
72.0 192.0165
73.0 194.853
74.0 198.056
75.0 200.8
76.0 204.7145
77.0 206.8605
78.0 210.154
79.0 212.423
80.0 215.52
81.0 218.8825
82.0 221.265
83.0 225.59
84.0 226.8415
85.0 230.1565
86.0 233.359
87.0 236.0255
88.0 239.1695
89.0 242.6345
90.0 245.94
91.0 247.6835
92.0 251.0555
93.0 254.2755
94.0 257.249
95.0 260.577
96.0 262.8455
97.0 266.406
98.0 269.402
99.0 272.0425
100.0 275.998
101.0 279.021
102.0 281.1035
103.0 283.9945
104.0 288.008
105.0 289.9735
106.0 294.2395
107.0 297.0315
108.0 300.1275
109.0 302.7635
110.0 306.134
111.0 309.4175
112.0 312.1485
113.0 315.41
114.0 317.6715
115.0 321.9215
116.0 324.3195
117.0 327.794
118.0 330.9375
119.0 333.007
120.0 337.057
121.0 340.1875
122.0 342.63
123.0 345.7275
124.0 349.4105
125.0 351.533
126.0 354.7765
127.0 358.743
128.0 361.3365
129.0 364.123
130.0 367.44
131.0 370.022
132.0 374.744
133.0 376.856
134.0 379.8755
135.0 383.2435
136.0 386.453
137.0 389.276
138.0 391.705
139.0 395.291
140.0 397.9875
141.0 402.2605
142.0 405.365
143.0 407.381
144.0 410.0675
145.0 414.4315
146.0 417.34
147.0 419.743
148.0 424.11
149.0 426.9385
150.0 428.3245
151.0 432.012
152.0 436.1165
153.0 438.535
154.0 442.736
155.0 444.045
156.0 448.074
157.0 451.5565
158.0 452.761
159.0 458.4145
160.0 459.6515
161.0 462.5545
162.0 465.351
163.0 468.9365
164.0 471.842
165.0 475.93
166.0 477.6575
167.0 481.6675
168.0 484.035
169.0 486.1575
170.0 489.097
171.0 493.546
172.0 497.3555
173.0 499.174
174.0 502.4795
175.0 506.4805
176.0 508.033
177.0 512.0855
178.0 514.028
179.0 518.002
180.0 520.291
181.0 522.222
182.0 526.802
183.0 530.161
184.0 532.0385
185.0 536.501
186.0 538.3595
187.0 542.1085
188.0 544.253
189.0 549.219
190.0 550.117
191.0 554.71
192.0 556.409
193.0 559.7265
194.0 562.6185
195.0 566.126
196.0 569.129
197.0 571.4555
198.0 574.188
199.0 577.9185
200.0 581.667
201.0 583.68
202.0 585.4415
203.0 588.5025
204.0 592.285
205.0 596.605
206.0 597.6305
207.0 601.109
208.0 603.6845
209.0 607.7595
210.0 611.187
211.0 613.5915
212.0 617.493
213.0 618.808
214.0 622.5405
215.0 623.3075
216.0 628.6175
217.0 631.037
218.0 633.518
219.0 638.5315
220.0 640.5345
221.0 644.4855
222.0 644.4255
223.0 649.4255
224.0 652.3285
225.0 654.4605
226.0 657.3355
227.0 660.945
228.0 663.699
229.0 665.7185
230.0 668.2945
231.0 672.5075
232.0 675.0
233.0 677.5575
234.0 681.4505
235.0 682.6585
236.0 685.853
237.0 688.885
238.0 692.956
239.0 694.4775
240.0 698.738
241.0 700.885
242.0 704.209
243.0 706.843
244.0 709.6765
245.0 712.651
246.0 715.9395
247.0 720.199
248.0 721.4985
249.0 724.383
250.0 727.358
251.0 730.098
252.0 734.1795
253.0 735.5935
254.0 739.13
255.0 741.2455
256.0 746.073
257.0 747.9805
258.0 750.08
259.0 752.9155
260.0 758.1165
261.0 759.174
262.0 761.1985
263.0 765.082
264.0 766.401
265.0 770.6595
266.0 774.229
267.0 777.22
268.0 778.788
269.0 783.0875
270.0 785.587
271.0 788.026
272.0 791.299
273.0 793.3465
274.0 796.7935
275.0 799.701
276.0 803.133
277.0 804.7295
278.0 809.687
279.0 812.3085
280.0 812.846
281.0 816.322
282.0 819.475
283.0 822.6265
284.0 826.9205
285.0 829.6745
286.0 831.7445
287.0 834.46
288.0 837.1325
289.0 839.8755
290.0 844.0015
291.0 846.0635
292.0 847.8435
293.0 851.8025
294.0 853.4245
295.0 858.413
296.0 859.8355
297.0 862.945
298.0 864.6635
299.0 868.66
300.0 872.402
301.0 874.5675
302.0 878.4525
303.0 880.5015
304.0 881.882
305.0 885.7965
306.0 889.5705
307.0 891.8445
308.0 895.079
309.0 898.728
310.0 899.08
311.0 903.857
312.0 905.0205
313.0 909.4305
314.0 912.4035
315.0 914.418
316.0 918.559
317.0 920.5245
318.0 923.391
319.0 927.3695
320.0 930.7705
321.0 932.069
322.0 936.665
323.0 939.1945
324.0 942.0065
325.0 945.5885
326.0 947.944
327.0 949.815
328.0 951.8085
329.0 957.8135
330.0 958.196
331.0 963.1455
332.0 963.9485
333.0 968.124
334.0 968.773
335.0 972.234
336.0 976.651
337.0 981.93
338.0 983.6645
339.0 986.5995
340.0 986.733
341.0 992.0805
342.0 995.1595
343.0 998.111
344.0 999.932
345.0 1002.1865
346.0 1004.8645
347.0 1010.717
348.0 1014.7375
349.0 1018.733
350.0 1018.4445
351.0 1022.6895
352.0 1026.0695
353.0 1029.2535
354.0 1031.7985
355.0 1035.446
356.0 1036.2735
357.0 1042.653
358.0 1045.6935
359.0 1046.1125
360.0 1051.0695
361.0 1053.3575
362.0 1057.6055
363.0 1061.2505
364.0 1064.139
365.0 1066.762
366.0 1068.5535
367.0 1072.5935
368.0 1077.235
369.0 1078.3005
370.0 1082.305
371.0 1084.2005
372.0 1088.4075
373.0 1089.1225
374.0 1094.5705
375.0 1098.5475
376.0 1103.211
377.0 1104.2295
378.0 1106.1555
379.0 1109.309
380.0 1114.2775
381.0 1117.8325
382.0 1120.769
383.0 1124.851
384.0 1128.9995
385.0 1131.3735
386.0 1133.691
387.0 1134.8445
388.0 1141.5105
389.0 1144.264
390.0 1145.57
391.0 1150.557
392.0 1152.3415
393.0 1156.493
394.0 1158.358
395.0 1163.6685
396.0 1164.58
397.0 1166.6935
398.0 1172.545
399.0 1175.5705
400.0 1179.809
401.0 1181.861
402.0 1184.814
403.0 1187.5255
404.0 1194.381
405.0 1196.222
406.0 1197.7325
407.0 1202.6985
408.0 1204.674
409.0 1208.9645
410.0 1209.3355
411.0 1215.5785
412.0 1217.182
413.0 1221.2205
414.0 1226.5345
415.0 1227.8695
416.0 1233.804
417.0 1233.7245
418.0 1238.454
419.0 1241.6995
420.0 1247.155
421.0 1249.3235
422.0 1253.735
423.0 1253.287
424.0 1260.6305
425.0 1259.559
426.0 1264.863
427.0 1266.9355
428.0 1270.4245
429.0 1273.472
430.0 1276.669
431.0 1285.7715
432.0 1287.1345
433.0 1287.452
434.0 1291.6495
435.0 1292.166
436.0 1295.3545
437.0 1300.2145
438.0 1303.8695
439.0 1307.499
440.0 1312.257
441.0 1313.2695
442.0 1319.009
443.0 1322.9265
444.0 1322.2615
445.0 1328.3745
446.0 1328.0265
447.0 1332.4265
448.0 1334.838
449.0 1340.1595
450.0 1342.088
451.0 1347.842
452.0 1348.3685
453.0 1354.9415
454.0 1356.9815
455.0 1354.9075
456.0 1362.713
457.0 1366.2505
458.0 1368.6525
459.0 1372.8955
460.0 1376.306
461.0 1377.3345
462.0 1381.2215
463.0 1386.4715
464.0 1387.481
465.0 1392.148
466.0 1396.1845
467.0 1396.5825
468.0 1404.3555
469.0 1404.2445
470.0 1407.4225
471.0 1410.3955
472.0 1412.385
473.0 1417.5015
474.0 1420.33
475.0 1424.0255
476.0 1429.033
477.0 1428.1045
478.0 1434.932
479.0 1435.4605
480.0 1437.1375
481.0 1442.354
482.0 1448.4195
483.0 1449.694
484.0 1449.819
485.0 1455.943
486.0 1459.6905
487.0 1462.023
488.0 1465.021
489.0 1469.496
490.0 1470.1655
491.0 1475.245
492.0 1478.841
493.0 1480.271
494.0 1484.1755
495.0 1486.817
496.0 1492.1295
497.0 1493.5125
498.0 1497.6535
499.0 1500.433
500.0 1501.9105
501.0 1503.742
502.0 1508.979
503.0 1516.3595
504.0 1512.7455
505.0 1518.395
506.0 1519.6165
507.0 1524.378
508.0 1528.452
509.0 1529.914
510.0 1537.682
511.0 1538.894
512.0 1539.372
513.0 1543.757
514.0 1545.4
515.0 1548.3575
516.0 1552.8895
517.0 1555.2775
518.0 1559.525
519.0 1562.0905
520.0 1563.813
521.0 1566.5925
522.0 1572.1735
523.0 1572.2705
524.0 1578.97
525.0 1579.9675
526.0 1583.115
527.0 1584.6495
528.0 1590.421
529.0 1591.5045
530.0 1594.6645
531.0 1599.527
532.0 1601.397
533.0 1603.5175
534.0 1607.6765
535.0 1608.797
536.0 1610.039
537.0 1616.3505
538.0 1619.97
539.0 1622.7785
540.0 1624.0365
541.0 1627.944
542.0 1629.7145
543.0 1634.342
544.0 1639.469
545.0 1637.749
546.0 1642.521
547.0 1647.15
548.0 1650.192
549.0 1652.348
550.0 1654.451
551.0 1656.257
552.0 1661.625
553.0 1663.974
554.0 1666.805
555.0 1671.0035
556.0 1674.35
557.0 1674.1345
558.0 1678.996
559.0 1679.509
560.0 1686.6585
561.0 1690.6295
562.0 1691.5225
563.0 1692.5825
564.0 1696.532
565.0 1700.7725
566.0 1701.944
567.0 1705.712
568.0 1707.557
569.0 1712.1485
570.0 1714.6915
571.0 1717.7155
572.0 1719.1875
573.0 1723.6335
574.0 1725.6845
575.0 1730.0985
576.0 1730.7495
577.0 1737.6625
578.0 1739.9795
579.0 1740.341
580.0 1743.9145
581.0 1748.2225
582.0 1748.457
583.0 1756.742
584.0 1755.5875
585.0 1757.239
586.0 1759.2685
587.0 1763.785
588.0 1768.493
589.0 1770.5425
590.0 1772.431
591.0 1776.2695
592.0 1779.4745
593.0 1784.124
594.0 1784.649
595.0 1788.3155
596.0 1791.6385
597.0 1793.412
598.0 1796.977
599.0 1798.54
600.0 1802.8215
601.0 1804.0065
602.0 1809.4735
603.0 1810.145
604.0 1813.821
605.0 1817.2295
606.0 1818.7405
607.0 1823.07
608.0 1825.7075
609.0 1827.641
610.0 1830.8685
611.0 1834.1835
612.0 1837.0395
613.0 1837.019
614.0 1841.5725
615.0 1844.871
616.0 1847.242
617.0 1851.0575
618.0 1854.0795
619.0 1857.858
620.0 1860.073
621.0 1863.506
622.0 1866.625
623.0 1866.8525
624.0 1870.8395
625.0 1877.8395
626.0 1877.3135
627.0 1880.681
628.0 1883.444
629.0 1882.954
630.0 1889.8155
631.0 1891.9675
632.0 1894.235
633.0 1899.918
634.0 1898.586
635.0 1903.1795
636.0 1906.1995
637.0 1910.1665
638.0 1911.294
639.0 1913.7815
640.0 1915.9245
641.0 1920.154
642.0 1922.1515
643.0 1925.452
644.0 1927.615
645.0 1933.366
646.0 1932.5915
647.0 1938.3225
648.0 1939.975
649.0 1943.334
650.0 1943.4215
651.0 1945.3725
652.0 1950.802
653.0 1953.5355
654.0 1957.2955
655.0 1961.505
656.0 1963.575
657.0 1966.18
658.0 1967.0225
659.0 1973.222
660.0 1974.719
661.0 1978.5795
662.0 1980.8805
663.0 1981.366
664.0 1988.599
665.0 1990.146
666.0 1990.6755
667.0 1994.0655
668.0 1998.2145
669.0 2000.3125
670.0 2005.4865
671.0 2004.5485
672.0 2006.572
673.0 2011.208
674.0 2013.7065
675.0 2018.0525
676.0 2020.5525
677.0 2022.888
678.0 2027.9295
679.0 2027.933
680.0 2030.1025
681.0 2035.7995
682.0 2036.8035
683.0 2040.677
684.0 2045.373
685.0 2044.795
686.0 2047.8975
687.0 2050.823
688.0 2051.653
689.0 2055.7995
690.0 2059.8825
691.0 2064.1145
692.0 2066.856
693.0 2070.6485
694.0 2072.65
695.0 2074.7425
696.0 2076.286
697.0 2078.5395
698.0 2083.9095
699.0 2085.0325
700.0 2089.321
701.0 2091.798
702.0 2095.03
703.0 2096.837
704.0 2099.4845
705.0 2101.258
706.0 2108.051
707.0 2109.285
708.0 2111.8385
709.0 2113.3275
710.0 2119.0755
711.0 2121.118
712.0 2122.9
713.0 2124.4355
714.0 2126.83
715.0 2133.866
716.0 2136.405
717.0 2137.807
718.0 2141.0575
719.0 2141.7055
720.0 2147.778
721.0 2148.745
722.0 2151.7675
723.0 2156.6625
724.0 2159.722
725.0 2158.3875
726.0 2165.8705
727.0 2167.8115
728.0 2171.659
729.0 2175.087
730.0 2176.369
731.0 2180.7555
732.0 2181.2645
733.0 2184.913
734.0 2186.512
735.0 2189.6325
736.0 2192.443
737.0 2196.5585
738.0 2195.687
739.0 2198.5645
740.0 2204.2745
741.0 2206.5835
742.0 2215.8955
743.0 2213.4945
744.0 2215.321
745.0 2218.203
746.0 2223.17
747.0 2224.225
748.0 2228.5465
749.0 2231.524
750.0 2237.4535
751.0 2239.3985
752.0 2240.278
753.0 2242.453
754.0 2245.2125
755.0 2251.6815
756.0 2253.0385
757.0 2257.702
758.0 2260.262
759.0 2262.213
760.0 2262.68
761.0 2270.9965
762.0 2269.7965
763.0 2274.883
764.0 2277.026
765.0 2279.5025
766.0 2280.329
767.0 2284.599
768.0 2286.5755
769.0 2294.022
770.0 2293.3335
771.0 2296.4525
772.0 2299.353
773.0 2302.5235
774.0 2310.167
775.0 2310.7265
776.0 2308.778
777.0 2314.141
778.0 2316.679
779.0 2321.4455
780.0 2323.0975
781.0 2324.508
782.0 2332.1325
783.0 2335.984
784.0 2333.8475
785.0 2339.826
786.0 2344.3325
787.0 2344.6925
788.0 2351.099
789.0 2352.3615
790.0 2354.691
791.0 2355.7475
792.0 2362.7025
793.0 2366.26
794.0 2368.007
795.0 2370.3975
796.0 2375.346
797.0 2375.9445
798.0 2377.947
799.0 2384.446
800.0 2385.0185
801.0 2387.8515
802.0 2392.7425
803.0 2393.837
804.0 2398.0935
805.0 2399.3235
806.0 2403.541
807.0 2406.6355
808.0 2412.1605
809.0 2413.495
810.0 2418.105
811.0 2419.656
812.0 2421.1465
813.0 2424.5605
814.0 2433.392
815.0 2433.0135
816.0 2436.7795
817.0 2436.732
818.0 2439.092
819.0 2448.104
820.0 2446.3285
821.0 2451.0975
822.0 2456.078
823.0 2458.606
824.0 2458.245
825.0 2467.1145
826.0 2463.6795
827.0 2470.205
828.0 2473.2615
829.0 2476.116
830.0 2479.7035
831.0 2482.747
832.0 2485.2885
833.0 2493.824
834.0 2490.7675
835.0 2501.194
836.0 2497.4675
837.0 2502.3725
838.0 2506.9905
839.0 2509.4715
840.0 2513.386
841.0 2517.016
842.0 2517.748
843.0 2524.659
844.0 2525.7405
845.0 2530.465
846.0 2528.799
847.0 2537.7355
848.0 2538.18
849.0 2541.828
850.0 2541.6915
851.0 2548.337
852.0 2554.1775
853.0 2552.6585
854.0 2554.948
855.0 2558.7135
856.0 2564.212
857.0 2563.143
858.0 2565.659
859.0 2575.1405
860.0 2577.651
861.0 2580.831
862.0 2582.812
863.0 2588.191
864.0 2589.4835
865.0 2592.428
866.0 2598.2975
867.0 2602.342
868.0 2598.0365
869.0 2605.1545
870.0 2609.9965
871.0 2611.9605
872.0 2610.38
873.0 2621.42
874.0 2620.0745
875.0 2622.447
876.0 2629.8865
877.0 2632.3355
878.0 2635.1075
879.0 2641.258
880.0 2644.1785
881.0 2646.024
882.0 2649.8655
883.0 2651.2555
884.0 2652.956
885.0 2653.734
886.0 2663.094
887.0 2667.1645
888.0 2671.548
889.0 2668.9755
890.0 2671.015
891.0 2679.046
892.0 2680.8065
893.0 2684.0585
894.0 2683.2375
895.0 2693.5695
896.0 2689.3555
897.0 2697.234
898.0 2703.5155
899.0 2702.0635
900.0 2707.123
901.0 2708.1275
902.0 2713.878
903.0 2715.085
904.0 2717.162
905.0 2724.91
906.0 2725.013
907.0 2733.905
908.0 2733.3175
909.0 2739.0715
910.0 2744.043
911.0 2743.629
912.0 2748.2715
913.0 2752.4605
914.0 2757.7235
915.0 2759.92
916.0 2758.569
917.0 2759.906
918.0 2766.8025
919.0 2775.2755
920.0 2779.4895
921.0 2780.3075
922.0 2780.5755
923.0 2778.542
924.0 2787.846
925.0 2788.7535
926.0 2794.6185
927.0 2796.621
928.0 2797.295
929.0 2803.2105
930.0 2805.139
931.0 2811.5505
932.0 2816.602
933.0 2821.2125
934.0 2822.358
935.0 2825.6905
936.0 2824.951
937.0 2834.222
938.0 2831.429
939.0 2837.978
940.0 2840.8445
941.0 2842.0375
942.0 2848.6525
943.0 2848.176
944.0 2851.6985
945.0 2852.8045
946.0 2859.636
947.0 2859.0975
948.0 2867.2445
949.0 2869.116
950.0 2871.402
951.0 2878.787
952.0 2878.935
953.0 2880.9385
954.0 2884.6395
955.0 2890.2065
956.0 2896.3975
957.0 2894.0445
958.0 2901.1885
959.0 2903.6135
960.0 2906.726
961.0 2912.1195
962.0 2911.4975
963.0 2918.458
964.0 2920.2905
965.0 2916.4485
966.0 2929.923
967.0 2919.7295
968.0 2932.75
969.0 2933.863
970.0 2943.44
971.0 2945.365
972.0 2943.078
973.0 2944.2915
974.0 2953.6425
975.0 2958.805
976.0 2958.1865
977.0 2957.5875
978.0 2963.7635
979.0 2970.0465
980.0 2971.1885
981.0 2976.862
982.0 2980.6375
983.0 2980.391
984.0 2987.794
985.0 2989.0805
986.0 2993.598
987.0 2993.1305
988.0 3000.1755
989.0 3002.1505
990.0 3006.5505
991.0 3008.8515
992.0 3010.378
993.0 3016.4815
994.0 3017.809
995.0 3021.8175
996.0 3026.1225
997.0 3023.925
998.0 3029.129
999.0 3033.1055
1000.0 3039.816
