1.0 0.0
2.0 10.0
3.0 16.0
4.0 34.0
5.0 63.0
6.0 90.0
7.0 132.0
8.0 169.0
9.0 224.0
10.0 275.0
11.0 319.0
12.0 404.0
13.0 445.0
14.0 535.0
15.0 588.0
16.0 667.0
17.0 753.0
18.0 866.0
19.0 968.0
20.0 1042.0
21.0 1088.0
22.0 1147.0
23.0 1292.0
24.0 1304.0
25.0 1361.0
26.0 1415.0
27.0 1570.0
28.0 1555.0
29.0 1604.0
30.0 1632.0
31.0 1690.0
32.0 1740.0
33.0 1785.0
34.0 1848.0
35.0 1891.0
36.0 1926.0
37.0 1982.0
38.0 2032.0
39.0 2100.0
40.0 2092.0
41.0 2138.0
42.0 2246.0
43.0 2226.0
44.0 2277.0
45.0 2333.0
46.0 2439.0
47.0 2475.0
48.0 2425.0
49.0 2491.0
50.0 2513.0
51.0 2533.0
52.0 2590.0
53.0 2663.0
54.0 2656.0
55.0 2645.0
56.0 2674.0
57.0 2663.0
58.0 2795.0
59.0 2756.0
60.0 2777.0
61.0 2833.0
62.0 2848.0
63.0 2895.0
64.0 2946.0
65.0 2983.0
66.0 2945.0
67.0 2959.0
68.0 3023.0
69.0 3030.0
70.0 3052.0
71.0 3145.0
72.0 3099.0
73.0 3163.0
74.0 3146.0
75.0 3253.0
76.0 3201.0
77.0 3219.0
78.0 3252.0
79.0 3251.0
80.0 3282.0
81.0 3290.0
82.0 3294.0
83.0 3346.0
84.0 3356.0
85.0 3387.0
86.0 3383.0
87.0 3429.0
88.0 3434.0
89.0 3442.0
90.0 3476.0
91.0 3479.0
92.0 3519.0
93.0 3655.0
94.0 3571.0
95.0 3570.0
96.0 3599.0
97.0 3620.0
98.0 3620.0
99.0 3641.0
100.0 3710.0
101.0 3709.0
102.0 3757.0
103.0 3721.0
104.0 3762.0
105.0 3732.0
106.0 3783.0
107.0 3827.0
108.0 3809.0
109.0 3919.0
110.0 3856.0
111.0 3846.0
112.0 3842.0
113.0 3931.0
114.0 3940.0
115.0 3973.0
116.0 3953.0
117.0 3944.0
118.0 3942.0
119.0 3976.0
120.0 3966.0
121.0 3999.0
122.0 4046.0
123.0 4069.0
124.0 4050.0
125.0 4074.0
126.0 4085.0
127.0 4117.0
128.0 4126.0
129.0 4163.0
130.0 4145.0
131.0 4200.0
132.0 4204.0
133.0 4200.0
134.0 4221.0
135.0 4239.0
136.0 4248.0
137.0 4314.0
138.0 4281.0
139.0 4297.0
140.0 4330.0
141.0 4374.0
142.0 4400.0
143.0 4364.0
144.0 4368.0
145.0 4462.0
146.0 4502.0
147.0 4490.0
148.0 4411.0
149.0 4449.0
150.0 4487.0
151.0 4482.0
152.0 4486.0
153.0 4461.0
154.0 4567.0
155.0 4524.0
156.0 4548.0
157.0 4701.0
158.0 4568.0
159.0 4617.0
160.0 4652.0
161.0 4634.0
162.0 4733.0
163.0 4798.0
164.0 4662.0
165.0 4693.0
166.0 4705.0
167.0 4725.0
168.0 4812.0
169.0 4741.0
170.0 4778.0
171.0 4779.0
172.0 4856.0
173.0 4826.0
174.0 4844.0
175.0 4871.0
176.0 4865.0
177.0 4894.0
178.0 4868.0
179.0 4924.0
180.0 4933.0
181.0 4960.0
182.0 4960.0
183.0 4982.0
184.0 5012.0
185.0 4981.0
186.0 5015.0
187.0 5021.0
188.0 5052.0
189.0 5085.0
190.0 5104.0
191.0 5167.0
192.0 5126.0
193.0 5123.0
194.0 5206.0
195.0 5194.0
196.0 5180.0
197.0 5279.0
198.0 5220.0
199.0 5250.0
200.0 5284.0
201.0 5301.0
202.0 5292.0
203.0 5328.0
204.0 5349.0
205.0 5324.0
206.0 5334.0
207.0 5359.0
208.0 5396.0
209.0 5455.0
210.0 5501.0
211.0 5465.0
212.0 5484.0
213.0 5513.0
214.0 5484.0
215.0 5543.0
216.0 5555.0
217.0 5700.0
218.0 5579.0
219.0 5612.0
220.0 5632.0
221.0 5640.0
222.0 5663.0
223.0 5659.0
224.0 5683.0
225.0 5737.0
226.0 5837.0
227.0 5752.0
228.0 5808.0
229.0 5803.0
230.0 5866.0
231.0 5841.0
232.0 5843.0
233.0 5864.0
234.0 5889.0
235.0 5915.0
236.0 5957.0
237.0 5952.0
238.0 6034.0
239.0 6096.0
240.0 6054.0
241.0 6084.0
242.0 6107.0
243.0 6099.0
244.0 6111.0
245.0 6199.0
246.0 6187.0
247.0 6236.0
248.0 6375.0
249.0 6239.0
250.0 6305.0
251.0 6356.0
252.0 6312.0
253.0 6509.0
254.0 6553.0
255.0 6524.0
256.0 6564.0
257.0 6701.0
258.0 6571.0
259.0 6630.0
260.0 6796.0
261.0 6592.0
262.0 6944.0
263.0 6863.0
264.0 7224.0
265.0 7170.0
266.0 6999.0
267.0 6908.0
268.0 7145.0
269.0 7119.0
270.0 7400.0
271.0 7034.0
272.0 7414.0
273.0 7522.0
274.0 7555.0
275.0 7636.0
276.0 7764.0
277.0 7483.0
278.0 7623.0
279.0 8050.0
280.0 7942.0
281.0 8333.0
282.0 8677.0
283.0 7683.0
284.0 7937.0
285.0 8336.0
286.0 8737.0
287.0 8862.0
288.0 9043.0
289.0 8653.0
290.0 9394.0
291.0 9274.0
292.0 9831.0
293.0 9587.0
294.0 9586.0
295.0 9681.0
296.0 10139.0
297.0 9836.0
298.0 9986.0
299.0 9990.0
300.0 11513.0
301.0 9958.0
302.0 11087.0
303.0 11497.0
304.0 11249.0
305.0 11400.0
306.0 11288.0
307.0 12985.0
308.0 12998.0
309.0 12438.0
310.0 13368.0
311.0 13560.0
312.0 13799.0
313.0 13257.0
314.0 15031.0
315.0 14468.0
316.0 13807.0
317.0 15639.0
318.0 14625.0
319.0 16384.0
320.0 17335.0
321.0 17533.0
322.0 15781.0
323.0 17377.0
324.0 17546.0
325.0 17601.0
326.0 18305.0
327.0 17792.0
328.0 18006.0
329.0 19531.0
330.0 20085.0
331.0 20049.0
332.0 20894.0
333.0 20517.0
334.0 19332.0
335.0 20543.0
336.0 20552.0
337.0 23311.0
338.0 22893.0
339.0 24260.0
340.0 22813.0
341.0 24320.0
342.0 23533.0
343.0 24215.0
344.0 24636.0
345.0 24149.0
346.0 27120.0
347.0 28996.0
348.0 25016.0
349.0 28847.0
350.0 28720.0
351.0 29056.0
352.0 28592.0
353.0 29110.0
354.0 31228.0
355.0 31626.0
356.0 31488.0
357.0 31839.0
358.0 31984.0
359.0 32777.0
360.0 35572.0
361.0 33660.0
362.0 36083.0
363.0 35283.0
364.0 35968.0
365.0 37405.0
366.0 38904.0
367.0 38206.0
368.0 36867.0
369.0 40559.0
370.0 39033.0
371.0 39653.0
372.0 40531.0
373.0 43190.0
374.0 39834.0
375.0 41464.0
376.0 41858.0
377.0 43385.0
378.0 44940.0
379.0 44075.0
380.0 45922.0
381.0 44728.0
382.0 48041.0
383.0 48229.0
384.0 48864.0
385.0 50424.0
386.0 48325.0
387.0 49904.0
388.0 51651.0
389.0 54495.0
390.0 51032.0
391.0 51104.0
392.0 53406.0
393.0 53968.0
394.0 56153.0
395.0 53347.0
396.0 55479.0
397.0 56880.0
398.0 56599.0
399.0 59239.0
400.0 55293.0
401.0 59407.0
402.0 61352.0
403.0 60197.0
404.0 61571.0
405.0 64452.0
406.0 63944.0
407.0 63912.0
408.0 61485.0
409.0 63760.0
410.0 61471.0
411.0 64851.0
412.0 66181.0
413.0 67481.0
414.0 67608.0
415.0 68949.0
416.0 67946.0
417.0 70871.0
418.0 67598.0
419.0 69301.0
420.0 69607.0
421.0 71589.0
422.0 69180.0
423.0 75027.0
424.0 74215.0
425.0 76011.0
426.0 74993.0
427.0 77140.0
428.0 74670.0
429.0 74573.0
430.0 77729.0
431.0 77741.0
432.0 78373.0
433.0 76657.0
434.0 80662.0
435.0 79009.0
436.0 79859.0
437.0 78978.0
438.0 81350.0
439.0 80833.0
440.0 80351.0
441.0 83742.0
442.0 84478.0
443.0 82800.0
444.0 85010.0
445.0 85570.0
446.0 84290.0
447.0 86146.0
448.0 82584.0
449.0 85041.0
450.0 85957.0
451.0 86202.0
452.0 86418.0
453.0 88017.0
454.0 88712.0
455.0 90479.0
456.0 85302.0
457.0 89790.0
458.0 87956.0
459.0 89557.0
460.0 91871.0
461.0 93894.0
462.0 93772.0
463.0 92504.0
464.0 91300.0
465.0 93633.0
466.0 92675.0
467.0 93374.0
468.0 92783.0
469.0 94265.0
470.0 97536.0
471.0 96646.0
472.0 96279.0
473.0 97175.0
474.0 95000.0
475.0 97765.0
476.0 98652.0
477.0 99834.0
478.0 97839.0
479.0 98550.0
480.0 99127.0
481.0 100818.0
482.0 98861.0
483.0 102294.0
484.0 103236.0
485.0 99545.0
486.0 102064.0
487.0 101084.0
488.0 100833.0
489.0 104020.0
490.0 100902.0
491.0 104809.0
492.0 103826.0
493.0 103088.0
494.0 104608.0
495.0 103084.0
496.0 105312.0
497.0 104791.0
498.0 105647.0
499.0 103289.0
500.0 106024.0
501.0 105902.0
502.0 106419.0
503.0 107362.0
504.0 108074.0
505.0 107101.0
506.0 107969.0
507.0 108303.0
508.0 108561.0
509.0 107391.0
510.0 109652.0
511.0 107482.0
512.0 108003.0
513.0 110064.0
514.0 109891.0
515.0 109010.0
516.0 109624.0
517.0 108544.0
518.0 111356.0
519.0 111169.0
520.0 111398.0
521.0 111200.0
522.0 110161.0
523.0 112689.0
524.0 111928.0
525.0 112150.0
526.0 113658.0
527.0 113845.0
528.0 113295.0
529.0 113097.0
530.0 114670.0
531.0 113934.0
532.0 113506.0
533.0 114636.0
534.0 113929.0
535.0 113838.0
536.0 115307.0
537.0 115045.0
538.0 114413.0
539.0 115629.0
540.0 114753.0
541.0 115882.0
542.0 115943.0
543.0 116414.0
544.0 115034.0
545.0 116623.0
546.0 116609.0
547.0 116298.0
548.0 117218.0
549.0 117127.0
550.0 117372.0
551.0 117462.0
552.0 117102.0
553.0 117154.0
554.0 118578.0
555.0 118364.0
556.0 118600.0
557.0 117762.0
558.0 118987.0
559.0 118458.0
560.0 118312.0
561.0 119422.0
562.0 119236.0
563.0 120883.0
564.0 119842.0
565.0 119190.0
566.0 119015.0
567.0 120816.0
568.0 120120.0
569.0 120197.0
570.0 120029.0
571.0 120081.0
572.0 120916.0
573.0 121336.0
574.0 121513.0
575.0 119710.0
576.0 120275.0
577.0 120637.0
578.0 119764.0
579.0 121814.0
580.0 120601.0
581.0 121160.0
582.0 122001.0
583.0 121812.0
584.0 122019.0
585.0 122151.0
586.0 121907.0
587.0 121632.0
588.0 122659.0
589.0 123034.0
590.0 121278.0
591.0 122077.0
592.0 122170.0
593.0 122121.0
594.0 123319.0
595.0 122958.0
596.0 123505.0
597.0 124280.0
598.0 121740.0
599.0 123189.0
600.0 123864.0
601.0 122986.0
602.0 124484.0
603.0 124285.0
604.0 123234.0
605.0 123495.0
606.0 123958.0
607.0 124427.0
608.0 124277.0
609.0 124293.0
610.0 123030.0
611.0 124758.0
612.0 124250.0
613.0 123952.0
614.0 124610.0
615.0 125081.0
616.0 124300.0
617.0 125437.0
618.0 125813.0
619.0 125081.0
620.0 124760.0
621.0 125107.0
622.0 124956.0
623.0 125213.0
624.0 124796.0
625.0 125455.0
626.0 124639.0
627.0 124858.0
628.0 125871.0
629.0 126436.0
630.0 125715.0
631.0 126056.0
632.0 125424.0
633.0 125525.0
634.0 126065.0
635.0 125499.0
636.0 126218.0
637.0 125639.0
638.0 125322.0
639.0 126583.0
640.0 127068.0
641.0 126248.0
642.0 126733.0
643.0 126578.0
644.0 126972.0
645.0 126687.0
646.0 125876.0
647.0 126550.0
648.0 125981.0
649.0 126842.0
650.0 126941.0
651.0 126407.0
652.0 126834.0
653.0 126783.0
654.0 126709.0
655.0 126845.0
656.0 127305.0
657.0 126820.0
658.0 127022.0
659.0 126475.0
660.0 127898.0
661.0 127298.0
662.0 127141.0
663.0 126834.0
664.0 126847.0
665.0 127009.0
666.0 127713.0
667.0 126957.0
668.0 127447.0
669.0 127479.0
670.0 127370.0
671.0 127869.0
672.0 127668.0
673.0 127809.0
674.0 126812.0
675.0 127627.0
676.0 127985.0
677.0 128032.0
678.0 127477.0
679.0 127606.0
680.0 128379.0
681.0 127797.0
682.0 128112.0
683.0 127275.0
684.0 127648.0
685.0 127771.0
686.0 128223.0
687.0 128229.0
688.0 127840.0
689.0 128043.0
690.0 128365.0
691.0 127419.0
692.0 128090.0
693.0 128253.0
694.0 128013.0
695.0 128080.0
696.0 128299.0
697.0 128217.0
698.0 127991.0
699.0 127624.0
700.0 128570.0
701.0 128268.0
702.0 128232.0
703.0 128510.0
704.0 128359.0
705.0 128404.0
706.0 127988.0
707.0 128293.0
708.0 128425.0
709.0 128473.0
710.0 128255.0
711.0 128744.0
712.0 128450.0
713.0 128992.0
714.0 128134.0
715.0 128620.0
716.0 128500.0
717.0 128512.0
718.0 128721.0
719.0 128484.0
720.0 129033.0
721.0 128434.0
722.0 129066.0
723.0 128567.0
724.0 128361.0
725.0 129108.0
726.0 128981.0
727.0 129330.0
728.0 128715.0
729.0 128843.0
730.0 128783.0
731.0 128275.0
732.0 128493.0
733.0 128696.0
734.0 128789.0
735.0 128911.0
736.0 128877.0
737.0 128677.0
738.0 128523.0
739.0 129046.0
740.0 129124.0
741.0 128782.0
742.0 128936.0
743.0 128857.0
744.0 129172.0
745.0 128575.0
746.0 129251.0
747.0 128863.0
748.0 129527.0
749.0 129192.0
750.0 129117.0
751.0 129019.0
752.0 129314.0
753.0 129447.0
754.0 128973.0
755.0 128990.0
756.0 129150.0
757.0 128970.0
758.0 129009.0
759.0 129025.0
760.0 129261.0
761.0 129370.0
762.0 129450.0
763.0 129035.0
764.0 129037.0
765.0 129372.0
766.0 129118.0
767.0 129254.0
768.0 129076.0
769.0 129348.0
770.0 129472.0
771.0 129231.0
772.0 129195.0
773.0 129451.0
774.0 129364.0
775.0 129361.0
776.0 129319.0
777.0 129427.0
778.0 129404.0
779.0 129259.0
780.0 129081.0
781.0 129501.0
782.0 129372.0
783.0 129483.0
784.0 129402.0
785.0 128985.0
786.0 129558.0
787.0 129691.0
788.0 129513.0
789.0 129451.0
790.0 129573.0
791.0 129396.0
792.0 129551.0
793.0 129666.0
794.0 129561.0
795.0 129273.0
796.0 129447.0
797.0 129476.0
798.0 129418.0
799.0 129525.0
800.0 129460.0
801.0 129442.0
802.0 129477.0
803.0 129471.0
804.0 129723.0
805.0 129696.0
806.0 129643.0
807.0 129690.0
808.0 129702.0
809.0 129699.0
810.0 129582.0
811.0 129504.0
812.0 129798.0
813.0 129310.0
814.0 129778.0
815.0 129428.0
816.0 129641.0
817.0 129691.0
818.0 129687.0
819.0 129590.0
820.0 129718.0
821.0 129931.0
822.0 129808.0
823.0 129577.0
824.0 129724.0
825.0 129732.0
826.0 129612.0
827.0 129629.0
828.0 129783.0
829.0 129823.0
830.0 129870.0
831.0 129903.0
832.0 129848.0
833.0 129777.0
834.0 129813.0
835.0 129504.0
836.0 129804.0
837.0 129895.0
838.0 129750.0
839.0 129827.0
840.0 129651.0
841.0 129839.0
842.0 129902.0
843.0 129664.0
844.0 130065.0
845.0 129746.0
846.0 129945.0
847.0 130047.0
848.0 129799.0
849.0 129857.0
850.0 129867.0
851.0 129673.0
852.0 129784.0
853.0 129992.0
854.0 129994.0
855.0 129938.0
856.0 130090.0
857.0 129987.0
858.0 129939.0
859.0 129792.0
860.0 129928.0
861.0 129814.0
862.0 129768.0
863.0 130012.0
864.0 130034.0
865.0 129973.0
866.0 129910.0
867.0 130092.0
868.0 130019.0
869.0 130016.0
870.0 130038.0
871.0 130101.0
872.0 129975.0
873.0 129892.0
874.0 130044.0
875.0 129999.0
876.0 130029.0
877.0 130101.0
878.0 130048.0
879.0 129994.0
880.0 130109.0
881.0 129995.0
882.0 130192.0
883.0 129977.0
884.0 130097.0
885.0 130057.0
886.0 130055.0
887.0 130158.0
888.0 130022.0
889.0 130148.0
890.0 130105.0
891.0 130127.0
892.0 129920.0
893.0 129887.0
894.0 129844.0
895.0 129939.0
896.0 130089.0
897.0 129986.0
898.0 129997.0
899.0 130079.0
900.0 130119.0
901.0 130053.0
902.0 129902.0
903.0 130066.0
904.0 130150.0
905.0 130086.0
906.0 130016.0
907.0 130085.0
908.0 130019.0
909.0 130131.0
910.0 130206.0
911.0 130017.0
912.0 130072.0
913.0 130030.0
914.0 130077.0
915.0 130027.0
916.0 129925.0
917.0 130214.0
918.0 130220.0
919.0 130078.0
920.0 130145.0
921.0 130047.0
922.0 130091.0
923.0 130180.0
924.0 130152.0
925.0 130041.0
926.0 130177.0
927.0 130124.0
928.0 130058.0
929.0 130186.0
930.0 130091.0
931.0 130284.0
932.0 130120.0
933.0 130167.0
934.0 130210.0
935.0 130119.0
936.0 130195.0
937.0 130165.0
938.0 130231.0
939.0 130168.0
940.0 130019.0
941.0 130162.0
942.0 130185.0
943.0 130247.0
944.0 130113.0
945.0 130206.0
946.0 130127.0
947.0 130198.0
948.0 130172.0
949.0 130132.0
950.0 130119.0
951.0 130075.0
952.0 130202.0
953.0 130220.0
954.0 130217.0
955.0 130208.0
956.0 130213.0
957.0 130148.0
958.0 130220.0
959.0 130217.0
960.0 130209.0
961.0 130168.0
962.0 130169.0
963.0 130152.0
964.0 130216.0
965.0 130231.0
966.0 130227.0
967.0 130205.0
968.0 130209.0
969.0 130248.0
970.0 130140.0
971.0 130250.0
972.0 130256.0
973.0 130234.0
974.0 130224.0
975.0 130261.0
976.0 130250.0
977.0 130180.0
978.0 130241.0
979.0 130179.0
980.0 130241.0
981.0 130305.0
982.0 130247.0
983.0 130219.0
984.0 130300.0
985.0 130217.0
986.0 130248.0
987.0 130249.0
988.0 130256.0
989.0 130237.0
990.0 130216.0
991.0 130183.0
992.0 130280.0
993.0 130309.0
994.0 130249.0
995.0 130251.0
996.0 130215.0
997.0 130288.0
998.0 130199.0
999.0 130262.0
1000.0 130280.0
