1.0 0.0
2.0 19.0
3.0 48.0
4.0 85.0
5.0 143.0
6.0 216.0
7.0 281.0
8.0 393.0
9.0 522.0
10.0 606.0
11.0 705.0
12.0 791.0
13.0 896.0
14.0 1132.0
15.0 1235.0
16.0 1403.0
17.0 1553.0
18.0 1653.0
19.0 1853.0
20.0 1971.0
21.0 2154.0
22.0 2241.0
23.0 2464.0
24.0 2548.0
25.0 2734.0
26.0 2851.0
27.0 2970.0
28.0 3073.0
29.0 3252.0
30.0 3371.0
31.0 3519.0
32.0 3626.0
33.0 3772.0
34.0 3927.0
35.0 4042.0
36.0 4201.0
37.0 4363.0
38.0 4469.0
39.0 4636.0
40.0 4745.0
41.0 4869.0
42.0 5003.0
43.0 5195.0
44.0 5305.0
45.0 5476.0
46.0 5557.0
47.0 5783.0
48.0 5954.0
49.0 6136.0
50.0 6252.0
51.0 6399.0
52.0 6600.0
53.0 6734.0
54.0 6932.0
55.0 7183.0
56.0 7335.0
57.0 7459.0
58.0 7739.0
59.0 7856.0
60.0 8087.0
61.0 8201.0
62.0 8461.0
63.0 8629.0
64.0 8819.0
65.0 8991.0
66.0 9226.0
67.0 9459.0
68.0 9626.0
69.0 9866.0
70.0 10040.0
71.0 10256.0
72.0 10503.0
73.0 10707.0
74.0 10959.0
75.0 11114.0
76.0 11353.0
77.0 11640.0
78.0 11799.0
79.0 12033.0
80.0 12275.0
81.0 12439.0
82.0 12700.0
83.0 12990.0
84.0 13125.0
85.0 13459.0
86.0 13601.0
87.0 13868.0
88.0 14101.0
89.0 14303.0
90.0 14584.0
91.0 14845.0
92.0 15069.0
93.0 15316.0
94.0 15533.0
95.0 15815.0
96.0 16066.0
97.0 16313.0
98.0 16620.0
99.0 16857.0
100.0 17071.0
101.0 17408.0
102.0 17673.0
103.0 17876.0
104.0 18143.0
105.0 18412.0
106.0 18681.0
107.0 18938.0
108.0 19243.0
109.0 19463.0
110.0 19738.0
111.0 20082.0
112.0 20365.0
113.0 20579.0
114.0 20848.0
115.0 21083.0
116.0 21341.0
117.0 21702.0
118.0 22035.0
119.0 22376.0
120.0 22576.0
121.0 22938.0
122.0 23219.0
123.0 23430.0
124.0 23820.0
125.0 23986.0
126.0 24318.0
127.0 24549.0
128.0 24846.0
129.0 25167.0
130.0 25637.0
131.0 25823.0
132.0 26121.0
133.0 26372.0
134.0 26809.0
135.0 27054.0
136.0 27351.0
137.0 27584.0
138.0 27970.0
139.0 28310.0
140.0 28564.0
141.0 28842.0
142.0 29258.0
143.0 29494.0
144.0 29830.0
145.0 30226.0
146.0 30446.0
147.0 30794.0
148.0 31125.0
149.0 31458.0
150.0 31844.0
151.0 32111.0
152.0 32316.0
153.0 32804.0
154.0 33072.0
155.0 33373.0
156.0 33714.0
157.0 34084.0
158.0 34505.0
159.0 34746.0
160.0 35115.0
161.0 35361.0
162.0 35800.0
163.0 36207.0
164.0 36527.0
165.0 36868.0
166.0 37023.0
167.0 37427.0
168.0 37799.0
169.0 38073.0
170.0 38561.0
171.0 38688.0
172.0 39139.0
173.0 39492.0
174.0 39863.0
175.0 40170.0
176.0 40636.0
177.0 40854.0
178.0 41180.0
179.0 41476.0
180.0 41996.0
181.0 42340.0
182.0 42625.0
183.0 42876.0
184.0 43442.0
185.0 43696.0
186.0 44186.0
187.0 44362.0
188.0 44828.0
189.0 45109.0
190.0 45648.0
191.0 45850.0
192.0 46132.0
193.0 46455.0
194.0 47049.0
195.0 47103.0
196.0 47705.0
197.0 47984.0
198.0 48456.0
199.0 48868.0
200.0 49230.0
201.0 49584.0
202.0 50049.0
203.0 50241.0
204.0 50363.0
205.0 51057.0
206.0 51329.0
207.0 51672.0
208.0 52166.0
209.0 52523.0
210.0 52685.0
211.0 53518.0
212.0 53759.0
213.0 53706.0
214.0 54352.0
215.0 54683.0
216.0 55160.0
217.0 55519.0
218.0 55834.0
219.0 56263.0
220.0 56509.0
221.0 57017.0
222.0 57174.0
223.0 57965.0
224.0 58122.0
225.0 58660.0
226.0 59091.0
227.0 59415.0
228.0 59642.0
229.0 60153.0
230.0 60508.0
231.0 60801.0
232.0 61278.0
233.0 61656.0
234.0 61909.0
235.0 62282.0
236.0 62852.0
237.0 63178.0
238.0 63736.0
239.0 64190.0
240.0 64500.0
241.0 64800.0
242.0 65207.0
243.0 65578.0
244.0 66110.0
245.0 66173.0
246.0 66838.0
247.0 67233.0
248.0 67531.0
249.0 68067.0
250.0 68294.0
251.0 68591.0
252.0 69303.0
253.0 69271.0
254.0 69867.0
255.0 70405.0
256.0 70685.0
257.0 71208.0
258.0 71418.0
259.0 71902.0
260.0 72124.0
261.0 73053.0
262.0 73074.0
263.0 73512.0
264.0 73883.0
265.0 74053.0
266.0 74522.0
267.0 74837.0
268.0 75594.0
269.0 75842.0
270.0 76009.0
271.0 76878.0
272.0 76582.0
273.0 77674.0
274.0 77960.0
275.0 77970.0
276.0 78422.0
277.0 79148.0
278.0 79246.0
279.0 79968.0
280.0 80317.0
281.0 80563.0
282.0 80567.0
283.0 81349.0
284.0 81451.0
285.0 81989.0
286.0 82057.0
287.0 82515.0
288.0 82930.0
289.0 83108.0
290.0 83176.0
291.0 83246.0
292.0 84204.0
293.0 84760.0
294.0 85124.0
295.0 85465.0
296.0 85074.0
297.0 85669.0
298.0 86054.0
299.0 86272.0
300.0 86659.0
301.0 86959.0
302.0 87436.0
303.0 87488.0
304.0 87765.0
305.0 88068.0
306.0 88453.0
307.0 88502.0
308.0 88199.0
309.0 88416.0
310.0 88564.0
311.0 89362.0
312.0 89359.0
313.0 88962.0
314.0 90333.0
315.0 90020.0
316.0 90150.0
317.0 90623.0
318.0 90389.0
319.0 90324.0
320.0 90035.0
321.0 91823.0
322.0 91102.0
323.0 90693.0
324.0 91379.0
325.0 91457.0
326.0 91753.0
327.0 91881.0
328.0 90596.0
329.0 92076.0
330.0 92591.0
331.0 92669.0
332.0 92185.0
333.0 91633.0
334.0 91862.0
335.0 92927.0
336.0 92097.0
337.0 91931.0
338.0 91995.0
339.0 91818.0
340.0 91269.0
341.0 92095.0
342.0 92971.0
343.0 91730.0
344.0 92920.0
345.0 91729.0
346.0 91841.0
347.0 92255.0
348.0 92403.0
349.0 91268.0
350.0 91838.0
351.0 91938.0
352.0 92126.0
353.0 91716.0
354.0 91405.0
355.0 89687.0
356.0 90243.0
357.0 89785.0
358.0 93531.0
359.0 89605.0
360.0 90049.0
361.0 89343.0
362.0 89154.0
363.0 90202.0
364.0 89393.0
365.0 89681.0
366.0 89337.0
367.0 88854.0
368.0 89751.0
369.0 88327.0
370.0 87974.0
371.0 87627.0
372.0 87933.0
373.0 88339.0
374.0 88137.0
375.0 87560.0
376.0 85552.0
377.0 85994.0
378.0 86981.0
379.0 85574.0
380.0 86632.0
381.0 85664.0
382.0 85939.0
383.0 86490.0
384.0 83353.0
385.0 84588.0
386.0 84341.0
387.0 82333.0
388.0 83581.0
389.0 84628.0
390.0 84203.0
391.0 83317.0
392.0 83994.0
393.0 82187.0
394.0 82075.0
395.0 82294.0
396.0 81147.0
397.0 80037.0
398.0 79972.0
399.0 80852.0
400.0 80683.0
401.0 80727.0
402.0 79085.0
403.0 80043.0
404.0 78539.0
405.0 79168.0
406.0 78521.0
407.0 79686.0
408.0 79771.0
409.0 79148.0
410.0 77422.0
411.0 76963.0
412.0 75600.0
413.0 75781.0
414.0 77780.0
415.0 76426.0
416.0 74755.0
417.0 74009.0
418.0 73272.0
419.0 73932.0
420.0 74529.0
421.0 74026.0
422.0 73518.0
423.0 74776.0
424.0 73508.0
425.0 73711.0
426.0 74073.0
427.0 71867.0
428.0 70827.0
429.0 72328.0
430.0 71488.0
431.0 71701.0
432.0 70592.0
433.0 72358.0
434.0 69331.0
435.0 69804.0
436.0 69343.0
437.0 69351.0
438.0 68841.0
439.0 69020.0
440.0 67696.0
441.0 67199.0
442.0 68933.0
443.0 66727.0
444.0 68169.0
445.0 68062.0
446.0 66876.0
447.0 67415.0
448.0 65760.0
449.0 64411.0
450.0 64031.0
451.0 66405.0
452.0 66496.0
453.0 61465.0
454.0 64839.0
455.0 63498.0
456.0 61849.0
457.0 63630.0
458.0 62732.0
459.0 63590.0
460.0 63683.0
461.0 62336.0
462.0 61933.0
463.0 62193.0
464.0 60931.0
465.0 62460.0
466.0 60886.0
467.0 59398.0
468.0 62517.0
469.0 62833.0
470.0 63099.0
471.0 61340.0
472.0 59850.0
473.0 59958.0
474.0 60749.0
475.0 59664.0
476.0 61379.0
477.0 59746.0
478.0 59685.0
479.0 55513.0
480.0 58714.0
481.0 59695.0
482.0 58724.0
483.0 59406.0
484.0 57179.0
485.0 56616.0
486.0 57950.0
487.0 58267.0
488.0 58158.0
489.0 57738.0
490.0 55863.0
491.0 58084.0
492.0 56655.0
493.0 55980.0
494.0 56793.0
495.0 55578.0
496.0 55115.0
497.0 55931.0
498.0 56825.0
499.0 55799.0
500.0 56259.0
501.0 54940.0
502.0 54793.0
503.0 54245.0
504.0 56007.0
505.0 54141.0
506.0 55142.0
507.0 55785.0
508.0 54625.0
509.0 55200.0
510.0 54427.0
511.0 53075.0
512.0 54170.0
513.0 53360.0
514.0 54432.0
515.0 55159.0
516.0 53001.0
517.0 54083.0
518.0 55313.0
519.0 54143.0
520.0 54484.0
521.0 53724.0
522.0 53057.0
523.0 53401.0
524.0 53452.0
525.0 53067.0
526.0 52823.0
527.0 52665.0
528.0 53184.0
529.0 53837.0
530.0 53392.0
531.0 53294.0
532.0 53129.0
533.0 53470.0
534.0 52218.0
535.0 53592.0
536.0 53869.0
537.0 53006.0
538.0 52017.0
539.0 52785.0
540.0 52649.0
541.0 51264.0
542.0 52877.0
543.0 52477.0
544.0 52746.0
545.0 51617.0
546.0 52403.0
547.0 51627.0
548.0 53567.0
549.0 52955.0
550.0 52694.0
551.0 52319.0
552.0 52625.0
553.0 52746.0
554.0 51584.0
555.0 52921.0
556.0 51906.0
557.0 52136.0
558.0 52408.0
559.0 52008.0
560.0 53150.0
561.0 52285.0
562.0 51857.0
563.0 52037.0
564.0 51613.0
565.0 52853.0
566.0 52706.0
567.0 53617.0
568.0 52223.0
569.0 53436.0
570.0 53513.0
571.0 52789.0
572.0 52984.0
573.0 51761.0
574.0 53008.0
575.0 53760.0
576.0 52829.0
577.0 53291.0
578.0 52094.0
579.0 52586.0
580.0 52472.0
581.0 51797.0
582.0 53844.0
583.0 52936.0
584.0 52857.0
585.0 53181.0
586.0 53117.0
587.0 52684.0
588.0 52785.0
589.0 53043.0
590.0 53331.0
591.0 53842.0
592.0 54337.0
593.0 52377.0
594.0 53119.0
595.0 52997.0
596.0 53350.0
597.0 53143.0
598.0 52627.0
599.0 54717.0
600.0 53795.0
601.0 54426.0
602.0 52189.0
603.0 53628.0
604.0 54595.0
605.0 54476.0
606.0 53804.0
607.0 53935.0
608.0 54113.0
609.0 53388.0
610.0 54817.0
611.0 54120.0
612.0 53670.0
613.0 55900.0
614.0 55174.0
615.0 54694.0
616.0 55064.0
617.0 54813.0
618.0 53874.0
619.0 53978.0
620.0 54222.0
621.0 54841.0
622.0 55385.0
623.0 55104.0
624.0 54703.0
625.0 55312.0
626.0 56186.0
627.0 55620.0
628.0 55697.0
629.0 55720.0
630.0 55810.0
631.0 56553.0
632.0 55788.0
633.0 56923.0
634.0 56240.0
635.0 56074.0
636.0 56856.0
637.0 56171.0
638.0 57121.0
639.0 56732.0
640.0 56806.0
641.0 56559.0
642.0 55930.0
643.0 57619.0
644.0 56527.0
645.0 58376.0
646.0 57726.0
647.0 58027.0
648.0 57634.0
649.0 58071.0
650.0 57873.0
651.0 57798.0
652.0 58917.0
653.0 58371.0
654.0 58241.0
655.0 58507.0
656.0 59106.0
657.0 58466.0
658.0 59117.0
659.0 59058.0
660.0 58597.0
661.0 59666.0
662.0 59807.0
663.0 59630.0
664.0 58962.0
665.0 59398.0
666.0 59310.0
667.0 59961.0
668.0 59244.0
669.0 60477.0
670.0 60361.0
671.0 59771.0
672.0 60649.0
673.0 60812.0
674.0 60689.0
675.0 60661.0
676.0 60516.0
677.0 60884.0
678.0 61057.0
679.0 61125.0
680.0 61285.0
681.0 61286.0
682.0 61133.0
683.0 62142.0
684.0 61572.0
685.0 62473.0
686.0 62173.0
687.0 62126.0
688.0 63049.0
689.0 62757.0
690.0 62561.0
691.0 62995.0
692.0 62886.0
693.0 63532.0
694.0 63366.0
695.0 63468.0
696.0 63302.0
697.0 63807.0
698.0 63524.0
699.0 63652.0
700.0 64079.0
701.0 64279.0
702.0 64697.0
703.0 64892.0
704.0 64938.0
705.0 64724.0
706.0 65390.0
707.0 65535.0
708.0 65309.0
709.0 65574.0
710.0 65184.0
711.0 65560.0
712.0 66004.0
713.0 65993.0
714.0 66235.0
715.0 66637.0
716.0 66044.0
717.0 66677.0
718.0 66657.0
719.0 66864.0
720.0 66735.0
721.0 67459.0
722.0 67349.0
723.0 67361.0
724.0 67344.0
725.0 67848.0
726.0 67882.0
727.0 68058.0
728.0 67961.0
729.0 68252.0
730.0 68113.0
731.0 68582.0
732.0 68892.0
733.0 68784.0
734.0 69278.0
735.0 69109.0
736.0 69525.0
737.0 70007.0
738.0 69676.0
739.0 70523.0
740.0 70234.0
741.0 70364.0
742.0 70412.0
743.0 70476.0
744.0 70716.0
745.0 70814.0
746.0 70611.0
747.0 71317.0
748.0 71251.0
749.0 71595.0
750.0 71473.0
751.0 71857.0
752.0 71623.0
753.0 72230.0
754.0 72120.0
755.0 72173.0
756.0 72146.0
757.0 72598.0
758.0 72757.0
759.0 73075.0
760.0 73587.0
761.0 73373.0
762.0 73885.0
763.0 73751.0
764.0 74156.0
765.0 73947.0
766.0 74393.0
767.0 74156.0
768.0 74334.0
769.0 74812.0
770.0 74701.0
771.0 75040.0
772.0 75142.0
773.0 75197.0
774.0 75400.0
775.0 75236.0
776.0 75849.0
777.0 76292.0
778.0 76441.0
779.0 76215.0
780.0 76413.0
781.0 76746.0
782.0 76973.0
783.0 76925.0
784.0 77303.0
785.0 77358.0
786.0 77577.0
787.0 77601.0
788.0 77732.0
789.0 77957.0
790.0 78454.0
791.0 78319.0
792.0 78094.0
793.0 78782.0
794.0 79358.0
795.0 79415.0
796.0 79323.0
797.0 79400.0
798.0 79483.0
799.0 80039.0
800.0 79794.0
801.0 80105.0
802.0 79972.0
803.0 80571.0
804.0 80853.0
805.0 81037.0
806.0 80879.0
807.0 81142.0
808.0 81283.0
809.0 81507.0
810.0 81798.0
811.0 81921.0
812.0 82226.0
813.0 82422.0
814.0 82306.0
815.0 82634.0
816.0 83268.0
817.0 82670.0
818.0 83310.0
819.0 83550.0
820.0 83365.0
821.0 83827.0
822.0 83844.0
823.0 84262.0
824.0 84250.0
825.0 84578.0
826.0 84547.0
827.0 85103.0
828.0 85161.0
829.0 85443.0
830.0 85282.0
831.0 85488.0
832.0 85639.0
833.0 86061.0
834.0 86108.0
835.0 86361.0
836.0 86331.0
837.0 86529.0
838.0 86909.0
839.0 86891.0
840.0 87064.0
841.0 87487.0
842.0 87644.0
843.0 87885.0
844.0 87874.0
845.0 87973.0
846.0 88165.0
847.0 88663.0
848.0 88567.0
849.0 88943.0
850.0 89362.0
851.0 89083.0
852.0 89256.0
853.0 89336.0
854.0 89625.0
855.0 89981.0
856.0 90199.0
857.0 90368.0
858.0 90867.0
859.0 90549.0
860.0 90766.0
861.0 91299.0
862.0 91358.0
863.0 91571.0
864.0 91712.0
865.0 91714.0
866.0 92005.0
867.0 92323.0
868.0 92622.0
869.0 92659.0
870.0 92778.0
871.0 93138.0
872.0 93198.0
873.0 93275.0
874.0 93607.0
875.0 93613.0
876.0 93868.0
877.0 94120.0
878.0 94357.0
879.0 94332.0
880.0 94899.0
881.0 95134.0
882.0 95058.0
883.0 95173.0
884.0 95555.0
885.0 95581.0
886.0 95843.0
887.0 96194.0
888.0 96388.0
889.0 96574.0
890.0 96614.0
891.0 96904.0
892.0 96909.0
893.0 97346.0
894.0 97626.0
895.0 97595.0
896.0 97787.0
897.0 98012.0
898.0 98238.0
899.0 98567.0
900.0 98435.0
901.0 98697.0
902.0 98955.0
903.0 99289.0
904.0 99610.0
905.0 99601.0
906.0 99680.0
907.0 99888.0
908.0 100300.0
909.0 100454.0
910.0 100931.0
911.0 101012.0
912.0 100920.0
913.0 101515.0
914.0 101580.0
915.0 101649.0
916.0 101704.0
917.0 101850.0
918.0 102272.0
919.0 102312.0
920.0 102806.0
921.0 102872.0
922.0 103040.0
923.0 103340.0
924.0 103731.0
925.0 103536.0
926.0 104002.0
927.0 104020.0
928.0 104173.0
929.0 104500.0
930.0 104609.0
931.0 104792.0
932.0 105066.0
933.0 105326.0
934.0 105240.0
935.0 105643.0
936.0 105776.0
937.0 106074.0
938.0 106212.0
939.0 106331.0
940.0 106651.0
941.0 106859.0
942.0 106984.0
943.0 107381.0
944.0 107524.0
945.0 107781.0
946.0 107821.0
947.0 107922.0
948.0 108202.0
949.0 108635.0
950.0 108916.0
951.0 108832.0
952.0 109032.0
953.0 109247.0
954.0 109527.0
955.0 109715.0
956.0 109931.0
957.0 110252.0
958.0 110432.0
959.0 110576.0
960.0 110741.0
961.0 110802.0
962.0 111139.0
963.0 111327.0
964.0 111660.0
965.0 111846.0
966.0 112077.0
967.0 112119.0
968.0 112364.0
969.0 112728.0
970.0 112966.0
971.0 113155.0
972.0 113268.0
973.0 113517.0
974.0 113565.0
975.0 114009.0
976.0 114095.0
977.0 114277.0
978.0 114589.0
979.0 114710.0
980.0 114981.0
981.0 115147.0
982.0 115357.0
983.0 115610.0
984.0 115822.0
985.0 116112.0
986.0 116213.0
987.0 116485.0
988.0 116472.0
989.0 116927.0
990.0 117254.0
991.0 117306.0
992.0 117673.0
993.0 117780.0
994.0 117965.0
995.0 118223.0
996.0 118538.0
997.0 118741.0
998.0 118784.0
999.0 119003.0
1000.0 119187.0
