1.0 0.0
2.0 0.0
3.0 0.0
4.0 0.0
5.0 0.0
6.0 0.0
7.0 0.0
8.0 0.0
9.0 0.0
10.0 2.0
11.0 2.0
12.0 2.0
13.0 2.0
14.0 4.0
15.0 4.0
16.0 4.0
17.0 4.0
18.0 6.0
19.0 6.0
20.0 6.0
21.0 6.0
22.0 8.0
23.0 8.0
24.0 8.0
25.0 8.0
26.0 8.0
27.0 10.0
28.0 10.0
29.0 10.0
30.0 10.0
31.0 10.0
32.0 12.0
33.0 12.0
34.0 12.0
35.0 12.0
36.0 12.0
37.0 12.0
38.0 14.0
39.0 14.0
40.0 14.0
41.0 14.0
42.0 14.0
43.0 14.0
44.0 14.0
45.0 14.0
46.0 14.0
47.0 16.0
48.0 16.0
49.0 16.0
50.0 16.0
51.0 16.0
52.0 16.0
53.0 16.0
54.0 16.0
55.0 16.0
56.0 16.0
57.0 18.0
58.0 18.0
59.0 18.0
60.0 18.0
61.0 18.0
62.0 18.0
63.0 18.0
64.0 18.0
65.0 18.0
66.0 18.0
67.0 18.0
68.0 18.0
69.0 20.0
70.0 20.0
71.0 20.0
72.0 20.0
73.0 20.0
74.0 20.0
75.0 20.0
76.0 20.0
77.0 20.0
78.0 20.0
79.0 20.0
80.0 20.0
81.0 20.0
82.0 20.0
83.0 20.0
84.0 22.0
85.0 22.0
86.0 22.0
87.0 22.0
88.0 22.0
89.0 22.0
90.0 22.0
91.0 22.0
92.0 22.0
93.0 22.0
94.0 22.0
95.0 22.0
96.0 22.0
97.0 22.0
98.0 22.0
99.0 22.0
100.0 22.0
101.0 22.0
102.0 24.0
103.0 24.0
104.0 24.0
105.0 24.0
106.0 24.0
107.0 24.0
108.0 24.0
109.0 24.0
110.0 24.0
111.0 24.0
112.0 24.0
113.0 24.0
114.0 24.0
115.0 24.0
116.0 24.0
117.0 24.0
118.0 24.0
119.0 24.0
120.0 24.0
121.0 24.0
122.0 24.0
123.0 24.0
124.0 24.0
125.0 24.0
126.0 24.0
127.0 24.0
128.0 26.0
129.0 26.0
130.0 26.0
131.0 26.0
132.0 26.0
133.0 26.0
134.0 26.0
135.0 26.0
136.0 26.0
137.0 26.0
138.0 26.0
139.0 26.0
140.0 26.0
141.0 26.0
142.0 26.0
143.0 26.0
144.0 26.0
145.0 26.0
146.0 26.0
147.0 26.0
148.0 26.0
149.0 26.0
150.0 26.0
151.0 26.0
152.0 26.0
153.0 26.0
154.0 26.0
155.0 26.0
156.0 26.0
157.0 26.0
158.0 26.0
159.0 28.0
160.0 28.0
161.0 28.0
162.0 28.0
163.0 28.0
164.0 28.0
165.0 28.0
166.0 28.0
167.0 28.0
168.0 28.0
169.0 28.0
170.0 28.0
171.0 28.0
172.0 28.0
173.0 28.0
174.0 28.0
175.0 28.0
176.0 28.0
177.0 28.0
178.0 28.0
179.0 28.0
180.0 28.0
181.0 28.0
182.0 28.0
183.0 28.0
184.0 28.0
185.0 28.0
186.0 28.0
187.0 28.0
188.0 28.0
189.0 28.0
190.0 28.0
191.0 28.0
192.0 28.0
193.0 28.0
194.0 28.0
195.0 28.0
196.0 30.0
197.0 30.0
198.0 30.0
199.0 30.0
200.0 30.0
201.0 30.0
202.0 30.0
203.0 30.0
204.0 30.0
205.0 30.0
206.0 30.0
207.0 30.0
208.0 30.0
209.0 30.0
210.0 30.0
211.0 30.0
212.0 30.0
213.0 30.0
214.0 30.0
215.0 30.0
216.0 30.0
217.0 30.0
218.0 30.0
219.0 30.0
220.0 30.0
221.0 30.0
222.0 30.0
223.0 30.0
224.0 30.0
225.0 30.0
226.0 30.0
227.0 30.0
228.0 30.0
229.0 30.0
230.0 30.0
231.0 30.0
232.0 30.0
233.0 30.0
234.0 30.0
235.0 30.0
236.0 30.0
237.0 30.0
238.0 30.0
239.0 30.0
240.0 30.0
241.0 30.0
242.0 30.0
243.0 30.0
244.0 30.0
245.0 32.0
246.0 30.0
247.0 32.0
248.0 30.0
249.0 30.0
250.0 32.0
251.0 32.0
252.0 32.0
253.0 32.0
254.0 32.0
255.0 32.0
256.0 32.0
257.0 32.0
258.0 32.0
259.0 32.0
260.0 32.0
261.0 32.0
262.0 32.0
263.0 32.0
264.0 32.0
265.0 32.0
266.0 32.0
267.0 32.0
268.0 32.0
269.0 32.0
270.0 32.0
271.0 32.0
272.0 32.0
273.0 32.0
274.0 32.0
275.0 32.0
276.0 32.0
277.0 32.0
278.0 32.0
279.0 32.0
280.0 32.0
281.0 32.0
282.0 32.0
283.0 32.0
284.0 32.0
285.0 32.0
286.0 32.0
287.0 32.0
288.0 32.0
289.0 32.0
290.0 32.0
291.0 32.0
292.0 32.0
293.0 32.0
294.0 32.0
295.0 32.0
296.0 32.0
297.0 32.0
298.0 32.0
299.0 32.0
300.0 32.0
301.0 32.0
302.0 32.0
303.0 32.0
304.0 32.0
305.0 32.0
306.0 32.0
307.0 32.0
308.0 32.0
309.0 32.0
310.0 34.0
311.0 32.0
312.0 34.0
313.0 34.0
314.0 32.0
315.0 34.0
316.0 34.0
317.0 34.0
318.0 34.0
319.0 34.0
320.0 34.0
321.0 34.0
322.0 34.0
323.0 34.0
324.0 34.0
325.0 34.0
326.0 34.0
327.0 34.0
328.0 34.0
329.0 34.0
330.0 34.0
331.0 34.0
332.0 34.0
333.0 34.0
334.0 34.0
335.0 34.0
336.0 34.0
337.0 34.0
338.0 34.0
339.0 34.0
340.0 34.0
341.0 34.0
342.0 34.0
343.0 34.0
344.0 34.0
345.0 34.0
346.0 34.0
347.0 34.0
348.0 34.0
349.0 34.0
350.0 34.0
351.0 34.0
352.0 34.0
353.0 34.0
354.0 34.0
355.0 34.0
356.0 34.0
357.0 34.0
358.0 34.0
359.0 34.0
360.0 34.0
361.0 34.0
362.0 34.0
363.0 34.0
364.0 34.0
365.0 34.0
366.0 34.0
367.0 34.0
368.0 34.0
369.0 34.0
370.0 34.0
371.0 34.0
372.0 34.0
373.0 34.0
374.0 34.0
375.0 34.0
376.0 34.0
377.0 34.0
378.0 34.0
379.0 34.0
380.0 34.0
381.0 34.0
382.0 34.0
383.0 34.0
384.0 34.0
385.0 34.0
386.0 34.0
387.0 34.0
388.0 34.0
389.0 34.0
390.0 36.0
391.0 36.0
392.0 36.0
393.0 36.0
394.0 34.0
395.0 36.0
396.0 36.0
397.0 36.0
398.0 36.0
399.0 36.0
400.0 36.0
401.0 36.0
402.0 36.0
403.0 36.0
404.0 36.0
405.0 36.0
406.0 36.0
407.0 36.0
408.0 36.0
409.0 36.0
410.0 36.0
411.0 36.0
412.0 36.0
413.0 36.0
414.0 36.0
415.0 36.0
416.0 36.0
417.0 36.0
418.0 36.0
419.0 36.0
420.0 36.0
421.0 36.0
422.0 36.0
423.0 36.0
424.0 36.0
425.0 36.0
426.0 36.0
427.0 36.0
428.0 36.0
429.0 36.0
430.0 36.0
431.0 36.0
432.0 36.0
433.0 36.0
434.0 36.0
435.0 36.0
436.0 36.0
437.0 36.0
438.0 36.0
439.0 36.0
440.0 36.0
441.0 36.0
442.0 36.0
443.0 36.0
444.0 36.0
445.0 36.0
446.0 36.0
447.0 36.0
448.0 36.0
449.0 36.0
450.0 36.0
451.0 36.0
452.0 36.0
453.0 36.0
454.0 36.0
455.0 36.0
456.0 36.0
457.0 36.0
458.0 36.0
459.0 36.0
460.0 36.0
461.0 36.0
462.0 36.0
463.0 36.0
464.0 36.0
465.0 36.0
466.0 36.0
467.0 36.0
468.0 36.0
469.0 36.0
470.0 36.0
471.0 36.0
472.0 36.0
473.0 36.0
474.0 36.0
475.0 36.0
476.0 36.0
477.0 36.0
478.0 36.0
479.0 36.0
480.0 36.0
481.0 36.0
482.0 36.0
483.0 36.0
484.0 38.0
485.0 38.0
486.0 36.0
487.0 36.0
488.0 38.0
489.0 36.0
490.0 38.0
491.0 38.0
492.0 38.0
493.0 38.0
494.0 38.0
495.0 38.0
496.0 38.0
497.0 38.0
498.0 38.0
499.0 38.0
500.0 38.0
501.0 38.0
502.0 38.0
503.0 38.0
504.0 38.0
505.0 38.0
506.0 38.0
507.0 38.0
508.0 38.0
509.0 38.0
510.0 38.0
511.0 38.0
512.0 38.0
513.0 38.0
514.0 38.0
515.0 38.0
516.0 38.0
517.0 38.0
518.0 38.0
519.0 38.0
520.0 38.0
521.0 38.0
522.0 38.0
523.0 38.0
524.0 38.0
525.0 38.0
526.0 38.0
527.0 38.0
528.0 38.0
529.0 38.0
530.0 38.0
531.0 38.0
532.0 38.0
533.0 38.0
534.0 38.0
535.0 38.0
536.0 38.0
537.0 38.0
538.0 38.0
539.0 38.0
540.0 38.0
541.0 38.0
542.0 38.0
543.0 38.0
544.0 38.0
545.0 38.0
546.0 38.0
547.0 38.0
548.0 38.0
549.0 38.0
550.0 38.0
551.0 38.0
552.0 38.0
553.0 38.0
554.0 38.0
555.0 38.0
556.0 38.0
557.0 38.0
558.0 38.0
559.0 38.0
560.0 38.0
561.0 38.0
562.0 38.0
563.0 38.0
564.0 38.0
565.0 38.0
566.0 38.0
567.0 38.0
568.0 38.0
569.0 38.0
570.0 38.0
571.0 38.0
572.0 38.0
573.0 38.0
574.0 38.0
575.0 38.0
576.0 38.0
577.0 38.0
578.0 38.0
579.0 38.0
580.0 38.0
581.0 38.0
582.0 38.0
583.0 38.0
584.0 38.0
585.0 38.0
586.0 38.0
587.0 38.0
588.0 38.0
589.0 38.0
590.0 38.0
591.0 38.0
592.0 38.0
593.0 38.0
594.0 38.0
595.0 38.0
596.0 38.0
597.0 38.0
598.0 38.0
599.0 38.0
600.0 38.0
601.0 38.0
602.0 38.0
603.0 40.0
604.0 38.0
605.0 38.0
606.0 40.0
607.0 38.0
608.0 38.0
609.0 40.0
610.0 38.0
611.0 38.0
612.0 38.0
613.0 40.0
614.0 38.0
615.0 40.0
616.0 40.0
617.0 40.0
618.0 40.0
619.0 40.0
620.0 40.0
621.0 40.0
622.0 40.0
623.0 40.0
624.0 40.0
625.0 40.0
626.0 40.0
627.0 40.0
628.0 40.0
629.0 40.0
630.0 40.0
631.0 40.0
632.0 40.0
633.0 40.0
634.0 40.0
635.0 40.0
636.0 40.0
637.0 40.0
638.0 40.0
639.0 40.0
640.0 40.0
641.0 40.0
642.0 40.0
643.0 40.0
644.0 40.0
645.0 40.0
646.0 40.0
647.0 40.0
648.0 40.0
649.0 40.0
650.0 40.0
651.0 40.0
652.0 40.0
653.0 40.0
654.0 40.0
655.0 40.0
656.0 40.0
657.0 40.0
658.0 40.0
659.0 40.0
660.0 40.0
661.0 40.0
662.0 40.0
663.0 40.0
664.0 40.0
665.0 40.0
666.0 40.0
667.0 40.0
668.0 40.0
669.0 40.0
670.0 40.0
671.0 40.0
672.0 40.0
673.0 40.0
674.0 40.0
675.0 40.0
676.0 40.0
677.0 40.0
678.0 40.0
679.0 40.0
680.0 40.0
681.0 40.0
682.0 40.0
683.0 40.0
684.0 40.0
685.0 40.0
686.0 40.0
687.0 40.0
688.0 40.0
689.0 40.0
690.0 40.0
691.0 40.0
692.0 40.0
693.0 40.0
694.0 40.0
695.0 40.0
696.0 40.0
697.0 40.0
698.0 40.0
699.0 40.0
700.0 40.0
701.0 40.0
702.0 40.0
703.0 40.0
704.0 40.0
705.0 40.0
706.0 40.0
707.0 40.0
708.0 40.0
709.0 40.0
710.0 40.0
711.0 40.0
712.0 40.0
713.0 40.0
714.0 40.0
715.0 40.0
716.0 40.0
717.0 40.0
718.0 40.0
719.0 40.0
720.0 40.0
721.0 40.0
722.0 40.0
723.0 40.0
724.0 40.0
725.0 40.0
726.0 40.0
727.0 40.0
728.0 40.0
729.0 40.0
730.0 40.0
731.0 40.0
732.0 40.0
733.0 40.0
734.0 40.0
735.0 40.0
736.0 40.0
737.0 40.0
738.0 40.0
739.0 40.0
740.0 40.0
741.0 40.0
742.0 40.0
743.0 40.0
744.0 40.0
745.0 40.0
746.0 40.0
747.0 40.0
748.0 40.0
749.0 40.0
750.0 40.0
751.0 40.0
752.0 40.0
753.0 40.0
754.0 40.0
755.0 40.0
756.0 40.0
757.0 42.0
758.0 42.0
759.0 40.0
760.0 40.0
761.0 42.0
762.0 42.0
763.0 40.0
764.0 42.0
765.0 42.0
766.0 42.0
767.0 40.0
768.0 42.0
769.0 42.0
770.0 40.0
771.0 42.0
772.0 42.0
773.0 42.0
774.0 40.0
775.0 42.0
776.0 42.0
777.0 42.0
778.0 42.0
779.0 42.0
780.0 42.0
781.0 42.0
782.0 42.0
783.0 42.0
784.0 42.0
785.0 42.0
786.0 42.0
787.0 42.0
788.0 42.0
789.0 42.0
790.0 42.0
791.0 42.0
792.0 42.0
793.0 42.0
794.0 42.0
795.0 42.0
796.0 42.0
797.0 42.0
798.0 42.0
799.0 42.0
800.0 42.0
801.0 42.0
802.0 42.0
803.0 42.0
804.0 42.0
805.0 42.0
806.0 42.0
807.0 42.0
808.0 42.0
809.0 42.0
810.0 42.0
811.0 42.0
812.0 42.0
813.0 42.0
814.0 42.0
815.0 42.0
816.0 42.0
817.0 42.0
818.0 42.0
819.0 42.0
820.0 42.0
821.0 42.0
822.0 42.0
823.0 42.0
824.0 42.0
825.0 42.0
826.0 42.0
827.0 42.0
828.0 42.0
829.0 42.0
830.0 42.0
831.0 42.0
832.0 42.0
833.0 42.0
834.0 42.0
835.0 42.0
836.0 42.0
837.0 42.0
838.0 42.0
839.0 42.0
840.0 42.0
841.0 42.0
842.0 42.0
843.0 42.0
844.0 42.0
845.0 42.0
846.0 42.0
847.0 42.0
848.0 42.0
849.0 42.0
850.0 42.0
851.0 42.0
852.0 42.0
853.0 42.0
854.0 42.0
855.0 42.0
856.0 42.0
857.0 42.0
858.0 42.0
859.0 42.0
860.0 42.0
861.0 42.0
862.0 42.0
863.0 42.0
864.0 42.0
865.0 42.0
866.0 42.0
867.0 42.0
868.0 42.0
869.0 42.0
870.0 42.0
871.0 42.0
872.0 42.0
873.0 42.0
874.0 42.0
875.0 42.0
876.0 42.0
877.0 42.0
878.0 42.0
879.0 42.0
880.0 42.0
881.0 42.0
882.0 42.0
883.0 42.0
884.0 42.0
885.0 42.0
886.0 42.0
887.0 42.0
888.0 42.0
889.0 42.0
890.0 42.0
891.0 42.0
892.0 42.0
893.0 42.0
894.0 42.0
895.0 42.0
896.0 42.0
897.0 42.0
898.0 42.0
899.0 42.0
900.0 42.0
901.0 42.0
902.0 42.0
903.0 42.0
904.0 42.0
905.0 42.0
906.0 42.0
907.0 42.0
908.0 42.0
909.0 42.0
910.0 42.0
911.0 42.0
912.0 42.0
913.0 42.0
914.0 42.0
915.0 42.0
916.0 42.0
917.0 42.0
918.0 42.0
919.0 42.0
920.0 42.0
921.0 42.0
922.0 42.0
923.0 42.0
924.0 42.0
925.0 42.0
926.0 42.0
927.0 42.0
928.0 42.0
929.0 42.0
930.0 42.0
931.0 42.0
932.0 42.0
933.0 42.0
934.0 42.0
935.0 42.0
936.0 42.0
937.0 42.0
938.0 42.0
939.0 42.0
940.0 42.0
941.0 42.0
942.0 42.0
943.0 42.0
944.0 42.0
945.0 44.0
946.0 42.0
947.0 42.0
948.0 42.0
949.0 42.0
950.0 42.0
951.0 44.0
952.0 44.0
953.0 44.0
954.0 44.0
955.0 44.0
956.0 42.0
957.0 42.0
958.0 42.0
959.0 44.0
960.0 42.0
961.0 42.0
962.0 44.0
963.0 44.0
964.0 44.0
965.0 44.0
966.0 44.0
967.0 44.0
968.0 44.0
969.0 44.0
970.0 44.0
971.0 44.0
972.0 44.0
973.0 44.0
974.0 44.0
975.0 44.0
976.0 44.0
977.0 42.0
978.0 44.0
979.0 44.0
980.0 44.0
981.0 44.0
982.0 44.0
983.0 44.0
984.0 44.0
985.0 44.0
986.0 44.0
987.0 44.0
988.0 44.0
989.0 44.0
990.0 44.0
991.0 44.0
992.0 44.0
993.0 44.0
994.0 44.0
995.0 44.0
996.0 44.0
997.0 44.0
998.0 44.0
999.0 44.0
1000.0 44.0
