1.0 0.0
2.0 0.0
3.0 0.0
4.0 0.0
5.0 0.0
6.0 0.0
7.0 0.0
8.0 0.0
9.0 0.0
10.0 0.0
11.0 2.0
12.0 2.0
13.0 2.0
14.0 2.0
15.0 2.0
16.0 2.0
17.0 4.0
18.0 4.0
19.0 4.0
20.0 4.0
21.0 4.0
22.0 4.0
23.0 6.0
24.0 6.0
25.0 6.0
26.0 6.0
27.0 6.0
28.0 6.0
29.0 6.0
30.0 8.0
31.0 8.0
32.0 8.0
33.0 8.0
34.0 8.0
35.0 8.0
36.0 8.0
37.0 8.0
38.0 8.0
39.0 10.0
40.0 10.0
41.0 10.0
42.0 10.0
43.0 10.0
44.0 10.0
45.0 10.0
46.0 10.0
47.0 10.0
48.0 10.0
49.0 10.0
50.0 10.0
51.0 12.0
52.0 12.0
53.0 12.0
54.0 12.0
55.0 12.0
56.0 12.0
57.0 12.0
58.0 12.0
59.0 12.0
60.0 12.0
61.0 12.0
62.0 12.0
63.0 12.0
64.0 12.0
65.0 12.0
66.0 12.0
67.0 12.0
68.0 14.0
69.0 14.0
70.0 14.0
71.0 14.0
72.0 14.0
73.0 14.0
74.0 14.0
75.0 14.0
76.0 14.0
77.0 14.0
78.0 14.0
79.0 14.0
80.0 14.0
81.0 14.0
82.0 14.0
83.0 14.0
84.0 14.0
85.0 14.0
86.0 14.0
87.0 14.0
88.0 14.0
89.0 16.0
90.0 16.0
91.0 16.0
92.0 16.0
93.0 16.0
94.0 16.0
95.0 16.0
96.0 16.0
97.0 16.0
98.0 16.0
99.0 16.0
100.0 16.0
101.0 16.0
102.0 16.0
103.0 16.0
104.0 16.0
105.0 16.0
106.0 16.0
107.0 16.0
108.0 16.0
109.0 16.0
110.0 16.0
111.0 16.0
112.0 16.0
113.0 16.0
114.0 16.0
115.0 16.0
116.0 16.0
117.0 18.0
118.0 18.0
119.0 18.0
120.0 18.0
121.0 18.0
122.0 18.0
123.0 18.0
124.0 18.0
125.0 18.0
126.0 18.0
127.0 18.0
128.0 18.0
129.0 18.0
130.0 18.0
131.0 18.0
132.0 18.0
133.0 18.0
134.0 18.0
135.0 18.0
136.0 18.0
137.0 18.0
138.0 18.0
139.0 18.0
140.0 18.0
141.0 18.0
142.0 18.0
143.0 18.0
144.0 18.0
145.0 18.0
146.0 18.0
147.0 18.0
148.0 18.0
149.0 18.0
150.0 18.0
151.0 18.0
152.0 18.0
153.0 18.0
154.0 18.0
155.0 18.0
156.0 18.0
157.0 18.0
158.0 20.0
159.0 18.0
160.0 20.0
161.0 20.0
162.0 20.0
163.0 20.0
164.0 20.0
165.0 20.0
166.0 20.0
167.0 20.0
168.0 20.0
169.0 20.0
170.0 20.0
171.0 20.0
172.0 20.0
173.0 20.0
174.0 20.0
175.0 20.0
176.0 20.0
177.0 20.0
178.0 20.0
179.0 20.0
180.0 20.0
181.0 20.0
182.0 20.0
183.0 20.0
184.0 20.0
185.0 20.0
186.0 20.0
187.0 20.0
188.0 20.0
189.0 20.0
190.0 20.0
191.0 20.0
192.0 20.0
193.0 20.0
194.0 20.0
195.0 20.0
196.0 20.0
197.0 20.0
198.0 20.0
199.0 20.0
200.0 20.0
201.0 20.0
202.0 20.0
203.0 20.0
204.0 20.0
205.0 20.0
206.0 20.0
207.0 20.0
208.0 20.0
209.0 20.0
210.0 20.0
211.0 22.0
212.0 20.0
213.0 22.0
214.0 22.0
215.0 22.0
216.0 22.0
217.0 22.0
218.0 22.0
219.0 22.0
220.0 22.0
221.0 22.0
222.0 22.0
223.0 22.0
224.0 22.0
225.0 22.0
226.0 22.0
227.0 22.0
228.0 22.0
229.0 22.0
230.0 22.0
231.0 22.0
232.0 22.0
233.0 22.0
234.0 22.0
235.0 22.0
236.0 22.0
237.0 22.0
238.0 22.0
239.0 22.0
240.0 22.0
241.0 22.0
242.0 22.0
243.0 22.0
244.0 22.0
245.0 22.0
246.0 22.0
247.0 22.0
248.0 22.0
249.0 22.0
250.0 22.0
251.0 22.0
252.0 22.0
253.0 22.0
254.0 22.0
255.0 22.0
256.0 22.0
257.0 22.0
258.0 22.0
259.0 22.0
260.0 22.0
261.0 22.0
262.0 22.0
263.0 22.0
264.0 22.0
265.0 22.0
266.0 22.0
267.0 22.0
268.0 22.0
269.0 22.0
270.0 22.0
271.0 22.0
272.0 22.0
273.0 22.0
274.0 22.0
275.0 22.0
276.0 22.0
277.0 22.0
278.0 22.0
279.0 22.0
280.0 22.0
281.0 22.0
282.0 22.0
283.0 24.0
284.0 22.0
285.0 22.0
286.0 22.0
287.0 24.0
288.0 24.0
289.0 24.0
290.0 24.0
291.0 24.0
292.0 24.0
293.0 24.0
294.0 24.0
295.0 24.0
296.0 24.0
297.0 24.0
298.0 24.0
299.0 24.0
300.0 24.0
301.0 24.0
302.0 24.0
303.0 24.0
304.0 24.0
305.0 24.0
306.0 24.0
307.0 24.0
308.0 24.0
309.0 24.0
310.0 24.0
311.0 24.0
312.0 24.0
313.0 24.0
314.0 24.0
315.0 24.0
316.0 24.0
317.0 24.0
318.0 24.0
319.0 24.0
320.0 24.0
321.0 24.0
322.0 24.0
323.0 24.0
324.0 24.0
325.0 24.0
326.0 24.0
327.0 24.0
328.0 24.0
329.0 24.0
330.0 24.0
331.0 24.0
332.0 24.0
333.0 24.0
334.0 24.0
335.0 24.0
336.0 24.0
337.0 24.0
338.0 24.0
339.0 24.0
340.0 24.0
341.0 24.0
342.0 24.0
343.0 24.0
344.0 24.0
345.0 24.0
346.0 24.0
347.0 24.0
348.0 24.0
349.0 24.0
350.0 24.0
351.0 24.0
352.0 24.0
353.0 24.0
354.0 24.0
355.0 24.0
356.0 24.0
357.0 24.0
358.0 24.0
359.0 24.0
360.0 24.0
361.0 24.0
362.0 24.0
363.0 24.0
364.0 24.0
365.0 24.0
366.0 24.0
367.0 24.0
368.0 24.0
369.0 24.0
370.0 24.0
371.0 24.0
372.0 24.0
373.0 24.0
374.0 24.0
375.0 24.0
376.0 24.0
377.0 24.0
378.0 24.0
379.0 24.0
380.0 24.0
381.0 24.0
382.0 24.0
383.0 26.0
384.0 24.0
385.0 24.0
386.0 24.0
387.0 26.0
388.0 24.0
389.0 26.0
390.0 26.0
391.0 26.0
392.0 24.0
393.0 26.0
394.0 26.0
395.0 26.0
396.0 26.0
397.0 26.0
398.0 26.0
399.0 26.0
400.0 26.0
401.0 26.0
402.0 26.0
403.0 26.0
404.0 26.0
405.0 26.0
406.0 26.0
407.0 26.0
408.0 26.0
409.0 26.0
410.0 26.0
411.0 26.0
412.0 26.0
413.0 26.0
414.0 26.0
415.0 26.0
416.0 26.0
417.0 26.0
418.0 26.0
419.0 26.0
420.0 26.0
421.0 26.0
422.0 26.0
423.0 26.0
424.0 26.0
425.0 26.0
426.0 26.0
427.0 26.0
428.0 26.0
429.0 26.0
430.0 26.0
431.0 26.0
432.0 26.0
433.0 26.0
434.0 26.0
435.0 26.0
436.0 26.0
437.0 26.0
438.0 26.0
439.0 26.0
440.0 26.0
441.0 26.0
442.0 26.0
443.0 26.0
444.0 26.0
445.0 26.0
446.0 26.0
447.0 26.0
448.0 26.0
449.0 26.0
450.0 26.0
451.0 26.0
452.0 26.0
453.0 26.0
454.0 26.0
455.0 26.0
456.0 26.0
457.0 26.0
458.0 26.0
459.0 26.0
460.0 26.0
461.0 26.0
462.0 26.0
463.0 26.0
464.0 26.0
465.0 26.0
466.0 26.0
467.0 26.0
468.0 26.0
469.0 26.0
470.0 26.0
471.0 26.0
472.0 26.0
473.0 26.0
474.0 26.0
475.0 26.0
476.0 26.0
477.0 26.0
478.0 26.0
479.0 26.0
480.0 26.0
481.0 26.0
482.0 26.0
483.0 26.0
484.0 26.0
485.0 26.0
486.0 26.0
487.0 26.0
488.0 26.0
489.0 26.0
490.0 26.0
491.0 26.0
492.0 26.0
493.0 26.0
494.0 26.0
495.0 26.0
496.0 26.0
497.0 26.0
498.0 26.0
499.0 26.0
500.0 26.0
501.0 26.0
502.0 26.0
503.0 26.0
504.0 26.0
505.0 26.0
506.0 26.0
507.0 26.0
508.0 26.0
509.0 26.0
510.0 26.0
511.0 26.0
512.0 26.0
513.0 26.0
514.0 26.0
515.0 26.0
516.0 26.0
517.0 26.0
518.0 26.0
519.0 26.0
520.0 28.0
521.0 26.0
522.0 28.0
523.0 28.0
524.0 28.0
525.0 28.0
526.0 26.0
527.0 26.0
528.0 26.0
529.0 28.0
530.0 28.0
531.0 28.0
532.0 28.0
533.0 28.0
534.0 28.0
535.0 28.0
536.0 28.0
537.0 28.0
538.0 28.0
539.0 28.0
540.0 28.0
541.0 28.0
542.0 28.0
543.0 28.0
544.0 28.0
545.0 28.0
546.0 28.0
547.0 28.0
548.0 28.0
549.0 28.0
550.0 28.0
551.0 28.0
552.0 28.0
553.0 28.0
554.0 28.0
555.0 28.0
556.0 28.0
557.0 28.0
558.0 28.0
559.0 28.0
560.0 28.0
561.0 28.0
562.0 28.0
563.0 28.0
564.0 28.0
565.0 28.0
566.0 28.0
567.0 28.0
568.0 28.0
569.0 28.0
570.0 28.0
571.0 28.0
572.0 28.0
573.0 28.0
574.0 28.0
575.0 28.0
576.0 28.0
577.0 28.0
578.0 28.0
579.0 28.0
580.0 28.0
581.0 28.0
582.0 28.0
583.0 28.0
584.0 28.0
585.0 28.0
586.0 28.0
587.0 28.0
588.0 28.0
589.0 28.0
590.0 28.0
591.0 28.0
592.0 28.0
593.0 28.0
594.0 28.0
595.0 28.0
596.0 28.0
597.0 28.0
598.0 28.0
599.0 28.0
600.0 28.0
601.0 28.0
602.0 28.0
603.0 28.0
604.0 28.0
605.0 28.0
606.0 28.0
607.0 28.0
608.0 28.0
609.0 28.0
610.0 28.0
611.0 28.0
612.0 28.0
613.0 28.0
614.0 28.0
615.0 28.0
616.0 28.0
617.0 28.0
618.0 28.0
619.0 28.0
620.0 28.0
621.0 28.0
622.0 28.0
623.0 28.0
624.0 28.0
625.0 28.0
626.0 28.0
627.0 28.0
628.0 28.0
629.0 28.0
630.0 28.0
631.0 28.0
632.0 28.0
633.0 28.0
634.0 28.0
635.0 28.0
636.0 28.0
637.0 28.0
638.0 28.0
639.0 28.0
640.0 28.0
641.0 28.0
642.0 28.0
643.0 28.0
644.0 28.0
645.0 28.0
646.0 28.0
647.0 28.0
648.0 28.0
649.0 28.0
650.0 28.0
651.0 28.0
652.0 28.0
653.0 28.0
654.0 28.0
655.0 28.0
656.0 28.0
657.0 28.0
658.0 28.0
659.0 28.0
660.0 28.0
661.0 28.0
662.0 28.0
663.0 28.0
664.0 28.0
665.0 28.0
666.0 28.0
667.0 28.0
668.0 28.0
669.0 28.0
670.0 28.0
671.0 28.0
672.0 28.0
673.0 28.0
674.0 28.0
675.0 28.0
676.0 28.0
677.0 28.0
678.0 28.0
679.0 28.0
680.0 28.0
681.0 28.0
682.0 28.0
683.0 28.0
684.0 28.0
685.0 28.0
686.0 28.0
687.0 28.0
688.0 28.0
689.0 28.0
690.0 28.0
691.0 28.0
692.0 28.0
693.0 28.0
694.0 28.0
695.0 28.0
696.0 28.0
697.0 28.0
698.0 28.0
699.0 28.0
700.0 28.0
701.0 28.0
702.0 28.0
703.0 28.0
704.0 30.0
705.0 28.0
706.0 28.0
707.0 28.0
708.0 30.0
709.0 30.0
710.0 30.0
711.0 30.0
712.0 30.0
713.0 30.0
714.0 30.0
715.0 30.0
716.0 30.0
717.0 30.0
718.0 30.0
719.0 30.0
720.0 30.0
721.0 30.0
722.0 30.0
723.0 30.0
724.0 30.0
725.0 30.0
726.0 30.0
727.0 30.0
728.0 30.0
729.0 30.0
730.0 30.0
731.0 30.0
732.0 30.0
733.0 30.0
734.0 30.0
735.0 30.0
736.0 30.0
737.0 30.0
738.0 30.0
739.0 30.0
740.0 30.0
741.0 30.0
742.0 30.0
743.0 30.0
744.0 30.0
745.0 30.0
746.0 30.0
747.0 30.0
748.0 30.0
749.0 30.0
750.0 30.0
751.0 30.0
752.0 30.0
753.0 30.0
754.0 30.0
755.0 30.0
756.0 30.0
757.0 30.0
758.0 30.0
759.0 30.0
760.0 30.0
761.0 30.0
762.0 30.0
763.0 30.0
764.0 30.0
765.0 30.0
766.0 30.0
767.0 30.0
768.0 30.0
769.0 30.0
770.0 30.0
771.0 30.0
772.0 30.0
773.0 30.0
774.0 30.0
775.0 30.0
776.0 30.0
777.0 30.0
778.0 30.0
779.0 30.0
780.0 30.0
781.0 30.0
782.0 30.0
783.0 30.0
784.0 30.0
785.0 30.0
786.0 30.0
787.0 30.0
788.0 30.0
789.0 30.0
790.0 30.0
791.0 30.0
792.0 30.0
793.0 30.0
794.0 30.0
795.0 30.0
796.0 30.0
797.0 30.0
798.0 30.0
799.0 30.0
800.0 30.0
801.0 30.0
802.0 30.0
803.0 30.0
804.0 30.0
805.0 30.0
806.0 30.0
807.0 30.0
808.0 30.0
809.0 30.0
810.0 30.0
811.0 30.0
812.0 30.0
813.0 30.0
814.0 30.0
815.0 30.0
816.0 30.0
817.0 30.0
818.0 30.0
819.0 30.0
820.0 30.0
821.0 30.0
822.0 30.0
823.0 30.0
824.0 30.0
825.0 30.0
826.0 30.0
827.0 30.0
828.0 30.0
829.0 30.0
830.0 30.0
831.0 30.0
832.0 30.0
833.0 30.0
834.0 30.0
835.0 30.0
836.0 30.0
837.0 30.0
838.0 30.0
839.0 30.0
840.0 30.0
841.0 30.0
842.0 30.0
843.0 30.0
844.0 30.0
845.0 30.0
846.0 30.0
847.0 30.0
848.0 30.0
849.0 30.0
850.0 30.0
851.0 30.0
852.0 30.0
853.0 30.0
854.0 30.0
855.0 30.0
856.0 30.0
857.0 30.0
858.0 30.0
859.0 30.0
860.0 30.0
861.0 30.0
862.0 30.0
863.0 30.0
864.0 30.0
865.0 30.0
866.0 30.0
867.0 30.0
868.0 30.0
869.0 30.0
870.0 30.0
871.0 30.0
872.0 30.0
873.0 30.0
874.0 30.0
875.0 30.0
876.0 30.0
877.0 30.0
878.0 30.0
879.0 30.0
880.0 30.0
881.0 30.0
882.0 30.0
883.0 30.0
884.0 30.0
885.0 30.0
886.0 30.0
887.0 30.0
888.0 30.0
889.0 30.0
890.0 30.0
891.0 30.0
892.0 30.0
893.0 30.0
894.0 30.0
895.0 30.0
896.0 30.0
897.0 30.0
898.0 30.0
899.0 30.0
900.0 30.0
901.0 30.0
902.0 30.0
903.0 30.0
904.0 30.0
905.0 30.0
906.0 30.0
907.0 30.0
908.0 30.0
909.0 30.0
910.0 30.0
911.0 30.0
912.0 30.0
913.0 30.0
914.0 30.0
915.0 30.0
916.0 30.0
917.0 30.0
918.0 30.0
919.0 30.0
920.0 30.0
921.0 30.0
922.0 30.0
923.0 30.0
924.0 30.0
925.0 30.0
926.0 30.0
927.0 32.0
928.0 30.0
929.0 30.0
930.0 30.0
931.0 30.0
932.0 30.0
933.0 30.0
934.0 30.0
935.0 30.0
936.0 30.0
937.0 32.0
938.0 30.0
939.0 30.0
940.0 30.0
941.0 30.0
942.0 30.0
943.0 30.0
944.0 30.0
945.0 32.0
946.0 30.0
947.0 32.0
948.0 30.0
949.0 32.0
950.0 30.0
951.0 30.0
952.0 30.0
953.0 30.0
954.0 30.0
955.0 30.0
956.0 30.0
957.0 32.0
958.0 32.0
959.0 30.0
960.0 32.0
961.0 32.0
962.0 30.0
963.0 32.0
964.0 32.0
965.0 32.0
966.0 32.0
967.0 32.0
968.0 32.0
969.0 30.0
970.0 32.0
971.0 32.0
972.0 32.0
973.0 32.0
974.0 32.0
975.0 32.0
976.0 32.0
977.0 32.0
978.0 32.0
979.0 32.0
980.0 32.0
981.0 32.0
982.0 32.0
983.0 32.0
984.0 32.0
985.0 32.0
986.0 32.0
987.0 32.0
988.0 32.0
989.0 32.0
990.0 32.0
991.0 32.0
992.0 32.0
993.0 32.0
994.0 32.0
995.0 32.0
996.0 32.0
997.0 32.0
998.0 32.0
999.0 32.0
1000.0 32.0
