1.0 0.0
2.0 10.0
3.0 44.0
4.0 86.0
5.0 151.0
6.0 215.0
7.0 267.0
8.0 365.0
9.0 471.0
10.0 575.0
11.0 673.0
12.0 805.0
13.0 918.0
14.0 1126.0
15.0 1225.0
16.0 1370.0
17.0 1531.0
18.0 1631.0
19.0 1861.0
20.0 1944.0
21.0 2123.0
22.0 2247.0
23.0 2402.0
24.0 2575.0
25.0 2685.0
26.0 2821.0
27.0 2926.0
28.0 3086.0
29.0 3213.0
30.0 3354.0
31.0 3444.0
32.0 3594.0
33.0 3757.0
34.0 3900.0
35.0 4017.0
36.0 4195.0
37.0 4303.0
38.0 4473.0
39.0 4585.0
40.0 4758.0
41.0 4858.0
42.0 5049.0
43.0 5186.0
44.0 5334.0
45.0 5449.0
46.0 5655.0
47.0 5771.0
48.0 5931.0
49.0 6076.0
50.0 6243.0
51.0 6434.0
52.0 6589.0
53.0 6802.0
54.0 6901.0
55.0 7119.0
56.0 7248.0
57.0 7478.0
58.0 7725.0
59.0 7874.0
60.0 8053.0
61.0 8270.0
62.0 8463.0
63.0 8672.0
64.0 8871.0
65.0 9049.0
66.0 9249.0
67.0 9451.0
68.0 9668.0
69.0 9884.0
70.0 10034.0
71.0 10311.0
72.0 10458.0
73.0 10703.0
74.0 10892.0
75.0 11090.0
76.0 11369.0
77.0 11602.0
78.0 11774.0
79.0 12094.0
80.0 12218.0
81.0 12465.0
82.0 12731.0
83.0 12917.0
84.0 13154.0
85.0 13337.0
86.0 13641.0
87.0 13892.0
88.0 14100.0
89.0 14384.0
90.0 14520.0
91.0 14795.0
92.0 15059.0
93.0 15317.0
94.0 15596.0
95.0 15794.0
96.0 16106.0
97.0 16342.0
98.0 16608.0
99.0 16885.0
100.0 17106.0
101.0 17379.0
102.0 17548.0
103.0 17929.0
104.0 18069.0
105.0 18495.0
106.0 18693.0
107.0 18957.0
108.0 19287.0
109.0 19514.0
110.0 19813.0
111.0 20061.0
112.0 20335.0
113.0 20526.0
114.0 20947.0
115.0 21155.0
116.0 21393.0
117.0 21703.0
118.0 22003.0
119.0 22346.0
120.0 22563.0
121.0 22849.0
122.0 23202.0
123.0 23466.0
124.0 23811.0
125.0 24053.0
126.0 24402.0
127.0 24620.0
128.0 24895.0
129.0 25154.0
130.0 25569.0
131.0 25809.0
132.0 26144.0
133.0 26425.0
134.0 26768.0
135.0 26950.0
136.0 27399.0
137.0 27659.0
138.0 27922.0
139.0 28246.0
140.0 28576.0
141.0 28892.0
142.0 29308.0
143.0 29568.0
144.0 29848.0
145.0 30206.0
146.0 30401.0
147.0 30874.0
148.0 31199.0
149.0 31466.0
150.0 31773.0
151.0 32039.0
152.0 32481.0
153.0 32877.0
154.0 33172.0
155.0 33473.0
156.0 33786.0
157.0 34095.0
158.0 34475.0
159.0 34663.0
160.0 35087.0
161.0 35391.0
162.0 35712.0
163.0 36119.0
164.0 36404.0
165.0 36929.0
166.0 36997.0
167.0 37448.0
168.0 37761.0
169.0 38099.0
170.0 38454.0
171.0 38894.0
172.0 39059.0
173.0 39396.0
174.0 39827.0
175.0 40212.0
176.0 40512.0
177.0 40860.0
178.0 41158.0
179.0 41466.0
180.0 41937.0
181.0 42264.0
182.0 42607.0
183.0 42979.0
184.0 43245.0
185.0 43602.0
186.0 44062.0
187.0 44282.0
188.0 44827.0
189.0 45083.0
190.0 45511.0
191.0 45785.0
192.0 46335.0
193.0 46720.0
194.0 46945.0
195.0 47463.0
196.0 47666.0
197.0 48172.0
198.0 48320.0
199.0 48863.0
200.0 49152.0
201.0 49353.0
202.0 49917.0
203.0 50374.0
204.0 50670.0
205.0 51178.0
206.0 51413.0
207.0 51656.0
208.0 52106.0
209.0 52454.0
210.0 52881.0
211.0 53098.0
212.0 53641.0
213.0 54034.0
214.0 54266.0
215.0 54564.0
216.0 55017.0
217.0 55541.0
218.0 55919.0
219.0 56212.0
220.0 56750.0
221.0 57050.0
222.0 57466.0
223.0 58008.0
224.0 58187.0
225.0 58524.0
226.0 58953.0
227.0 59347.0
228.0 59761.0
229.0 60221.0
230.0 60580.0
231.0 61036.0
232.0 61230.0
233.0 61690.0
234.0 62179.0
235.0 62694.0
236.0 62983.0
237.0 63537.0
238.0 63663.0
239.0 63801.0
240.0 64320.0
241.0 64819.0
242.0 64809.0
243.0 65750.0
244.0 65935.0
245.0 66341.0
246.0 66818.0
247.0 66952.0
248.0 67463.0
249.0 68068.0
250.0 68289.0
251.0 68729.0
252.0 69294.0
253.0 69673.0
254.0 69888.0
255.0 70258.0
256.0 70895.0
257.0 71268.0
258.0 71739.0
259.0 71942.0
260.0 72274.0
261.0 72888.0
262.0 73366.0
263.0 73964.0
264.0 73849.0
265.0 74454.0
266.0 74928.0
267.0 75062.0
268.0 75549.0
269.0 76374.0
270.0 76351.0
271.0 76799.0
272.0 77271.0
273.0 77267.0
274.0 77819.0
275.0 78531.0
276.0 78786.0
277.0 79177.0
278.0 79546.0
279.0 79984.0
280.0 80366.0
281.0 80460.0
282.0 80994.0
283.0 81550.0
284.0 81892.0
285.0 82309.0
286.0 82784.0
287.0 83114.0
288.0 83221.0
289.0 83735.0
290.0 84099.0
291.0 84614.0
292.0 84710.0
293.0 85066.0
294.0 85549.0
295.0 86107.0
296.0 86247.0
297.0 86973.0
298.0 87079.0
299.0 87293.0
300.0 87531.0
301.0 88085.0
302.0 88038.0
303.0 88800.0
304.0 88505.0
305.0 89499.0
306.0 89511.0
307.0 89871.0
308.0 90258.0
309.0 90282.0
310.0 91076.0
311.0 91218.0
312.0 91566.0
313.0 91391.0
314.0 92275.0
315.0 92625.0
316.0 92585.0
317.0 93420.0
318.0 93285.0
319.0 94020.0
320.0 93771.0
321.0 94150.0
322.0 94433.0
323.0 95134.0
324.0 95232.0
325.0 95373.0
326.0 95946.0
327.0 95523.0
328.0 96240.0
329.0 96809.0
330.0 96435.0
331.0 97255.0
332.0 96529.0
333.0 97275.0
334.0 97211.0
335.0 97610.0
336.0 97634.0
337.0 98066.0
338.0 98227.0
339.0 98382.0
340.0 99549.0
341.0 98798.0
342.0 99214.0
343.0 99512.0
344.0 99362.0
345.0 99831.0
346.0 100164.0
347.0 100380.0
348.0 100812.0
349.0 100540.0
350.0 101074.0
351.0 100673.0
352.0 101329.0
353.0 101847.0
354.0 101199.0
355.0 101998.0
356.0 101917.0
357.0 102229.0
358.0 102118.0
359.0 102802.0
360.0 102187.0
361.0 102762.0
362.0 102807.0
363.0 102928.0
364.0 103126.0
365.0 103383.0
366.0 104005.0
367.0 103877.0
368.0 103604.0
369.0 104026.0
370.0 104347.0
371.0 104528.0
372.0 103792.0
373.0 104800.0
374.0 104377.0
375.0 105149.0
376.0 105083.0
377.0 105145.0
378.0 105508.0
379.0 104588.0
380.0 105814.0
381.0 105887.0
382.0 106190.0
383.0 106441.0
384.0 106212.0
385.0 106500.0
386.0 106883.0
387.0 106748.0
388.0 107217.0
389.0 107378.0
390.0 107196.0
391.0 107016.0
392.0 107277.0
393.0 107202.0
394.0 107433.0
395.0 107996.0
396.0 107870.0
397.0 108461.0
398.0 108561.0
399.0 108530.0
400.0 108867.0
401.0 109198.0
402.0 109179.0
403.0 108992.0
404.0 109892.0
405.0 109514.0
406.0 109835.0
407.0 110068.0
408.0 109891.0
409.0 110380.0
410.0 110386.0
411.0 110823.0
412.0 110548.0
413.0 111233.0
414.0 111512.0
415.0 111207.0
416.0 111548.0
417.0 111717.0
418.0 111269.0
419.0 111876.0
420.0 112234.0
421.0 112367.0
422.0 112772.0
423.0 112869.0
424.0 112909.0
425.0 113268.0
426.0 113646.0
427.0 113458.0
428.0 114087.0
429.0 113564.0
430.0 114642.0
431.0 114637.0
432.0 114607.0
433.0 114651.0
434.0 115272.0
435.0 115393.0
436.0 115571.0
437.0 115378.0
438.0 116162.0
439.0 116114.0
440.0 116473.0
441.0 116387.0
442.0 117102.0
443.0 117109.0
444.0 117255.0
445.0 117666.0
446.0 118479.0
447.0 118191.0
448.0 118169.0
449.0 118529.0
450.0 119119.0
451.0 118847.0
452.0 119398.0
453.0 119096.0
454.0 119597.0
455.0 120344.0
456.0 120481.0
457.0 120743.0
458.0 120628.0
459.0 121599.0
460.0 121429.0
461.0 121392.0
462.0 122201.0
463.0 122315.0
464.0 122502.0
465.0 122766.0
466.0 122775.0
467.0 123169.0
468.0 123201.0
469.0 123959.0
470.0 124102.0
471.0 124382.0
472.0 124293.0
473.0 125122.0
474.0 125275.0
475.0 125819.0
476.0 125716.0
477.0 126339.0
478.0 126379.0
479.0 126622.0
480.0 126972.0
481.0 126952.0
482.0 127835.0
483.0 128391.0
484.0 128103.0
485.0 128418.0
486.0 128451.0
487.0 129159.0
488.0 129452.0
489.0 129400.0
490.0 129887.0
491.0 130301.0
492.0 130908.0
493.0 130867.0
494.0 131609.0
495.0 131911.0
496.0 132016.0
497.0 132028.0
498.0 132438.0
499.0 132868.0
500.0 133702.0
501.0 134033.0
502.0 133628.0
503.0 133959.0
504.0 134517.0
505.0 134699.0
506.0 135233.0
507.0 135639.0
508.0 135944.0
509.0 136283.0
510.0 136369.0
511.0 136608.0
512.0 137441.0
513.0 137558.0
514.0 137712.0
515.0 138425.0
516.0 138829.0
517.0 138822.0
518.0 139233.0
519.0 139495.0
520.0 139844.0
521.0 140341.0
522.0 140589.0
523.0 141413.0
524.0 141682.0
525.0 141902.0
526.0 142144.0
527.0 142236.0
528.0 142633.0
529.0 142489.0
530.0 143454.0
531.0 143834.0
532.0 144374.0
533.0 144276.0
534.0 145053.0
535.0 145747.0
536.0 145683.0
537.0 146183.0
538.0 146503.0
539.0 146718.0
540.0 147237.0
541.0 148012.0
542.0 148131.0
543.0 148685.0
544.0 148523.0
545.0 149099.0
546.0 149437.0
547.0 149693.0
548.0 150215.0
549.0 150706.0
550.0 150979.0
551.0 151376.0
552.0 151987.0
553.0 151854.0
554.0 152368.0
555.0 153041.0
556.0 153167.0
557.0 153772.0
558.0 153803.0
559.0 153933.0
560.0 154927.0
561.0 155028.0
562.0 155831.0
563.0 155828.0
564.0 156051.0
565.0 156641.0
566.0 156941.0
567.0 157474.0
568.0 157711.0
569.0 158462.0
570.0 158447.0
571.0 158664.0
572.0 159499.0
573.0 159978.0
574.0 159739.0
575.0 160378.0
576.0 161056.0
577.0 161361.0
578.0 162143.0
579.0 162209.0
580.0 162699.0
581.0 162957.0
582.0 163380.0
583.0 163392.0
584.0 164071.0
585.0 164454.0
586.0 165205.0
587.0 165548.0
588.0 165864.0
589.0 166138.0
590.0 166581.0
591.0 166915.0
592.0 167314.0
593.0 167851.0
594.0 167787.0
595.0 168635.0
596.0 168831.0
597.0 169230.0
598.0 169631.0
599.0 169872.0
600.0 170403.0
601.0 171063.0
602.0 171222.0
603.0 171484.0
604.0 172698.0
605.0 172898.0
606.0 172479.0
607.0 173268.0
608.0 173765.0
609.0 173741.0
610.0 174037.0
611.0 175047.0
612.0 175396.0
613.0 176388.0
614.0 176537.0
615.0 176279.0
616.0 177468.0
617.0 176575.0
618.0 177824.0
619.0 178206.0
620.0 178976.0
621.0 178287.0
622.0 180089.0
623.0 179776.0
624.0 180336.0
625.0 180933.0
626.0 181667.0
627.0 181669.0
628.0 181667.0
629.0 182370.0
630.0 183196.0
631.0 183621.0
632.0 183255.0
633.0 184186.0
634.0 184797.0
635.0 185333.0
636.0 185139.0
637.0 185065.0
638.0 186384.0
639.0 185994.0
640.0 186629.0
641.0 187012.0
642.0 187388.0
643.0 188289.0
644.0 187785.0
645.0 188907.0
646.0 188811.0
647.0 189442.0
648.0 190688.0
649.0 190783.0
650.0 190421.0
651.0 191009.0
652.0 191846.0
653.0 191796.0
654.0 192464.0
655.0 192680.0
656.0 192964.0
657.0 193403.0
658.0 192946.0
659.0 194011.0
660.0 193743.0
661.0 194632.0
662.0 196132.0
663.0 195695.0
664.0 196518.0
665.0 196335.0
666.0 197075.0
667.0 196424.0
668.0 197829.0
669.0 198432.0
670.0 199010.0
671.0 198557.0
672.0 200247.0
673.0 199662.0
674.0 199952.0
675.0 200288.0
676.0 200804.0
677.0 201070.0
678.0 201300.0
679.0 202349.0
680.0 202594.0
681.0 202918.0
682.0 203387.0
683.0 203127.0
684.0 203993.0
685.0 205490.0
686.0 204614.0
687.0 204734.0
688.0 205841.0
689.0 205846.0
690.0 205808.0
691.0 206486.0
692.0 206800.0
693.0 206853.0
694.0 207740.0
695.0 207476.0
696.0 208525.0
697.0 208473.0
698.0 209029.0
699.0 209386.0
700.0 209569.0
701.0 210238.0
702.0 209495.0
703.0 210688.0
704.0 211536.0
705.0 211725.0
706.0 211911.0
707.0 212300.0
708.0 212182.0
709.0 212446.0
710.0 213031.0
711.0 213602.0
712.0 213680.0
713.0 214640.0
714.0 214524.0
715.0 214391.0
716.0 215296.0
717.0 215743.0
718.0 215036.0
719.0 215297.0
720.0 216908.0
721.0 216624.0
722.0 217151.0
723.0 217634.0
724.0 217088.0
725.0 218133.0
726.0 218556.0
727.0 218591.0
728.0 218490.0
729.0 218468.0
730.0 219772.0
731.0 219090.0
732.0 219505.0
733.0 221018.0
734.0 220548.0
735.0 220674.0
736.0 221520.0
737.0 221404.0
738.0 222524.0
739.0 222338.0
740.0 222279.0
741.0 224026.0
742.0 222667.0
743.0 222604.0
744.0 223036.0
745.0 224364.0
746.0 224039.0
747.0 224747.0
748.0 224768.0
749.0 224855.0
750.0 224039.0
751.0 225659.0
752.0 225022.0
753.0 226241.0
754.0 226110.0
755.0 226342.0
756.0 225524.0
757.0 226274.0
758.0 226914.0
759.0 227390.0
760.0 226544.0
761.0 227944.0
762.0 227423.0
763.0 228650.0
764.0 228469.0
765.0 228916.0
766.0 228400.0
767.0 228496.0
768.0 228675.0
769.0 229542.0
770.0 229444.0
771.0 229658.0
772.0 229150.0
773.0 230740.0
774.0 230111.0
775.0 231305.0
776.0 232191.0
777.0 231528.0
778.0 230629.0
779.0 231307.0
780.0 231982.0
781.0 232189.0
782.0 233032.0
783.0 232650.0
784.0 232446.0
785.0 233397.0
786.0 233207.0
787.0 233714.0
788.0 232846.0
789.0 233310.0
790.0 234592.0
791.0 233744.0
792.0 236014.0
793.0 235377.0
794.0 234529.0
795.0 234766.0
796.0 235063.0
797.0 236011.0
798.0 236558.0
799.0 236545.0
800.0 237007.0
801.0 236137.0
802.0 236509.0
803.0 236792.0
804.0 237239.0
805.0 235990.0
806.0 237813.0
807.0 237100.0
808.0 236106.0
809.0 238280.0
810.0 237954.0
811.0 237858.0
812.0 237369.0
813.0 238071.0
814.0 239710.0
815.0 239517.0
816.0 238878.0
817.0 237995.0
818.0 238411.0
819.0 239578.0
820.0 238719.0
821.0 238634.0
822.0 239125.0
823.0 240202.0
824.0 239132.0
825.0 239933.0
826.0 240491.0
827.0 241307.0
828.0 241049.0
829.0 240764.0
830.0 241333.0
831.0 240601.0
832.0 242219.0
833.0 241130.0
834.0 241432.0
835.0 242212.0
836.0 242589.0
837.0 240947.0
838.0 242694.0
839.0 243178.0
840.0 241871.0
841.0 241863.0
842.0 243267.0
843.0 243084.0
844.0 242415.0
845.0 244044.0
846.0 243447.0
847.0 243342.0
848.0 242679.0
849.0 244342.0
850.0 244419.0
851.0 243842.0
852.0 244616.0
853.0 243979.0
854.0 243645.0
855.0 244844.0
856.0 244408.0
857.0 245296.0
858.0 245129.0
859.0 244562.0
860.0 245356.0
861.0 245802.0
862.0 246493.0
863.0 246214.0
864.0 245943.0
865.0 245853.0
866.0 246339.0
867.0 245829.0
868.0 246151.0
869.0 247621.0
870.0 246478.0
871.0 247146.0
872.0 247417.0
873.0 247813.0
874.0 246773.0
875.0 247316.0
876.0 247680.0
877.0 248440.0
878.0 247328.0
879.0 248916.0
880.0 248897.0
881.0 248038.0
882.0 248289.0
883.0 248437.0
884.0 249499.0
885.0 249077.0
886.0 248971.0
887.0 249030.0
888.0 248969.0
889.0 249188.0
890.0 249558.0
891.0 250319.0
892.0 249627.0
893.0 250020.0
894.0 249911.0
895.0 251212.0
896.0 251724.0
897.0 251532.0
898.0 249455.0
899.0 251422.0
900.0 249909.0
901.0 251668.0
902.0 252415.0
903.0 251516.0
904.0 251946.0
905.0 252312.0
906.0 253047.0
907.0 251461.0
908.0 252484.0
909.0 253856.0
910.0 253378.0
911.0 252666.0
912.0 253461.0
913.0 253219.0
914.0 254213.0
915.0 253245.0
916.0 253446.0
917.0 254364.0
918.0 254692.0
919.0 255060.0
920.0 255397.0
921.0 254265.0
922.0 254184.0
923.0 254920.0
924.0 254710.0
925.0 254789.0
926.0 254450.0
927.0 255420.0
928.0 256828.0
929.0 255615.0
930.0 255297.0
931.0 256561.0
932.0 257104.0
933.0 255359.0
934.0 257717.0
935.0 256133.0
936.0 257109.0
937.0 257588.0
938.0 258173.0
939.0 258218.0
940.0 257566.0
941.0 257861.0
942.0 259586.0
943.0 258228.0
944.0 257823.0
945.0 258734.0
946.0 259429.0
947.0 259796.0
948.0 259678.0
949.0 259435.0
950.0 259463.0
951.0 260302.0
952.0 258840.0
953.0 260368.0
954.0 261069.0
955.0 261195.0
956.0 261242.0
957.0 261961.0
958.0 261849.0
959.0 261600.0
960.0 261056.0
961.0 262052.0
962.0 262373.0
963.0 262228.0
964.0 264110.0
965.0 263530.0
966.0 262256.0
967.0 263641.0
968.0 263890.0
969.0 263510.0
970.0 263541.0
971.0 264783.0
972.0 264720.0
973.0 264125.0
974.0 265213.0
975.0 264580.0
976.0 265087.0
977.0 265698.0
978.0 266058.0
979.0 266362.0
980.0 266363.0
981.0 266154.0
982.0 266748.0
983.0 267361.0
984.0 267678.0
985.0 267335.0
986.0 268216.0
987.0 267175.0
988.0 267398.0
989.0 268435.0
990.0 268028.0
991.0 269103.0
992.0 268958.0
993.0 269554.0
994.0 269820.0
995.0 268985.0
996.0 269963.0
997.0 269274.0
998.0 270660.0
999.0 270631.0
1000.0 270418.0
