1.0 0.0
2.0 9.0
3.0 28.0
4.0 58.0
5.0 95.0
6.0 144.0
7.0 194.0
8.0 253.0
9.0 330.0
10.0 378.0
11.0 438.0
12.0 504.0
13.0 573.0
14.0 730.0
15.0 812.0
16.0 859.0
17.0 1010.0
18.0 1018.0
19.0 1165.0
20.0 1242.0
21.0 1340.0
22.0 1412.0
23.0 1521.0
24.0 1569.0
25.0 1641.0
26.0 1650.0
27.0 1643.0
28.0 1682.0
29.0 1751.0
30.0 1829.0
31.0 1931.0
32.0 2025.0
33.0 2139.0
34.0 2190.0
35.0 2272.0
36.0 2317.0
37.0 2335.0
38.0 2351.0
39.0 2331.0
40.0 2406.0
41.0 2481.0
42.0 2550.0
43.0 2631.0
44.0 2719.0
45.0 2794.0
46.0 2897.0
47.0 3000.0
48.0 3088.0
49.0 3189.0
50.0 3290.0
51.0 3412.0
52.0 3535.0
53.0 3638.0
54.0 3761.0
55.0 3883.0
56.0 4014.0
57.0 4174.0
58.0 4309.0
59.0 4418.0
60.0 4579.0
61.0 4717.0
62.0 4808.0
63.0 4969.0
64.0 5089.0
65.0 5251.0
66.0 5409.0
67.0 5511.0
68.0 5661.0
69.0 5803.0
70.0 5904.0
71.0 6039.0
72.0 6114.0
73.0 6246.0
74.0 6331.0
75.0 6424.0
76.0 6513.0
77.0 6637.0
78.0 6723.0
79.0 6872.0
80.0 7013.0
81.0 7140.0
82.0 7292.0
83.0 7447.0
84.0 7612.0
85.0 7781.0
86.0 7947.0
87.0 8152.0
88.0 8387.0
89.0 8482.0
90.0 8686.0
91.0 8921.0
92.0 9087.0
93.0 9270.0
94.0 9495.0
95.0 9749.0
96.0 10030.0
97.0 10174.0
98.0 10444.0
99.0 10641.0
100.0 10834.0
101.0 11157.0
102.0 11353.0
103.0 11593.0
104.0 11827.0
105.0 12090.0
106.0 12303.0
107.0 12556.0
108.0 12849.0
109.0 13063.0
110.0 13233.0
111.0 13587.0
112.0 13795.0
113.0 13946.0
114.0 14120.0
115.0 14368.0
116.0 14595.0
117.0 14653.0
118.0 14846.0
119.0 15058.0
120.0 15206.0
121.0 15446.0
122.0 15567.0
123.0 15782.0
124.0 16019.0
125.0 16187.0
126.0 16425.0
127.0 16660.0
128.0 16788.0
129.0 17001.0
130.0 17146.0
131.0 17388.0
132.0 17625.0
133.0 17766.0
134.0 17994.0
135.0 18165.0
136.0 18289.0
137.0 18640.0
138.0 18830.0
139.0 18962.0
140.0 19143.0
141.0 19403.0
142.0 19490.0
143.0 19707.0
144.0 19741.0
145.0 19928.0
146.0 20020.0
147.0 20354.0
148.0 20543.0
149.0 20745.0
150.0 21003.0
151.0 21251.0
152.0 21435.0
153.0 21670.0
154.0 22014.0
155.0 22087.0
156.0 22590.0
157.0 22850.0
158.0 23108.0
159.0 23482.0
160.0 23809.0
161.0 24088.0
162.0 24503.0
163.0 24752.0
164.0 25064.0
165.0 25363.0
166.0 25569.0
167.0 26046.0
168.0 26336.0
169.0 26738.0
170.0 27036.0
171.0 27389.0
172.0 27604.0
173.0 28162.0
174.0 28435.0
175.0 28797.0
176.0 29162.0
177.0 29509.0
178.0 29775.0
179.0 30187.0
180.0 30526.0
181.0 31062.0
182.0 31325.0
183.0 31730.0
184.0 31931.0
185.0 32357.0
186.0 32684.0
187.0 33265.0
188.0 33612.0
189.0 33916.0
190.0 34368.0
191.0 34747.0
192.0 35018.0
193.0 35450.0
194.0 35666.0
195.0 36385.0
196.0 36434.0
197.0 36990.0
198.0 36943.0
199.0 37575.0
200.0 37999.0
201.0 38378.0
202.0 38859.0
203.0 39064.0
204.0 39712.0
205.0 39981.0
206.0 40245.0
207.0 40376.0
208.0 40434.0
209.0 40955.0
210.0 41346.0
211.0 41769.0
212.0 41483.0
213.0 42009.0
214.0 42354.0
215.0 42570.0
216.0 42960.0
217.0 43157.0
218.0 43258.0
219.0 44025.0
220.0 44267.0
221.0 44292.0
222.0 44577.0
223.0 45108.0
224.0 45467.0
225.0 45755.0
226.0 46236.0
227.0 46581.0
228.0 47230.0
229.0 47198.0
230.0 47878.0
231.0 48453.0
232.0 48656.0
233.0 49085.0
234.0 49117.0
235.0 49808.0
236.0 50326.0
237.0 50778.0
238.0 51243.0
239.0 51188.0
240.0 51935.0
241.0 52181.0
242.0 52575.0
243.0 53504.0
244.0 53973.0
245.0 53837.0
246.0 54451.0
247.0 54728.0
248.0 55373.0
249.0 55753.0
250.0 56322.0
251.0 57253.0
252.0 57066.0
253.0 57810.0
254.0 58662.0
255.0 58777.0
256.0 59335.0
257.0 59773.0
258.0 60435.0
259.0 60767.0
260.0 61293.0
261.0 61685.0
262.0 62258.0
263.0 62638.0
264.0 62579.0
265.0 63487.0
266.0 64314.0
267.0 64591.0
268.0 65233.0
269.0 65872.0
270.0 66137.0
271.0 66519.0
272.0 66887.0
273.0 67817.0
274.0 68169.0
275.0 68739.0
276.0 69032.0
277.0 69757.0
278.0 70459.0
279.0 70951.0
280.0 71114.0
281.0 71386.0
282.0 71919.0
283.0 72494.0
284.0 72643.0
285.0 73453.0
286.0 73316.0
287.0 74307.0
288.0 74732.0
289.0 75120.0
290.0 75248.0
291.0 76273.0
292.0 76433.0
293.0 75694.0
294.0 77169.0
295.0 77994.0
296.0 77995.0
297.0 78382.0
298.0 78618.0
299.0 79368.0
300.0 79334.0
301.0 78890.0
302.0 80309.0
303.0 80144.0
304.0 80677.0
305.0 81600.0
306.0 81951.0
307.0 81371.0
308.0 81706.0
309.0 82636.0
310.0 82580.0
311.0 81845.0
312.0 82688.0
313.0 82993.0
314.0 84062.0
315.0 83807.0
316.0 84886.0
317.0 84457.0
318.0 84854.0
319.0 84387.0
320.0 85666.0
321.0 85355.0
322.0 85917.0
323.0 86149.0
324.0 88576.0
325.0 86592.0
326.0 87358.0
327.0 86564.0
328.0 87101.0
329.0 88455.0
330.0 88478.0
331.0 89469.0
332.0 89172.0
333.0 89352.0
334.0 88716.0
335.0 89786.0
336.0 90201.0
337.0 89071.0
338.0 90289.0
339.0 89670.0
340.0 90931.0
341.0 91505.0
342.0 90687.0
343.0 90766.0
344.0 91393.0
345.0 92186.0
346.0 92413.0
347.0 93888.0
348.0 92182.0
349.0 92084.0
350.0 93526.0
351.0 93082.0
352.0 93448.0
353.0 94168.0
354.0 94712.0
355.0 94962.0
356.0 94177.0
357.0 93412.0
358.0 95076.0
359.0 94315.0
360.0 95253.0
361.0 95041.0
362.0 96072.0
363.0 95044.0
364.0 95203.0
365.0 94176.0
366.0 95717.0
367.0 95022.0
368.0 96471.0
369.0 96262.0
370.0 96344.0
371.0 95619.0
372.0 93978.0
373.0 95272.0
374.0 96375.0
375.0 97286.0
376.0 96716.0
377.0 96347.0
378.0 95232.0
379.0 95731.0
380.0 97028.0
381.0 96023.0
382.0 95905.0
383.0 94513.0
384.0 95661.0
385.0 95847.0
386.0 95452.0
387.0 96626.0
388.0 96653.0
389.0 96788.0
390.0 96585.0
391.0 96563.0
392.0 96836.0
393.0 96516.0
394.0 95152.0
395.0 96228.0
396.0 96213.0
397.0 94311.0
398.0 95084.0
399.0 96180.0
400.0 97083.0
401.0 96720.0
402.0 96272.0
403.0 96442.0
404.0 96382.0
405.0 97141.0
406.0 96154.0
407.0 94690.0
408.0 95939.0
409.0 96856.0
410.0 96122.0
411.0 97408.0
412.0 98054.0
413.0 97218.0
414.0 98144.0
415.0 97762.0
416.0 97620.0
417.0 96672.0
418.0 96197.0
419.0 96174.0
420.0 97935.0
421.0 98626.0
422.0 97486.0
423.0 98864.0
424.0 97903.0
425.0 99440.0
426.0 99350.0
427.0 100443.0
428.0 97947.0
429.0 100814.0
430.0 98346.0
431.0 99657.0
432.0 101721.0
433.0 101265.0
434.0 101070.0
435.0 101792.0
436.0 100262.0
437.0 100874.0
438.0 100231.0
439.0 101602.0
440.0 102829.0
441.0 103644.0
442.0 101261.0
443.0 102779.0
444.0 103489.0
445.0 101917.0
446.0 104708.0
447.0 102816.0
448.0 105056.0
449.0 102994.0
450.0 102555.0
451.0 103953.0
452.0 104485.0
453.0 105187.0
454.0 106782.0
455.0 105392.0
456.0 104752.0
457.0 104150.0
458.0 105339.0
459.0 104603.0
460.0 106180.0
461.0 108785.0
462.0 105517.0
463.0 107319.0
464.0 106167.0
465.0 107533.0
466.0 107828.0
467.0 108760.0
468.0 108813.0
469.0 107957.0
470.0 108538.0
471.0 110371.0
472.0 107403.0
473.0 110271.0
474.0 109359.0
475.0 110926.0
476.0 111252.0
477.0 110819.0
478.0 113063.0
479.0 112008.0
480.0 112116.0
481.0 113209.0
482.0 113397.0
483.0 113213.0
484.0 113334.0
485.0 114896.0
486.0 115543.0
487.0 115562.0
488.0 115306.0
489.0 117115.0
490.0 118764.0
491.0 117008.0
492.0 118030.0
493.0 118955.0
494.0 117305.0
495.0 119454.0
496.0 120415.0
497.0 120809.0
498.0 120707.0
499.0 120958.0
500.0 122256.0
501.0 122758.0
502.0 122772.0
503.0 122789.0
504.0 123056.0
505.0 124831.0
506.0 126360.0
507.0 126594.0
508.0 125772.0
509.0 127823.0
510.0 127542.0
511.0 129690.0
512.0 128806.0
513.0 130923.0
514.0 129862.0
515.0 131403.0
516.0 131585.0
517.0 131510.0
518.0 133020.0
519.0 133981.0
520.0 134511.0
521.0 135765.0
522.0 137173.0
523.0 137323.0
524.0 136553.0
525.0 138444.0
526.0 137817.0
527.0 139296.0
528.0 140445.0
529.0 139665.0
530.0 140015.0
531.0 141064.0
532.0 143830.0
533.0 142983.0
534.0 143530.0
535.0 144946.0
536.0 144288.0
537.0 145117.0
538.0 145942.0
539.0 148115.0
540.0 146724.0
541.0 147373.0
542.0 150178.0
543.0 148830.0
544.0 151225.0
545.0 151719.0
546.0 152866.0
547.0 153534.0
548.0 154491.0
549.0 155186.0
550.0 156174.0
551.0 155579.0
552.0 157485.0
553.0 159040.0
554.0 159619.0
555.0 160719.0
556.0 161543.0
557.0 161173.0
558.0 163508.0
559.0 163887.0
560.0 164724.0
561.0 166041.0
562.0 166763.0
563.0 168380.0
564.0 168568.0
565.0 169073.0
566.0 171387.0
567.0 171833.0
568.0 173255.0
569.0 172678.0
570.0 174409.0
571.0 175689.0
572.0 176260.0
573.0 177573.0
574.0 179172.0
575.0 179920.0
576.0 181384.0
577.0 181715.0
578.0 183014.0
579.0 183795.0
580.0 184133.0
581.0 185693.0
582.0 186519.0
583.0 188254.0
584.0 188598.0
585.0 189571.0
586.0 191049.0
587.0 191631.0
588.0 192592.0
589.0 195145.0
590.0 196637.0
591.0 196892.0
592.0 196647.0
593.0 198606.0
594.0 199912.0
595.0 200159.0
596.0 202410.0
597.0 203565.0
598.0 203986.0
599.0 205069.0
600.0 206719.0
601.0 206910.0
602.0 209662.0
603.0 209989.0
604.0 211831.0
605.0 212515.0
606.0 213384.0
607.0 214974.0
608.0 216249.0
609.0 216816.0
610.0 218253.0
611.0 219988.0
612.0 220659.0
613.0 222541.0
614.0 223311.0
615.0 224294.0
616.0 226974.0
617.0 227497.0
618.0 229643.0
619.0 229874.0
620.0 231539.0
621.0 233783.0
622.0 234321.0
623.0 235764.0
624.0 237303.0
625.0 237839.0
626.0 240481.0
627.0 241801.0
628.0 243082.0
629.0 243950.0
630.0 245600.0
631.0 246278.0
632.0 249327.0
633.0 250217.0
634.0 251949.0
635.0 253041.0
636.0 254028.0
637.0 255845.0
638.0 257459.0
639.0 258557.0
640.0 259918.0
641.0 262180.0
642.0 263122.0
643.0 264047.0
644.0 265760.0
645.0 268004.0
646.0 269058.0
647.0 270927.0
648.0 272241.0
649.0 273622.0
650.0 275349.0
651.0 276276.0
652.0 277975.0
653.0 279921.0
654.0 280940.0
655.0 283156.0
656.0 284754.0
657.0 286002.0
658.0 288011.0
659.0 290052.0
660.0 291244.0
661.0 293598.0
662.0 294588.0
663.0 296908.0
664.0 298807.0
665.0 300614.0
666.0 302557.0
667.0 303976.0
668.0 306224.0
669.0 307631.0
670.0 308791.0
671.0 311334.0
672.0 311607.0
673.0 314564.0
674.0 317048.0
675.0 318147.0
676.0 321177.0
677.0 322630.0
678.0 324775.0
679.0 325747.0
680.0 326956.0
681.0 329629.0
682.0 330475.0
683.0 332325.0
684.0 334973.0
685.0 336645.0
686.0 338706.0
687.0 340435.0
688.0 341796.0
689.0 344401.0
690.0 346711.0
691.0 349423.0
692.0 349555.0
693.0 352930.0
694.0 353896.0
695.0 355229.0
696.0 359392.0
697.0 360348.0
698.0 362452.0
699.0 364208.0
700.0 366152.0
701.0 368169.0
702.0 369585.0
703.0 372446.0
704.0 373500.0
705.0 376208.0
706.0 379535.0
707.0 379875.0
708.0 383235.0
709.0 383495.0
710.0 389908.0
711.0 390137.0
712.0 391737.0
713.0 393875.0
714.0 395987.0
715.0 399795.0
716.0 400995.0
717.0 403515.0
718.0 405690.0
719.0 409040.0
720.0 409960.0
721.0 412213.0
722.0 414142.0
723.0 416430.0
724.0 418249.0
725.0 422123.0
726.0 423956.0
727.0 426439.0
728.0 427179.0
729.0 430579.0
730.0 433703.0
731.0 435675.0
732.0 439373.0
733.0 440798.0
734.0 444038.0
735.0 445203.0
736.0 447373.0
737.0 450204.0
738.0 453628.0
739.0 454583.0
740.0 457237.0
741.0 459220.0
742.0 462379.0
743.0 464485.0
744.0 467293.0
745.0 469529.0
746.0 472374.0
747.0 475332.0
748.0 479174.0
749.0 481530.0
750.0 482161.0
751.0 485844.0
752.0 489096.0
753.0 491183.0
754.0 496095.0
755.0 497259.0
756.0 498996.0
757.0 503059.0
758.0 504091.0
759.0 508894.0
760.0 510204.0
761.0 514691.0
762.0 516339.0
763.0 518989.0
764.0 522525.0
765.0 525451.0
766.0 528115.0
767.0 528450.0
768.0 535674.0
769.0 537224.0
770.0 539683.0
771.0 541104.0
772.0 546073.0
773.0 548884.0
774.0 551565.0
775.0 554470.0
776.0 555673.0
777.0 559485.0
778.0 563380.0
779.0 565369.0
780.0 570340.0
781.0 571832.0
782.0 576099.0
783.0 579921.0
784.0 581700.0
785.0 585255.0
786.0 587791.0
787.0 593208.0
788.0 593451.0
789.0 597562.0
790.0 600336.0
791.0 603773.0
792.0 605587.0
793.0 609952.0
794.0 612555.0
795.0 617424.0
796.0 620145.0
797.0 623294.0
798.0 627622.0
799.0 629555.0
800.0 632861.0
801.0 638515.0
802.0 641854.0
803.0 643006.0
804.0 646254.0
805.0 650512.0
806.0 654226.0
807.0 656413.0
808.0 660650.0
809.0 663646.0
810.0 668336.0
811.0 671239.0
812.0 673963.0
813.0 677834.0
814.0 680960.0
815.0 687224.0
816.0 689881.0
817.0 692428.0
818.0 698667.0
819.0 700851.0
820.0 702907.0
821.0 707167.0
822.0 711235.0
823.0 717071.0
824.0 721215.0
825.0 723597.0
826.0 728432.0
827.0 731173.0
828.0 734580.0
829.0 737509.0
830.0 742759.0
831.0 745961.0
832.0 750623.0
833.0 755054.0
834.0 758671.0
835.0 760913.0
836.0 767207.0
837.0 769347.0
838.0 775275.0
839.0 776839.0
840.0 782237.0
841.0 785586.0
842.0 791955.0
843.0 794440.0
844.0 797691.0
845.0 804504.0
846.0 807725.0
847.0 810529.0
848.0 814941.0
849.0 820819.0
850.0 824254.0
851.0 830092.0
852.0 834289.0
853.0 838097.0
854.0 840860.0
855.0 843838.0
856.0 849385.0
857.0 854777.0
858.0 861342.0
859.0 862223.0
860.0 867856.0
861.0 871669.0
862.0 874383.0
863.0 882664.0
864.0 887886.0
865.0 889050.0
866.0 896762.0
867.0 899035.0
868.0 905363.0
869.0 910858.0
870.0 914556.0
871.0 918771.0
872.0 924352.0
873.0 928698.0
874.0 934109.0
875.0 939527.0
876.0 941709.0
877.0 945697.0
878.0 954365.0
879.0 960075.0
880.0 960880.0
881.0 968426.0
882.0 972727.0
883.0 977389.0
884.0 984492.0
885.0 989394.0
886.0 993593.0
887.0 997934.0
888.0 1002947.0
889.0 1007969.0
890.0 1014214.0
891.0 1016187.0
892.0 1023761.0
893.0 1027225.0
894.0 1037221.0
895.0 1039099.0
896.0 1045308.0
897.0 1049231.0
898.0 1053070.0
899.0 1060425.0
900.0 1067000.0
901.0 1071443.0
902.0 1079786.0
903.0 1079525.0
904.0 1087392.0
905.0 1092575.0
906.0 1099139.0
907.0 1105212.0
908.0 1110515.0
909.0 1112808.0
910.0 1120457.0
911.0 1125291.0
912.0 1134269.0
913.0 1138560.0
914.0 1147835.0
915.0 1153452.0
916.0 1153434.0
917.0 1161036.0
918.0 1166195.0
919.0 1172758.0
920.0 1182398.0
921.0 1182623.0
922.0 1191831.0
923.0 1198192.0
924.0 1203978.0
925.0 1209619.0
926.0 1215787.0
927.0 1223787.0
928.0 1229134.0
929.0 1235478.0
930.0 1237414.0
931.0 1245157.0
932.0 1254198.0
933.0 1260550.0
934.0 1263761.0
935.0 1270095.0
936.0 1277364.0
937.0 1284292.0
938.0 1287592.0
939.0 1297313.0
940.0 1300110.0
941.0 1311555.0
942.0 1319782.0
943.0 1322922.0
944.0 1329340.0
945.0 1336666.0
946.0 1344016.0
947.0 1349158.0
948.0 1358246.0
949.0 1367150.0
950.0 1369411.0
951.0 1375952.0
952.0 1382578.0
953.0 1393462.0
954.0 1400144.0
955.0 1406752.0
956.0 1412411.0
957.0 1419682.0
958.0 1428170.0
959.0 1433701.0
960.0 1440956.0
961.0 1446282.0
962.0 1454350.0
963.0 1460999.0
964.0 1468378.0
965.0 1476768.0
966.0 1479872.0
967.0 1493022.0
968.0 1496975.0
969.0 1506233.0
970.0 1513717.0
971.0 1518113.0
972.0 1528627.0
973.0 1533271.0
974.0 1539352.0
975.0 1550286.0
976.0 1556329.0
977.0 1563937.0
978.0 1570968.0
979.0 1580050.0
980.0 1585552.0
981.0 1597067.0
982.0 1603593.0
983.0 1614880.0
984.0 1623275.0
985.0 1630636.0
986.0 1638172.0
987.0 1641908.0
988.0 1653661.0
989.0 1660116.0
990.0 1671750.0
991.0 1679593.0
992.0 1685034.0
993.0 1689963.0
994.0 1700025.0
995.0 1713684.0
996.0 1719095.0
997.0 1726330.0
998.0 1737982.0
999.0 1743292.0
1000.0 1754725.0
