1.0 0.0
2.0 0.017
3.0 0.12
4.0 0.215
5.0 0.3505
6.0 0.469
7.0 0.64
8.0 0.9015
9.0 1.0585
10.0 1.504
11.0 1.6415
12.0 1.964
13.0 2.3485
14.0 2.8035
15.0 3.1075
16.0 3.532
17.0 3.9185
18.0 4.582
19.0 5.0725
20.0 5.464
21.0 5.871
22.0 6.2695
23.0 6.6205
24.0 7.3895
25.0 7.8665
26.0 8.4515
27.0 8.6905
28.0 9.4815
29.0 9.7525
30.0 11.027
31.0 11.2655
32.0 11.299
33.0 12.144
34.0 13.149
35.0 13.4455
36.0 14.3505
37.0 14.4735
38.0 14.796
39.0 15.3145
40.0 15.6335
41.0 16.0755
42.0 16.647
43.0 17.66
44.0 17.3965
45.0 17.8735
46.0 18.0295
47.0 19.0225
48.0 19.384
49.0 18.992
50.0 20.256
51.0 19.708
52.0 19.8855
53.0 20.2595
54.0 20.5085
55.0 20.723
56.0 20.951
57.0 21.5485
58.0 22.29
59.0 21.577
60.0 22.131
61.0 22.31
62.0 22.605
63.0 23.32
64.0 23.6745
65.0 23.4095
66.0 23.737
67.0 23.693
68.0 23.9705
69.0 24.357
70.0 24.6365
71.0 24.8005
72.0 24.938
73.0 25.789
74.0 25.4225
75.0 25.5525
76.0 25.816
77.0 25.871
78.0 26.2585
79.0 26.52
80.0 26.4835
81.0 26.6715
82.0 27.016
83.0 27.0865
84.0 28.316
85.0 27.5305
86.0 27.9645
87.0 28.558
88.0 28.3965
89.0 28.6425
90.0 29.519
91.0 29.276
92.0 29.641
93.0 29.593
94.0 30.016
95.0 29.925
96.0 30.313
97.0 30.562
98.0 30.6095
99.0 30.781
100.0 32.724
101.0 31.1505
102.0 31.076
103.0 31.324
104.0 31.496
105.0 31.591
106.0 31.5495
107.0 31.9915
108.0 31.999
109.0 32.8535
110.0 32.442
111.0 32.6815
112.0 32.366
113.0 32.8015
114.0 32.745
115.0 32.997
116.0 33.0375
117.0 33.3065
118.0 33.0525
119.0 33.4575
120.0 33.457
121.0 33.3885
122.0 33.739
123.0 33.8675
124.0 34.1815
125.0 34.12
126.0 34.3095
127.0 34.4655
128.0 34.45
129.0 34.7485
130.0 35.712
131.0 34.907
132.0 35.045
133.0 34.878
134.0 35.412
135.0 35.236
136.0 36.435
137.0 35.5915
138.0 36.4395
139.0 35.835
140.0 36.1465
141.0 36.2915
142.0 36.513
143.0 36.9355
144.0 37.5235
145.0 37.2555
146.0 36.975
147.0 37.2795
148.0 37.4045
149.0 38.235
150.0 37.465
151.0 37.715
152.0 37.79
153.0 37.852
154.0 38.3155
155.0 38.407
156.0 38.3205
157.0 38.2055
158.0 38.99
159.0 38.6915
160.0 38.557
161.0 38.429
162.0 39.114
163.0 38.73
164.0 39.547
165.0 39.3215
166.0 38.962
167.0 39.1435
168.0 39.1045
169.0 39.1775
170.0 39.07
171.0 39.2755
172.0 39.647
173.0 39.654
174.0 39.615
175.0 39.956
176.0 39.657
177.0 40.211
178.0 40.117
179.0 40.902
180.0 40.293
181.0 40.5025
182.0 40.415
183.0 40.6915
184.0 40.8985
185.0 40.8365
186.0 40.9485
187.0 41.214
188.0 41.84
189.0 41.2445
190.0 41.403
191.0 41.359
192.0 42.825
193.0 41.8195
194.0 41.892
195.0 41.6895
196.0 41.8285
197.0 41.881
198.0 42.867
199.0 42.0745
200.0 42.055
201.0 42.245
202.0 43.038
203.0 42.726
204.0 43.521
205.0 43.1385
206.0 42.872
207.0 42.8295
208.0 42.765
209.0 44.267
210.0 42.872
211.0 43.1465
212.0 43.1295
213.0 43.306
214.0 43.316
215.0 43.5375
216.0 43.662
217.0 43.6835
218.0 43.7195
219.0 43.8905
220.0 44.079
221.0 44.949
222.0 44.047
223.0 44.1805
224.0 44.9915
225.0 44.4115
226.0 44.4705
227.0 44.4695
228.0 44.514
229.0 44.643
230.0 45.291
231.0 45.0525
232.0 45.038
233.0 45.045
234.0 44.8525
235.0 46.0625
236.0 45.1635
237.0 46.6975
238.0 45.4605
239.0 46.003
240.0 45.2335
241.0 46.1745
242.0 45.857
243.0 45.956
244.0 45.9395
245.0 45.9325
246.0 46.0015
247.0 46.7515
248.0 46.2045
249.0 46.17
250.0 46.689
251.0 46.193
252.0 46.4625
253.0 46.613
254.0 46.8465
255.0 46.667
256.0 47.445
257.0 46.603
258.0 47.382
259.0 47.411
260.0 47.234
261.0 47.4295
262.0 47.3075
263.0 47.3955
264.0 47.5075
265.0 47.5695
266.0 47.9875
267.0 47.436
268.0 47.5805
269.0 47.658
270.0 47.771
271.0 47.9215
272.0 49.4795
273.0 48.0945
274.0 48.3365
275.0 48.4525
276.0 48.636
277.0 48.513
278.0 48.8535
279.0 49.3235
280.0 48.4815
281.0 48.4055
282.0 48.6735
283.0 48.889
284.0 48.986
285.0 49.203
286.0 48.9255
287.0 49.005
288.0 49.1875
289.0 49.657
290.0 49.492
291.0 49.615
292.0 49.964
293.0 49.523
294.0 49.453
295.0 49.9355
296.0 49.8495
297.0 51.1415
298.0 49.855
299.0 50.7685
300.0 50.2845
301.0 50.219
302.0 50.8895
303.0 50.1985
304.0 50.8005
305.0 50.5005
306.0 50.758
307.0 51.1565
308.0 51.8675
309.0 50.8295
310.0 50.861
311.0 50.8195
312.0 50.886
313.0 50.977
314.0 51.3025
315.0 51.129
316.0 51.2085
317.0 51.1845
318.0 51.263
319.0 51.156
320.0 51.6175
321.0 52.1595
322.0 51.6505
323.0 51.681
324.0 52.2305
325.0 51.8485
326.0 51.9525
327.0 51.9375
328.0 52.0285
329.0 52.8575
330.0 52.118
331.0 52.576
332.0 53.024
333.0 52.386
334.0 52.5415
335.0 53.03
336.0 52.6785
337.0 52.7605
338.0 53.137
339.0 52.847
340.0 52.882
341.0 53.002
342.0 53.636
343.0 53.024
344.0 53.359
345.0 53.367
346.0 53.7045
347.0 53.823
348.0 53.4865
349.0 53.6455
350.0 53.574
351.0 53.939
352.0 54.6395
353.0 54.47
354.0 54.164
355.0 54.084
356.0 54.1155
357.0 54.887
358.0 55.1745
359.0 54.6145
360.0 54.522
361.0 54.5675
362.0 55.5555
363.0 55.242
364.0 54.8525
365.0 55.1995
366.0 54.913
367.0 55.182
368.0 55.6175
369.0 55.316
370.0 55.9245
371.0 55.513
372.0 55.6595
373.0 56.156
374.0 55.873
375.0 56.2795
376.0 55.5175
377.0 55.974
378.0 56.624
379.0 55.7685
380.0 56.05
381.0 56.781
382.0 56.1785
383.0 56.1895
384.0 56.4415
385.0 56.395
386.0 56.6405
387.0 56.736
388.0 56.9575
389.0 56.978
390.0 57.1655
391.0 57.031
392.0 57.0715
393.0 57.1815
394.0 57.191
395.0 57.162
396.0 57.478
397.0 58.624
398.0 57.303
399.0 57.564
400.0 57.774
401.0 58.441
402.0 57.8005
403.0 58.015
404.0 58.1265
405.0 58.0275
406.0 58.3815
407.0 58.1975
408.0 58.2995
409.0 58.4215
410.0 58.57
411.0 58.5865
412.0 58.8345
413.0 59.1925
414.0 58.7625
415.0 58.9525
416.0 59.031
417.0 59.1665
418.0 59.0015
419.0 59.3185
420.0 59.4135
421.0 59.1755
422.0 59.3965
423.0 59.5325
424.0 59.892
425.0 59.6855
426.0 60.0055
427.0 59.812
428.0 59.8995
429.0 60.356
430.0 60.9245
431.0 60.8535
432.0 60.435
433.0 60.428
434.0 60.664
435.0 60.4385
436.0 60.9395
437.0 60.925
438.0 61.0275
439.0 61.1035
440.0 61.082
441.0 61.371
442.0 62.3905
443.0 61.4315
444.0 61.7965
445.0 61.4645
446.0 61.573
447.0 61.813
448.0 61.864
449.0 62.354
450.0 62.104
451.0 62.1865
452.0 61.7815
453.0 62.607
454.0 62.7815
455.0 62.6605
456.0 62.4895
457.0 63.617
458.0 62.788
459.0 62.8985
460.0 62.912
461.0 63.348
462.0 63.3545
463.0 64.0485
464.0 63.467
465.0 63.2655
466.0 63.7155
467.0 64.5495
468.0 63.496
469.0 64.633
470.0 63.941
471.0 64.264
472.0 64.9205
473.0 64.386
474.0 65.7705
475.0 64.9995
476.0 64.7665
477.0 64.971
478.0 64.6905
479.0 64.813
480.0 65.0795
481.0 65.8205
482.0 65.4265
483.0 65.3035
484.0 65.0875
485.0 65.5355
486.0 65.546
487.0 66.614
488.0 65.5325
489.0 66.326
490.0 65.835
491.0 66.177
492.0 66.5075
493.0 66.3125
494.0 67.065
495.0 66.6435
496.0 67.0795
497.0 66.7005
498.0 66.8065
499.0 67.2155
500.0 66.9835
501.0 66.9445
502.0 67.222
503.0 67.6765
504.0 67.8435
505.0 68.2505
506.0 67.884
507.0 68.432
508.0 68.142
509.0 68.167
510.0 68.2405
511.0 68.2945
512.0 69.183
513.0 68.588
514.0 68.576
515.0 69.5485
516.0 69.0645
517.0 68.76
518.0 69.335
519.0 69.933
520.0 69.993
521.0 69.4775
522.0 69.799
523.0 70.251
524.0 70.2125
525.0 70.3785
526.0 70.336
527.0 70.3475
528.0 70.3315
529.0 71.0365
530.0 70.831
531.0 70.854
532.0 71.0795
533.0 71.0345
534.0 71.2455
535.0 71.506
536.0 71.6075
537.0 71.7975
538.0 71.543
539.0 71.735
540.0 71.8455
541.0 72.7685
542.0 72.1855
543.0 72.1665
544.0 73.696
545.0 72.524
546.0 72.6125
547.0 72.845
548.0 73.194
549.0 73.074
550.0 73.28
551.0 73.529
552.0 73.6295
553.0 73.582
554.0 74.323
555.0 74.59
556.0 73.987
557.0 74.2045
558.0 74.834
559.0 75.39
560.0 74.65
561.0 75.016
562.0 76.0255
563.0 75.3465
564.0 75.1205
565.0 75.475
566.0 75.738
567.0 75.4275
568.0 75.9585
569.0 76.556
570.0 75.692
571.0 77.2925
572.0 76.1885
573.0 76.6705
574.0 76.899
575.0 76.913
576.0 77.3125
577.0 77.0
578.0 77.487
579.0 78.3085
580.0 77.5475
581.0 77.668
582.0 79.8155
583.0 78.178
584.0 78.7815
585.0 78.215
586.0 78.516
587.0 79.1215
588.0 78.766
589.0 79.79
590.0 80.967
591.0 79.84
592.0 80.956
593.0 80.7385
594.0 79.4795
595.0 79.9855
596.0 80.127
597.0 80.948
598.0 80.5165
599.0 81.1895
600.0 80.7775
601.0 82.019
602.0 80.9665
603.0 81.7615
604.0 82.791
605.0 82.0825
606.0 83.127
607.0 83.552
608.0 83.079
609.0 83.031
610.0 83.501
611.0 84.525
612.0 85.0295
613.0 84.715
614.0 85.614
615.0 84.439
616.0 85.8745
617.0 86.5775
618.0 85.09
619.0 87.8085
620.0 86.225
621.0 86.4955
622.0 88.178
623.0 87.365
624.0 88.027
625.0 86.221
626.0 88.831
627.0 87.7915
628.0 89.693
629.0 90.8
630.0 89.5375
631.0 90.3605
632.0 90.829
633.0 90.157
634.0 89.511
635.0 91.3325
636.0 91.289
637.0 90.678
638.0 91.994
639.0 92.1585
640.0 92.2645
641.0 93.1085
642.0 95.4505
643.0 93.0295
644.0 96.4185
645.0 95.458
646.0 97.055
647.0 99.692
648.0 98.611
649.0 94.3225
650.0 96.18
651.0 94.737
652.0 96.2
653.0 97.4295
654.0 99.32
655.0 102.6455
656.0 97.3425
657.0 97.9015
658.0 99.7565
659.0 100.6425
660.0 97.76
661.0 97.9635
662.0 100.494
663.0 102.206
664.0 102.5735
665.0 105.453
666.0 100.479
667.0 104.68
668.0 103.019
669.0 108.4805
670.0 107.4255
671.0 108.5535
672.0 108.123
673.0 106.359
674.0 113.9665
675.0 106.944
676.0 113.342
677.0 114.9675
678.0 115.9955
679.0 121.352
680.0 111.296
681.0 115.939
682.0 118.423
683.0 116.465
684.0 120.1605
685.0 120.1675
686.0 117.7955
687.0 120.0435
688.0 116.5415
689.0 115.8435
690.0 122.5375
691.0 121.927
692.0 127.4545
693.0 129.014
694.0 124.8915
695.0 127.4975
696.0 124.302
697.0 132.6825
698.0 130.589
699.0 135.5345
700.0 132.6835
701.0 133.4225
702.0 132.8375
703.0 136.6275
704.0 133.9375
705.0 137.567
706.0 138.133
707.0 133.7515
708.0 133.6845
709.0 146.902
710.0 139.9
711.0 147.8155
712.0 145.698
713.0 144.938
714.0 145.9135
715.0 150.2865
716.0 143.5185
717.0 145.2665
718.0 157.838
719.0 143.693
720.0 146.6375
721.0 154.8345
722.0 149.871
723.0 154.4405
724.0 165.7085
725.0 155.2055
726.0 165.195
727.0 166.4965
728.0 165.9995
729.0 176.2735
730.0 163.5305
731.0 160.967
732.0 161.007
733.0 166.2445
734.0 174.623
735.0 172.579
736.0 177.55
737.0 182.311
738.0 175.5335
739.0 186.215
740.0 182.915
741.0 179.1105
742.0 188.5595
743.0 186.2235
744.0 189.894
745.0 193.3275
746.0 198.765
747.0 207.7685
748.0 194.9115
749.0 199.2755
750.0 205.2085
751.0 199.325
752.0 211.554
753.0 212.399
754.0 196.7885
755.0 199.5705
756.0 209.927
757.0 220.639
758.0 201.991
759.0 221.39
760.0 213.2435
761.0 216.9855
762.0 227.328
763.0 223.0675
764.0 227.786
765.0 220.498
766.0 232.4305
767.0 247.37
768.0 228.084
769.0 247.1745
770.0 230.2275
771.0 246.006
772.0 225.6415
773.0 243.643
774.0 248.226
775.0 253.0715
776.0 255.0905
777.0 262.7855
778.0 253.995
779.0 256.961
780.0 262.252
781.0 263.915
782.0 266.7985
783.0 262.148
784.0 277.3425
785.0 269.344
786.0 260.6745
787.0 274.36
788.0 281.5675
789.0 291.841
790.0 269.028
791.0 292.4475
792.0 279.3605
793.0 292.832
794.0 282.736
795.0 266.5285
796.0 293.5125
797.0 308.8805
798.0 292.3315
799.0 312.5455
800.0 315.1395
801.0 309.262
802.0 336.637
803.0 323.0915
804.0 337.005
805.0 308.235
806.0 333.9635
807.0 320.4815
808.0 337.3015
809.0 339.5815
810.0 332.518
811.0 344.9955
812.0 348.3635
813.0 326.116
814.0 346.0875
815.0 342.699
816.0 354.7705
817.0 357.5575
818.0 362.9635
819.0 363.621
820.0 349.644
821.0 350.3885
822.0 355.902
823.0 370.1155
824.0 368.097
825.0 359.2865
826.0 367.4475
827.0 384.2205
828.0 378.419
829.0 390.17
830.0 389.5265
831.0 394.932
832.0 397.949
833.0 395.322
834.0 396.904
835.0 388.616
836.0 402.858
837.0 399.7205
838.0 411.892
839.0 421.776
840.0 411.1295
841.0 414.3095
842.0 433.8375
843.0 441.708
844.0 419.286
845.0 422.9985
846.0 444.414
847.0 434.936
848.0 433.379
849.0 441.984
850.0 474.426
851.0 451.6745
852.0 451.825
853.0 448.4435
854.0 465.427
855.0 460.79
856.0 483.719
857.0 471.1215
858.0 459.438
859.0 478.2165
860.0 486.741
861.0 482.474
862.0 492.8
863.0 486.734
864.0 490.8605
865.0 484.372
866.0 491.78
867.0 501.83
868.0 507.832
869.0 506.984
870.0 509.0845
871.0 518.5275
872.0 514.5145
873.0 532.7835
874.0 507.346
875.0 529.9785
876.0 535.3065
877.0 531.029
878.0 544.1725
879.0 533.6995
880.0 533.272
881.0 526.1485
882.0 537.346
883.0 528.947
884.0 541.1685
885.0 567.7115
886.0 533.334
887.0 541.2665
888.0 564.9185
889.0 566.692
890.0 573.597
891.0 568.626
892.0 587.6165
893.0 576.516
894.0 565.01
895.0 605.6575
896.0 568.9485
897.0 577.265
898.0 586.9525
899.0 583.948
900.0 603.2715
901.0 615.3945
902.0 612.4015
903.0 612.52
904.0 624.248
905.0 625.0495
906.0 615.328
907.0 629.115
908.0 614.33
909.0 627.3575
910.0 628.414
911.0 638.9645
912.0 623.6765
913.0 647.563
914.0 618.784
915.0 645.601
916.0 662.307
917.0 644.524
918.0 661.6035
919.0 669.856
920.0 664.847
921.0 658.5755
922.0 656.793
923.0 663.087
924.0 657.3325
925.0 670.922
926.0 667.748
927.0 680.5895
928.0 672.8125
929.0 680.2155
930.0 676.7825
931.0 679.974
932.0 695.2545
933.0 683.588
934.0 694.833
935.0 701.158
936.0 709.251
937.0 718.504
938.0 713.976
939.0 739.3395
940.0 741.523
941.0 727.956
942.0 731.0635
943.0 700.3175
944.0 717.651
945.0 711.537
946.0 734.66
947.0 739.1485
948.0 758.105
949.0 748.737
950.0 747.4855
951.0 759.8915
952.0 756.2695
953.0 733.602
954.0 750.8035
955.0 769.173
956.0 762.134
957.0 761.172
958.0 778.017
959.0 777.557
960.0 795.336
961.0 764.1455
962.0 793.2335
963.0 795.642
964.0 761.5245
965.0 804.775
966.0 763.761
967.0 804.876
968.0 787.2245
969.0 789.832
970.0 781.2405
971.0 789.996
972.0 793.917
973.0 793.7275
974.0 777.872
975.0 822.8045
976.0 824.505
977.0 794.639
978.0 829.2525
979.0 823.368
980.0 809.452
981.0 837.934
982.0 832.265
983.0 824.36
984.0 842.268
985.0 837.0445
986.0 866.634
987.0 855.2445
988.0 864.9205
989.0 847.754
990.0 852.4875
991.0 849.134
992.0 861.5545
993.0 851.6965
994.0 861.4085
995.0 866.566
996.0 875.4005
997.0 873.645
998.0 872.1085
999.0 878.3435
1000.0 893.3055
