1.0 0.0
10.0 268.0
20.0 1013.0
30.0 1651.0
40.0 2072.0
50.0 2503.0
60.0 2801.0
70.0 3045.0
80.0 3351.0
90.0 3481.0
100.0 3745.0
110.0 3821.0
120.0 3996.0
130.0 4174.0
140.0 4327.0
150.0 4466.0
160.0 4633.0
170.0 4775.0
180.0 4927.0
190.0 5078.0
200.0 5245.0
210.0 5426.0
220.0 5596.0
230.0 5823.0
240.0 6044.0
250.0 6306.0
260.0 6622.0
270.0 7131.0
280.0 7978.0
290.0 9000.0
300.0 10369.0
310.0 13189.0
320.0 15760.0
330.0 20078.0
340.0 24239.0
350.0 26762.0
360.0 33943.0
370.0 39466.0
380.0 45304.0
390.0 51320.0
400.0 60820.0
410.0 64667.0
420.0 70518.0
430.0 74958.0
440.0 79874.0
450.0 87725.0
460.0 91992.0
470.0 94448.0
480.0 100363.0
490.0 101457.0
500.0 105175.0
510.0 109049.0
520.0 111233.0
530.0 114820.0
540.0 115509.0
550.0 117312.0
560.0 119499.0
570.0 121118.0
580.0 121483.0
590.0 121988.0
600.0 123699.0
610.0 124903.0
620.0 124100.0
630.0 125594.0
640.0 126796.0
650.0 126994.0
660.0 126719.0
670.0 127260.0
680.0 126983.0
690.0 127775.0
700.0 128183.0
710.0 128844.0
720.0 128481.0
730.0 128770.0
740.0 129041.0
750.0 129231.0
760.0 129155.0
770.0 129273.0
780.0 129204.0
790.0 129493.0
800.0 129341.0
810.0 129224.0
820.0 129390.0
830.0 129955.0
840.0 129854.0
850.0 129866.0
860.0 129966.0
870.0 130023.0
880.0 129976.0
890.0 130086.0
900.0 130065.0
910.0 130021.0
920.0 129989.0
930.0 130122.0
940.0 130258.0
950.0 130219.0
960.0 130219.0
970.0 130232.0
980.0 130115.0
990.0 130249.0
1000.0 130257.0
