1.0 0.0
2.0 0.052
3.0 0.174
4.0 0.3545
5.0 0.6425
6.0 0.966
7.0 1.227
8.0 1.5295
9.0 2.0955
10.0 2.484
11.0 3.1405
12.0 3.7575
13.0 4.441
14.0 5.412
15.0 5.85
16.0 6.673
17.0 7.85
18.0 8.678
19.0 9.101
20.0 10.033
21.0 11.277
22.0 11.5995
23.0 12.123
24.0 12.954
25.0 13.641
26.0 13.988
27.0 14.8205
28.0 15.1255
29.0 16.023
30.0 16.297
31.0 16.5605
32.0 17.136
33.0 17.571
34.0 18.1445
35.0 18.757
36.0 18.8865
37.0 20.62
38.0 19.931
39.0 20.6945
40.0 21.197
41.0 21.1175
42.0 21.436
43.0 22.0005
44.0 23.0415
45.0 22.92
46.0 23.9325
47.0 23.616
48.0 24.021
49.0 24.961
50.0 25.3765
51.0 25.069
52.0 25.355
53.0 25.7865
54.0 26.1025
55.0 26.37
56.0 26.5035
57.0 26.7445
58.0 27.0045
59.0 27.7635
60.0 27.412
61.0 27.881
62.0 28.0345
63.0 28.108
64.0 28.3055
65.0 28.561
66.0 29.1175
67.0 29.958
68.0 30.0105
69.0 29.8915
70.0 30.077
71.0 30.502
72.0 30.607
73.0 30.896
74.0 31.097
75.0 31.3445
76.0 31.6975
77.0 31.6955
78.0 32.0625
79.0 32.0155
80.0 33.1575
81.0 32.5725
82.0 33.4795
83.0 32.641
84.0 32.957
85.0 33.299
86.0 33.34
87.0 33.8125
88.0 33.7025
89.0 34.3575
90.0 34.508
91.0 35.0345
92.0 35.4145
93.0 34.8315
94.0 35.1745
95.0 35.377
96.0 35.315
97.0 35.4165
98.0 35.888
99.0 36.1315
100.0 36.2455
101.0 36.314
102.0 36.75
103.0 36.6885
104.0 36.632
105.0 36.9445
106.0 38.062
107.0 37.3665
108.0 37.9295
109.0 37.56
110.0 38.46
111.0 38.9395
112.0 38.4265
113.0 38.4075
114.0 38.876
115.0 39.402
116.0 38.797
117.0 39.8425
118.0 39.5275
119.0 40.1855
120.0 39.4535
121.0 39.6785
122.0 40.026
123.0 40.738
124.0 39.8595
125.0 39.844
126.0 40.5095
127.0 40.801
128.0 41.589
129.0 41.518
130.0 41.266
131.0 41.1695
132.0 41.454
133.0 41.516
134.0 41.6685
135.0 42.9875
136.0 42.0485
137.0 42.184
138.0 42.153
139.0 43.403
140.0 42.541
141.0 42.8275
142.0 42.9565
143.0 43.0425
144.0 43.4305
145.0 42.9075
146.0 43.436
147.0 43.5545
148.0 44.487
149.0 43.83
150.0 44.0285
151.0 43.934
152.0 44.197
153.0 44.216
154.0 44.9325
155.0 44.986
156.0 45.844
157.0 44.947
158.0 45.3435
159.0 45.359
160.0 45.7315
161.0 45.8585
162.0 45.8565
163.0 46.2145
164.0 46.1175
165.0 46.821
166.0 46.96
167.0 46.6725
168.0 46.7105
169.0 46.9855
170.0 46.843
171.0 47.0125
172.0 48.136
173.0 47.47
174.0 47.763
175.0 47.771
176.0 47.8425
177.0 48.6835
178.0 48.5835
179.0 48.7445
180.0 48.8655
181.0 48.7885
182.0 48.748
183.0 49.2325
184.0 50.1535
185.0 49.6425
186.0 49.9665
187.0 50.1125
188.0 50.023
189.0 50.166
190.0 50.9975
191.0 50.392
192.0 50.526
193.0 50.991
194.0 51.6845
195.0 51.475
196.0 51.308
197.0 51.3465
198.0 52.3715
199.0 53.0005
200.0 51.8495
201.0 52.009
202.0 52.3625
203.0 52.3265
204.0 52.8005
205.0 52.719
206.0 53.143
207.0 53.1175
208.0 53.387
209.0 53.6375
210.0 53.8755
211.0 54.5055
212.0 54.022
213.0 54.1345
214.0 55.0855
215.0 54.302
216.0 54.6465
217.0 54.978
218.0 55.2495
219.0 55.431
220.0 55.572
221.0 55.71
222.0 56.318
223.0 56.1995
224.0 56.315
225.0 56.509
226.0 57.4045
227.0 57.6225
228.0 57.1995
229.0 57.4375
230.0 57.4975
231.0 57.6345
232.0 57.949
233.0 58.6185
234.0 58.5185
235.0 58.64
236.0 59.1545
237.0 58.973
238.0 59.285
239.0 59.3385
240.0 62.0125
241.0 59.935
242.0 60.2885
243.0 60.5865
244.0 60.5885
245.0 61.472
246.0 61.0015
247.0 61.5615
248.0 62.089
249.0 62.236
250.0 63.7945
251.0 62.3185
252.0 63.8675
253.0 63.6825
254.0 63.4285
255.0 64.35
256.0 64.3085
257.0 65.7595
258.0 65.169
259.0 65.598
260.0 67.646
261.0 65.454
262.0 65.6885
263.0 67.9305
264.0 68.62
265.0 67.9805
266.0 69.5595
267.0 67.09
268.0 71.183
269.0 73.2035
270.0 73.958
271.0 73.774
272.0 73.905
273.0 73.4645
274.0 72.5885
275.0 73.059
276.0 73.9215
277.0 73.6865
278.0 77.997
279.0 80.531
280.0 77.0525
281.0 81.4335
282.0 78.0045
283.0 85.823
284.0 81.914
285.0 85.4675
286.0 85.0275
287.0 83.148
288.0 90.44
289.0 87.075
290.0 91.975
291.0 92.3345
292.0 96.814
293.0 100.6295
294.0 102.5935
295.0 89.9615
296.0 99.9255
297.0 93.232
298.0 100.1505
299.0 108.74
300.0 107.4485
301.0 112.8925
302.0 103.614
303.0 112.7105
304.0 124.2535
305.0 119.6015
306.0 114.816
307.0 119.446
308.0 125.778
309.0 120.6005
310.0 123.5535
311.0 128.0035
312.0 129.126
313.0 139.167
314.0 135.895
315.0 142.4215
316.0 138.8295
317.0 136.31
318.0 152.625
319.0 144.715
320.0 164.851
321.0 163.948
322.0 164.4835
323.0 166.0875
324.0 174.1185
325.0 189.2225
326.0 182.613
327.0 170.5715
328.0 211.815
329.0 198.365
330.0 182.785
331.0 209.3405
332.0 205.992
333.0 204.0335
334.0 218.814
335.0 196.109
336.0 220.4425
337.0 228.193
338.0 221.523
339.0 238.164
340.0 232.183
341.0 235.9785
342.0 237.2805
343.0 246.5615
344.0 245.788
345.0 273.01
346.0 256.086
347.0 259.342
348.0 258.7865
349.0 283.5795
350.0 294.595
351.0 278.969
352.0 293.9665
353.0 307.325
354.0 304.164
355.0 302.056
356.0 319.739
357.0 316.84
358.0 320.493
359.0 355.184
360.0 327.433
361.0 338.5745
362.0 342.446
363.0 354.671
364.0 382.91
365.0 360.59
366.0 359.637
367.0 375.126
368.0 396.819
369.0 389.5685
370.0 405.561
371.0 403.545
372.0 415.1445
373.0 413.6145
374.0 429.9175
375.0 428.209
376.0 420.1995
377.0 454.188
378.0 427.453
379.0 458.9065
380.0 457.3425
381.0 462.255
382.0 454.7295
383.0 473.241
384.0 477.6495
385.0 469.7535
386.0 497.914
387.0 521.1625
388.0 499.757
389.0 507.057
390.0 551.533
391.0 513.796
392.0 530.427
393.0 540.867
394.0 538.9705
395.0 541.3015
396.0 522.956
397.0 557.8245
398.0 569.412
399.0 578.82
400.0 584.395
401.0 577.477
402.0 586.5235
403.0 571.7205
404.0 609.5325
405.0 619.9375
406.0 613.356
407.0 644.4285
408.0 621.095
409.0 618.526
410.0 633.8125
411.0 639.7985
412.0 632.4305
413.0 635.948
414.0 664.8755
415.0 658.4155
416.0 671.9505
417.0 678.6965
418.0 654.634
419.0 720.2155
420.0 702.684
421.0 704.8425
422.0 714.473
423.0 715.501
424.0 706.3065
425.0 729.1905
426.0 718.311
427.0 747.1385
428.0 745.1375
429.0 759.5805
430.0 756.94
431.0 777.84
432.0 747.819
433.0 772.23
434.0 799.1315
435.0 775.295
436.0 785.898
437.0 783.8935
438.0 797.6765
439.0 809.0665
440.0 797.6865
441.0 785.966
442.0 823.083
443.0 849.0615
444.0 809.445
445.0 861.0225
446.0 833.878
447.0 828.022
448.0 851.2005
449.0 856.7905
450.0 850.529
451.0 868.7555
452.0 863.069
453.0 889.3895
454.0 877.3295
455.0 885.7555
456.0 881.4245
457.0 893.211
458.0 916.391
459.0 892.7175
460.0 904.363
461.0 893.049
462.0 928.7095
463.0 918.3485
464.0 928.9205
465.0 928.0995
466.0 947.6035
467.0 925.43
468.0 946.621
469.0 932.931
470.0 950.4285
471.0 940.527
472.0 951.806
473.0 953.3755
474.0 945.6805
475.0 957.122
476.0 977.783
477.0 942.341
478.0 968.534
479.0 995.5675
480.0 983.7745
481.0 975.4515
482.0 988.889
483.0 991.111
484.0 1001.7225
485.0 999.694
486.0 1008.507
487.0 995.3825
488.0 1016.465
489.0 1004.1795
490.0 1023.618
491.0 1031.763
492.0 1018.853
493.0 1023.5345
494.0 1032.207
495.0 1038.697
496.0 1052.297
497.0 1031.0375
498.0 1051.047
499.0 1049.462
500.0 1036.558
501.0 1053.167
502.0 1059.429
503.0 1063.409
504.0 1065.9015
505.0 1047.0725
506.0 1078.09
507.0 1079.9845
508.0 1073.0165
509.0 1075.657
510.0 1072.9415
511.0 1090.1025
512.0 1078.9175
513.0 1088.377
514.0 1082.3045
515.0 1100.0305
516.0 1092.3165
517.0 1078.235
518.0 1118.3065
519.0 1097.788
520.0 1114.448
521.0 1092.346
522.0 1095.262
523.0 1108.798
524.0 1131.321
525.0 1120.4195
526.0 1124.7775
527.0 1115.238
528.0 1132.3265
529.0 1113.278
530.0 1123.885
531.0 1125.171
532.0 1126.1535
533.0 1136.0665
534.0 1131.1765
535.0 1129.6095
536.0 1135.516
537.0 1136.127
538.0 1130.4815
539.0 1143.688
540.0 1136.6105
541.0 1154.5705
542.0 1147.7435
543.0 1141.9355
544.0 1135.0435
545.0 1146.713
546.0 1139.166
547.0 1171.767
548.0 1168.8775
549.0 1160.961
550.0 1161.6335
551.0 1152.9045
552.0 1160.783
553.0 1180.8945
554.0 1160.3135
555.0 1163.859
556.0 1163.117
557.0 1169.3315
558.0 1171.2405
559.0 1183.521
560.0 1177.4995
561.0 1176.98
562.0 1181.634
563.0 1193.978
564.0 1187.159
565.0 1187.6665
566.0 1186.889
567.0 1183.825
568.0 1188.8695
569.0 1190.844
570.0 1203.857
571.0 1185.967
572.0 1188.7885
573.0 1193.5305
574.0 1188.1505
575.0 1196.67
576.0 1198.7995
577.0 1203.0985
578.0 1195.286
579.0 1194.0985
580.0 1201.876
581.0 1205.495
582.0 1201.875
583.0 1193.633
584.0 1184.66
585.0 1215.15
586.0 1210.743
587.0 1214.8775
588.0 1213.577
589.0 1199.661
590.0 1207.153
591.0 1200.3885
592.0 1212.264
593.0 1214.4375
594.0 1212.725
595.0 1205.027
596.0 1218.7465
597.0 1222.3775
598.0 1224.271
599.0 1218.296
600.0 1224.671
601.0 1230.2205
602.0 1226.276
603.0 1231.1505
604.0 1224.6185
605.0 1223.34
606.0 1225.5875
607.0 1229.948
608.0 1232.769
609.0 1237.445
610.0 1233.7075
611.0 1231.581
612.0 1229.631
613.0 1236.777
614.0 1232.1925
615.0 1239.4515
616.0 1234.1935
617.0 1235.4665
618.0 1232.996
619.0 1236.8705
620.0 1234.8825
621.0 1231.0485
622.0 1240.008
623.0 1239.0015
624.0 1238.211
625.0 1240.045
626.0 1242.1885
627.0 1243.749
628.0 1240.9855
629.0 1243.211
630.0 1234.8075
631.0 1236.5
632.0 1241.8875
633.0 1251.071
634.0 1244.575
635.0 1240.3555
636.0 1238.4915
637.0 1250.8795
638.0 1249.7145
639.0 1254.1125
640.0 1261.6735
641.0 1253.373
642.0 1244.7555
643.0 1251.86
644.0 1247.192
645.0 1252.177
646.0 1256.6495
647.0 1254.645
648.0 1253.608
649.0 1255.361
650.0 1256.614
651.0 1262.7525
652.0 1257.137
653.0 1249.152
654.0 1251.923
655.0 1254.3065
656.0 1257.8375
657.0 1252.194
658.0 1258.131
659.0 1262.226
660.0 1258.5015
661.0 1266.152
662.0 1260.5915
663.0 1256.6185
664.0 1258.5705
665.0 1267.324
666.0 1266.125
667.0 1264.0185
668.0 1261.9905
669.0 1264.6075
670.0 1260.4935
671.0 1263.3435
672.0 1264.0435
673.0 1266.419
674.0 1258.8795
675.0 1260.3915
676.0 1261.3935
677.0 1263.4025
678.0 1258.6895
679.0 1264.957
680.0 1263.511
681.0 1264.2745
682.0 1269.866
683.0 1269.0505
684.0 1263.317
685.0 1263.803
686.0 1263.2215
687.0 1267.3555
688.0 1265.4725
689.0 1265.499
690.0 1265.4575
691.0 1267.0105
692.0 1268.748
693.0 1262.206
694.0 1267.04
695.0 1270.386
696.0 1262.2925
697.0 1271.8605
698.0 1267.371
699.0 1269.3855
700.0 1271.5135
701.0 1266.8765
702.0 1269.5355
703.0 1268.7355
704.0 1267.738
705.0 1270.932
706.0 1269.4355
707.0 1271.113
708.0 1273.59
709.0 1276.629
710.0 1277.566
711.0 1264.9895
712.0 1272.3385
713.0 1272.4855
714.0 1273.2855
715.0 1272.233
716.0 1267.3065
717.0 1272.0015
718.0 1275.2705
719.0 1274.393
720.0 1273.8465
721.0 1273.7685
722.0 1278.48
723.0 1270.9515
724.0 1269.71
725.0 1275.482
726.0 1273.1455
727.0 1276.19
728.0 1276.6815
729.0 1275.6355
730.0 1273.3815
731.0 1274.8445
732.0 1276.7735
733.0 1274.004
734.0 1275.154
735.0 1276.0625
736.0 1276.3985
737.0 1275.3165
738.0 1278.6445
739.0 1276.387
740.0 1276.4695
741.0 1278.494
742.0 1276.0125
743.0 1274.6155
744.0 1272.6615
745.0 1278.3665
746.0 1273.93
747.0 1279.9225
748.0 1278.9915
749.0 1277.4425
750.0 1272.9725
751.0 1279.535
752.0 1281.9865
753.0 1279.8415
754.0 1280.3465
755.0 1280.674
756.0 1280.236
757.0 1279.828
758.0 1275.6735
759.0 1280.4015
760.0 1279.161
761.0 1282.194
762.0 1281.465
763.0 1277.5715
764.0 1280.333
765.0 1280.3875
766.0 1280.074
767.0 1279.486
768.0 1276.379
769.0 1279.885
770.0 1280.7955
771.0 1281.101
772.0 1281.7215
773.0 1279.9425
774.0 1278.731
775.0 1280.046
776.0 1282.899
777.0 1281.9125
778.0 1281.786
779.0 1279.646
780.0 1284.161
781.0 1281.9895
782.0 1280.7435
783.0 1284.3565
784.0 1281.3505
785.0 1279.6315
786.0 1284.963
787.0 1280.805
788.0 1278.028
789.0 1283.6625
790.0 1282.558
791.0 1281.215
792.0 1283.3445
793.0 1282.2745
794.0 1282.7835
795.0 1281.717
796.0 1283.902
797.0 1278.411
798.0 1283.7075
799.0 1282.024
800.0 1280.934
801.0 1279.975
802.0 1282.65
803.0 1279.4915
804.0 1284.1125
805.0 1284.122
806.0 1281.924
807.0 1283.375
808.0 1283.2235
809.0 1282.9475
810.0 1281.749
811.0 1284.233
812.0 1283.313
813.0 1283.267
814.0 1283.9785
815.0 1281.63
816.0 1281.9205
817.0 1285.118
818.0 1285.1035
819.0 1285.1485
820.0 1282.665
821.0 1284.0825
822.0 1283.5145
823.0 1284.3435
824.0 1283.6095
825.0 1284.8225
826.0 1283.25
827.0 1283.683
828.0 1286.053
829.0 1285.4665
830.0 1283.617
831.0 1284.8235
832.0 1283.79
833.0 1285.299
834.0 1285.5695
835.0 1285.1305
836.0 1285.2435
837.0 1287.007
838.0 1285.3015
839.0 1284.659
840.0 1283.0655
841.0 1282.9075
842.0 1286.3645
843.0 1286.46
844.0 1285.8895
845.0 1286.661
846.0 1286.444
847.0 1286.157
848.0 1286.3625
849.0 1286.6155
850.0 1286.042
851.0 1285.6535
852.0 1286.0155
853.0 1285.275
854.0 1286.136
855.0 1286.931
856.0 1286.3885
857.0 1287.373
858.0 1287.6615
859.0 1287.6835
860.0 1284.3795
861.0 1286.7045
862.0 1287.0105
863.0 1286.5515
864.0 1286.765
865.0 1287.073
866.0 1287.242
867.0 1286.066
868.0 1286.4
869.0 1284.8145
870.0 1287.354
871.0 1287.632
872.0 1285.744
873.0 1286.609
874.0 1285.5315
875.0 1287.8
876.0 1286.728
877.0 1286.799
878.0 1286.7185
879.0 1285.941
880.0 1286.506
881.0 1287.4965
882.0 1288.227
883.0 1287.502
884.0 1286.808
885.0 1286.564
886.0 1288.614
887.0 1286.1995
888.0 1286.126
889.0 1288.187
890.0 1286.5985
891.0 1287.433
892.0 1287.217
893.0 1286.887
894.0 1287.6765
895.0 1287.137
896.0 1287.5635
897.0 1287.751
898.0 1287.083
899.0 1287.506
900.0 1287.79
901.0 1288.216
902.0 1287.767
903.0 1287.1645
904.0 1288.6375
905.0 1286.7715
906.0 1288.098
907.0 1287.0685
908.0 1287.785
909.0 1286.9985
910.0 1287.3515
911.0 1286.0495
912.0 1287.2515
913.0 1287.413
914.0 1288.241
915.0 1288.6075
916.0 1287.656
917.0 1288.6305
918.0 1288.4755
919.0 1288.532
920.0 1287.9895
921.0 1288.634
922.0 1287.973
923.0 1288.4255
924.0 1287.7605
925.0 1288.4785
926.0 1287.1185
927.0 1289.0095
928.0 1287.2245
929.0 1287.5585
930.0 1288.218
931.0 1287.431
932.0 1288.871
933.0 1287.8185
934.0 1288.819
935.0 1288.6175
936.0 1288.9115
937.0 1288.903
938.0 1288.389
939.0 1288.3365
940.0 1289.075
941.0 1288.223
942.0 1288.442
943.0 1288.964
944.0 1289.6735
945.0 1287.843
946.0 1289.4625
947.0 1288.812
948.0 1287.6505
949.0 1288.8135
950.0 1288.4755
951.0 1287.7565
952.0 1288.9905
953.0 1288.917
954.0 1289.5875
955.0 1289.1965
956.0 1287.478
957.0 1288.6315
958.0 1289.5975
959.0 1288.4805
960.0 1290.023
961.0 1289.11
962.0 1289.2195
963.0 1289.0265
964.0 1288.921
965.0 1288.9495
966.0 1289.103
967.0 1288.6335
968.0 1288.548
969.0 1289.184
970.0 1289.456
971.0 1289.4585
972.0 1288.7165
973.0 1290.644
974.0 1288.6535
975.0 1288.737
976.0 1288.8175
977.0 1289.424
978.0 1288.6745
979.0 1289.42
980.0 1289.528
981.0 1289.381
982.0 1289.452
983.0 1289.442
984.0 1288.8955
985.0 1289.314
986.0 1289.249
987.0 1288.7995
988.0 1290.667
989.0 1289.064
990.0 1289.906
991.0 1289.334
992.0 1289.5515
993.0 1288.838
994.0 1289.596
995.0 1289.0285
996.0 1289.499
997.0 1289.654
998.0 1288.938
999.0 1289.786
1000.0 1289.531
